0.0050 0.00000000 0.0000e+00
0.0100 0.00000000 0.0000e+00
0.0150 0.00000000 0.0000e+00
0.0200 0.00000000 0.0000e+00
0.0250 0.00000000 0.0000e+00
0.0300 0.00000000 0.0000e+00
0.0350 0.00000000 0.0000e+00
0.0400 0.00000000 0.0000e+00
0.0450 0.00000000 0.0000e+00
0.0500 0.00000000 0.0000e+00
0.0550 0.00000000 0.0000e+00
0.0600 0.00000000 0.0000e+00
0.0650 0.00000000 0.0000e+00
0.0700 0.00000000 0.0000e+00
0.0750 0.00000000 0.0000e+00
0.0800 0.00000000 0.0000e+00
0.0850 0.00000000 0.0000e+00
0.0900 0.00000000 0.0000e+00
0.0950 0.00000000 0.0000e+00
0.1000 0.00000000 0.0000e+00
0.1050 0.00000000 0.0000e+00
0.1100 0.00000000 0.0000e+00
0.1150 0.00000000 0.0000e+00
0.1200 0.00000000 0.0000e+00
0.1250 0.00000000 0.0000e+00
0.1300 0.00000000 0.0000e+00
0.1350 0.00000000 0.0000e+00
0.1400 0.00000000 0.0000e+00
0.1450 0.00000000 0.0000e+00
0.1500 0.00000000 0.0000e+00
0.1550 0.00000000 0.0000e+00
0.1600 0.00000000 0.0000e+00
0.1650 0.00000000 0.0000e+00
0.1700 0.00000000 0.0000e+00
0.1750 0.00000000 0.0000e+00
0.1800 0.00000000 0.0000e+00
0.1850 0.00000000 0.0000e+00
0.1900 0.00000000 0.0000e+00
0.1950 0.00000000 0.0000e+00
0.2000 0.00000000 0.0000e+00
0.2050 0.00000000 0.0000e+00
0.2100 0.00000000 0.0000e+00
0.2150 0.00000000 0.0000e+00
0.2200 0.00000000 0.0000e+00
0.2250 0.00000000 0.0000e+00
0.2300 0.00000000 0.0000e+00
0.2350 0.00000000 0.0000e+00
0.2400 0.00000000 0.0000e+00
0.2450 0.00000000 0.0000e+00
0.2500 0.00000000 0.0000e+00
0.2550 0.00000000 0.0000e+00
0.2600 0.00000000 0.0000e+00
0.2650 0.00000000 0.0000e+00
0.2700 0.00000000 0.0000e+00
0.2750 0.00000000 0.0000e+00
0.2800 0.00000000 0.0000e+00
0.2850 0.00000000 0.0000e+00
0.2900 0.00000000 0.0000e+00
0.2950 0.00000000 0.0000e+00
0.3000 0.00000000 0.0000e+00
0.3050 0.00000000 0.0000e+00
0.3100 0.00000000 0.0000e+00
0.3150 0.00000000 0.0000e+00
0.3200 0.00000000 0.0000e+00
0.3250 0.00000000 0.0000e+00
0.3300 0.00000000 0.0000e+00
0.3350 0.00000000 0.0000e+00
0.3400 0.00000000 0.0000e+00
0.3450 0.00000000 0.0000e+00
0.3500 0.00000000 0.0000e+00
0.3550 0.00000000 0.0000e+00
0.3600 0.00000000 0.0000e+00
0.3650 0.00000000 0.0000e+00
0.3700 0.00000000 0.0000e+00
0.3750 0.00000000 0.0000e+00
0.3800 0.00000000 0.0000e+00
0.3850 0.00000000 0.0000e+00
0.3900 0.00000000 0.0000e+00
0.3950 0.00000000 0.0000e+00
0.4000 0.00000000 0.0000e+00
0.4050 0.00000000 0.0000e+00
0.4100 0.00000000 0.0000e+00
0.4150 0.00000000 0.0000e+00
0.4200 0.00000000 0.0000e+00
0.4250 0.00000000 0.0000e+00
0.4300 0.00000000 0.0000e+00
0.4350 0.00000000 0.0000e+00
0.4400 0.00000000 0.0000e+00
0.4450 0.00000000 0.0000e+00
0.4500 0.00000000 0.0000e+00
0.4550 0.00000000 0.0000e+00
0.4600 0.00000000 0.0000e+00
0.4650 0.00000000 0.0000e+00
0.4700 0.00000000 0.0000e+00
0.4750 0.00000000 0.0000e+00
0.4800 0.00000000 0.0000e+00
0.4850 0.00000000 0.0000e+00
0.4900 0.00000000 0.0000e+00
0.4950 0.00000000 0.0000e+00
0.5000 0.00000000 0.0000e+00
0.5050 0.00000000 0.0000e+00
0.5100 0.00000000 0.0000e+00
0.5150 0.00000000 0.0000e+00
0.5200 0.00000000 0.0000e+00
0.5250 0.00000000 0.0000e+00
0.5300 0.00000000 0.0000e+00
0.5350 0.00000000 0.0000e+00
0.5400 0.00000000 0.0000e+00
0.5450 0.00000000 0.0000e+00
0.5500 0.00000000 0.0000e+00
0.5550 0.00000000 0.0000e+00
0.5600 0.00000000 0.0000e+00
0.5650 0.00000000 0.0000e+00
0.5700 0.00000000 0.0000e+00
0.5750 0.00000000 0.0000e+00
0.5800 0.00000000 0.0000e+00
0.5850 0.00000000 0.0000e+00
0.5900 0.00000000 0.0000e+00
0.5950 0.00000000 0.0000e+00
0.6000 0.00000000 0.0000e+00
0.6050 0.00000000 0.0000e+00
0.6100 0.00000000 0.0000e+00
0.6150 0.00000000 0.0000e+00
0.6200 0.00000000 0.0000e+00
0.6250 0.00000000 0.0000e+00
0.6300 0.00000000 0.0000e+00
0.6350 0.00000000 0.0000e+00
0.6400 0.00000000 0.0000e+00
0.6450 0.00000000 0.0000e+00
0.6500 0.00000000 0.0000e+00
0.6550 0.00000000 0.0000e+00
0.6600 0.00000000 0.0000e+00
0.6650 0.00000000 0.0000e+00
0.6700 0.00000000 0.0000e+00
0.6750 0.00000000 0.0000e+00
0.6800 0.00000000 0.0000e+00
0.6850 0.00000000 0.0000e+00
0.6900 0.00000000 0.0000e+00
0.6950 0.00000000 0.0000e+00
0.7000 0.00000000 0.0000e+00
0.7050 0.00000000 0.0000e+00
0.7100 0.00000000 0.0000e+00
0.7150 0.00000000 0.0000e+00
0.7200 0.00000000 0.0000e+00
0.7250 0.00000000 0.0000e+00
0.7300 0.00000000 0.0000e+00
0.7350 0.00000000 0.0000e+00
0.7400 0.00000000 0.0000e+00
0.7450 0.00000000 0.0000e+00
0.7500 0.00000000 0.0000e+00
0.7550 0.00000000 0.0000e+00
0.7600 0.00000000 0.0000e+00
0.7650 0.00000000 0.0000e+00
0.7700 0.00000000 0.0000e+00
0.7750 0.00000000 0.0000e+00
0.7800 0.00000000 0.0000e+00
0.7850 0.00000000 0.0000e+00
0.7900 0.00000000 0.0000e+00
0.7950 0.00000000 0.0000e+00
0.8000 0.00000000 0.0000e+00
0.8050 0.00000000 0.0000e+00
0.8100 0.00000000 0.0000e+00
0.8150 0.00000000 0.0000e+00
0.8200 0.00000000 0.0000e+00
0.8250 0.00000000 0.0000e+00
0.8300 0.00000000 0.0000e+00
0.8350 0.00000000 0.0000e+00
0.8400 0.00000000 0.0000e+00
0.8450 0.00000000 0.0000e+00
0.8500 0.00000000 0.0000e+00
0.8550 0.00000000 0.0000e+00
0.8600 0.00000000 0.0000e+00
0.8650 0.00000000 0.0000e+00
0.8700 0.00000000 0.0000e+00
0.8750 0.00000000 0.0000e+00
0.8800 0.00000000 0.0000e+00
0.8850 0.00000000 0.0000e+00
0.8900 0.00000000 0.0000e+00
0.8950 0.00000000 0.0000e+00
0.9000 0.00000000 0.0000e+00
0.9050 0.00000000 0.0000e+00
0.9100 0.00000000 0.0000e+00
0.9150 0.00000000 0.0000e+00
0.9200 0.00000000 0.0000e+00
0.9250 0.00000000 0.0000e+00
0.9300 0.00000000 0.0000e+00
0.9350 0.00000000 0.0000e+00
0.9400 0.00000000 0.0000e+00
0.9450 0.00000000 0.0000e+00
0.9500 0.00000000 0.0000e+00
0.9550 0.00000000 0.0000e+00
0.9600 0.00000000 0.0000e+00
0.9650 0.00000000 0.0000e+00
0.9700 0.00000000 0.0000e+00
0.9750 0.00000000 0.0000e+00
0.9800 0.00000000 0.0000e+00
0.9850 0.00000000 0.0000e+00
0.9900 0.00000000 0.0000e+00
0.9950 0.00000000 0.0000e+00
1.0000 0.00000000 0.0000e+00
1.0050 0.00000000 0.0000e+00
1.0100 0.00000000 0.0000e+00
1.0150 0.00000000 0.0000e+00
1.0200 0.00000000 0.0000e+00
1.0250 0.00000000 0.0000e+00
1.0300 0.00000000 0.0000e+00
1.0350 0.00000000 0.0000e+00
1.0400 0.00000000 0.0000e+00
1.0450 0.00000000 0.0000e+00
1.0500 0.00000000 0.0000e+00
1.0550 0.00000000 0.0000e+00
1.0600 0.00000000 0.0000e+00
1.0650 0.00000000 0.0000e+00
1.0700 0.00000000 0.0000e+00
1.0750 0.00000000 0.0000e+00
1.0800 0.00000000 0.0000e+00
1.0850 0.00000000 0.0000e+00
1.0900 0.00000000 0.0000e+00
1.0950 0.00000000 0.0000e+00
1.1000 0.00000000 0.0000e+00
1.1050 0.00000000 0.0000e+00
1.1100 0.00000000 0.0000e+00
1.1150 0.00000000 0.0000e+00
1.1200 0.00000000 0.0000e+00
1.1250 0.00000000 0.0000e+00
1.1300 0.00000000 0.0000e+00
1.1350 0.00000000 0.0000e+00
1.1400 0.00000000 0.0000e+00
1.1450 0.00000000 0.0000e+00
1.1500 0.00000000 0.0000e+00
1.1550 0.00000000 0.0000e+00
1.1600 0.00000000 0.0000e+00
1.1650 0.00000000 0.0000e+00
1.1700 0.00000000 0.0000e+00
1.1750 0.00000000 0.0000e+00
1.1800 0.00000000 0.0000e+00
1.1850 0.00000000 0.0000e+00
1.1900 0.00000000 0.0000e+00
1.1950 0.00000000 0.0000e+00
1.2000 0.00000000 0.0000e+00
1.2050 0.00000000 0.0000e+00
1.2100 0.00000000 0.0000e+00
1.2150 0.00000000 0.0000e+00
1.2200 0.00000000 0.0000e+00
1.2250 0.00000000 0.0000e+00
1.2300 0.00000000 0.0000e+00
1.2350 0.00000000 0.0000e+00
1.2400 0.00000000 0.0000e+00
1.2450 0.00000000 0.0000e+00
1.2500 0.00000000 0.0000e+00
1.2550 0.00000000 0.0000e+00
1.2600 0.00000000 0.0000e+00
1.2650 0.00000000 0.0000e+00
1.2700 0.00000000 0.0000e+00
1.2750 0.00000000 0.0000e+00
1.2800 0.00000000 0.0000e+00
1.2850 0.00000000 0.0000e+00
1.2900 0.00000000 0.0000e+00
1.2950 0.00000000 0.0000e+00
1.3000 0.00000000 0.0000e+00
1.3050 0.00000000 0.0000e+00
1.3100 0.00000000 0.0000e+00
1.3150 0.00000000 0.0000e+00
1.3200 0.00000000 0.0000e+00
1.3250 0.00000000 0.0000e+00
1.3300 0.00000000 0.0000e+00
1.3350 0.00000000 0.0000e+00
1.3400 0.00000000 0.0000e+00
1.3450 0.00000000 0.0000e+00
1.3500 0.00000000 0.0000e+00
1.3550 0.00000000 0.0000e+00
1.3600 0.00000000 0.0000e+00
1.3650 0.00000000 0.0000e+00
1.3700 0.00000000 0.0000e+00
1.3750 0.00000000 0.0000e+00
1.3800 0.00000000 0.0000e+00
1.3850 0.00000000 0.0000e+00
1.3900 0.00000000 0.0000e+00
1.3950 0.00000000 0.0000e+00
1.4000 0.00000000 0.0000e+00
1.4050 0.00000000 0.0000e+00
1.4100 0.00000000 0.0000e+00
1.4150 0.00000000 0.0000e+00
1.4200 0.00000000 0.0000e+00
1.4250 0.00000000 0.0000e+00
1.4300 0.00000000 0.0000e+00
1.4350 0.00000000 0.0000e+00
1.4400 0.00000000 0.0000e+00
1.4450 0.00000000 0.0000e+00
1.4500 0.00000000 0.0000e+00
1.4550 0.00000000 0.0000e+00
1.4600 0.00000000 0.0000e+00
1.4650 0.00000000 0.0000e+00
1.4700 0.00000000 0.0000e+00
1.4750 0.00000000 0.0000e+00
1.4800 0.00000000 0.0000e+00
1.4850 0.00000000 0.0000e+00
1.4900 0.00000000 0.0000e+00
1.4950 0.00000000 0.0000e+00
1.5000 0.00000000 0.0000e+00
1.5050 0.00000000 0.0000e+00
1.5100 0.00000000 0.0000e+00
1.5150 0.00000000 0.0000e+00
1.5200 0.00000000 0.0000e+00
1.5250 0.00000000 0.0000e+00
1.5300 0.00000000 0.0000e+00
1.5350 0.00000000 0.0000e+00
1.5400 0.00000000 0.0000e+00
1.5450 0.00000000 0.0000e+00
1.5500 0.00000000 0.0000e+00
1.5550 0.00000000 0.0000e+00
1.5600 0.00000000 0.0000e+00
1.5650 0.00000000 0.0000e+00
1.5700 0.00000000 0.0000e+00
1.5750 0.00000000 0.0000e+00
1.5800 0.00000000 0.0000e+00
1.5850 0.00000000 0.0000e+00
1.5900 0.00000000 0.0000e+00
1.5950 0.00000000 0.0000e+00
1.6000 0.00000000 0.0000e+00
1.6050 0.00000000 0.0000e+00
1.6100 0.00000000 0.0000e+00
1.6150 0.00000000 0.0000e+00
1.6200 0.00000000 0.0000e+00
1.6250 0.00000000 0.0000e+00
1.6300 0.00000000 0.0000e+00
1.6350 0.00000000 0.0000e+00
1.6400 0.00000000 0.0000e+00
1.6450 0.00000000 0.0000e+00
1.6500 0.00000000 0.0000e+00
1.6550 0.00000000 0.0000e+00
1.6600 0.00000000 0.0000e+00
1.6650 0.00000000 0.0000e+00
1.6700 0.00000000 0.0000e+00
1.6750 0.00000000 0.0000e+00
1.6800 0.00000000 0.0000e+00
1.6850 0.00000000 0.0000e+00
1.6900 0.00000000 0.0000e+00
1.6950 0.00000000 0.0000e+00
1.7000 0.00000000 0.0000e+00
1.7050 0.00000000 0.0000e+00
1.7100 0.00000000 0.0000e+00
1.7150 0.00000000 0.0000e+00
1.7200 0.00000000 0.0000e+00
1.7250 0.00000000 0.0000e+00
1.7300 0.00000000 0.0000e+00
1.7350 0.00000000 0.0000e+00
1.7400 0.00000000 0.0000e+00
1.7450 0.00000000 0.0000e+00
1.7500 0.00000000 0.0000e+00
1.7550 0.00000000 0.0000e+00
1.7600 0.00000000 0.0000e+00
1.7650 0.00000000 0.0000e+00
1.7700 0.00000000 0.0000e+00
1.7750 0.00000000 0.0000e+00
1.7800 0.00000000 0.0000e+00
1.7850 0.00000000 0.0000e+00
1.7900 0.00000000 0.0000e+00
1.7950 0.00000000 0.0000e+00
1.8000 0.00000000 0.0000e+00
1.8050 0.00000000 0.0000e+00
1.8100 0.00000000 0.0000e+00
1.8150 0.00000000 0.0000e+00
1.8200 0.00000000 0.0000e+00
1.8250 0.00000000 0.0000e+00
1.8300 0.00000000 0.0000e+00
1.8350 0.00000000 0.0000e+00
1.8400 0.00000000 0.0000e+00
1.8450 0.00000000 0.0000e+00
1.8500 0.00000000 0.0000e+00
1.8550 0.00000000 0.0000e+00
1.8600 0.00000000 0.0000e+00
1.8650 0.00000000 0.0000e+00
1.8700 0.00000000 0.0000e+00
1.8750 0.00000000 0.0000e+00
1.8800 0.00000000 0.0000e+00
1.8850 0.00000000 0.0000e+00
1.8900 0.00000000 0.0000e+00
1.8950 0.00000000 0.0000e+00
1.9000 0.00000000 0.0000e+00
1.9050 0.00000000 0.0000e+00
1.9100 0.00000000 0.0000e+00
1.9150 0.00000000 0.0000e+00
1.9200 0.00000000 0.0000e+00
1.9250 0.00000000 0.0000e+00
1.9300 0.00000000 0.0000e+00
1.9350 0.00000000 0.0000e+00
1.9400 0.00000000 0.0000e+00
1.9450 0.00000000 0.0000e+00
1.9500 0.00000000 0.0000e+00
1.9550 0.00000000 0.0000e+00
1.9600 0.00000000 0.0000e+00
1.9650 0.00000000 0.0000e+00
1.9700 0.00000000 0.0000e+00
1.9750 0.00000000 0.0000e+00
1.9800 0.00000000 0.0000e+00
1.9850 0.00000000 0.0000e+00
1.9900 0.00000000 0.0000e+00
1.9950 0.00000000 0.0000e+00
2.0000 0.00000000 0.0000e+00
2.0050 0.00000000 0.0000e+00
2.0100 0.00000000 0.0000e+00
2.0150 0.00000000 0.0000e+00
2.0200 0.00000000 0.0000e+00
2.0250 0.00000000 0.0000e+00
2.0300 0.00000000 0.0000e+00
2.0350 0.00000000 0.0000e+00
2.0400 0.00000000 0.0000e+00
2.0450 0.00000000 0.0000e+00
2.0500 0.00000000 0.0000e+00
2.0550 0.00000000 0.0000e+00
2.0600 0.00000000 0.0000e+00
2.0650 0.00000000 0.0000e+00
2.0700 0.00000000 0.0000e+00
2.0750 0.00000000 0.0000e+00
2.0800 0.00000000 0.0000e+00
2.0850 0.00000000 0.0000e+00
2.0900 0.00000000 0.0000e+00
2.0950 0.00000000 0.0000e+00
2.1000 0.00000000 0.0000e+00
2.1050 0.00000000 0.0000e+00
2.1100 0.00000000 0.0000e+00
2.1150 0.00500279 2.6358e+10
2.1200 0.00523776 2.7596e+10
2.1250 0.00547274 2.8834e+10
2.1300 0.00570771 3.0072e+10
2.1350 0.00594269 3.1310e+10
2.1400 0.00617766 3.2548e+10
2.1450 0.00641264 3.3786e+10
2.1500 0.00664761 3.5024e+10
2.1550 0.00688259 3.6262e+10
2.1600 0.00711756 3.7500e+10
2.1650 0.00735254 3.8738e+10
2.1700 0.00758751 3.9976e+10
2.1750 0.00782249 4.1214e+10
2.1800 0.00805746 4.2452e+10
2.1850 0.00829243 4.3690e+10
2.1900 0.00852741 4.4928e+10
2.1950 0.00876238 4.6166e+10
2.2000 0.00899736 4.7404e+10
2.2050 0.00923233 4.8642e+10
2.2100 0.00946731 4.9880e+10
2.2150 0.00970228 5.1118e+10
2.2200 0.00993726 5.2356e+10
2.2250 0.01017223 5.3594e+10
2.2300 0.01040721 5.4832e+10
2.2350 0.01064218 5.6070e+10
2.2400 0.01087716 5.7308e+10
2.2450 0.01111213 5.8546e+10
2.2500 0.01134710 5.9784e+10
2.2550 0.01158208 6.1022e+10
2.2600 0.01181705 6.2260e+10
2.2650 0.01205203 6.3498e+10
2.2700 0.01228700 6.4736e+10
2.2750 0.01252198 6.5974e+10
2.2800 0.01275695 6.7212e+10
2.2850 0.01299193 6.8450e+10
2.2900 0.01322690 6.9688e+10
2.2950 0.01346188 7.0927e+10
2.3000 0.01369685 7.2165e+10
2.3050 0.01393183 7.3403e+10
2.3100 0.01416680 7.4641e+10
2.3150 0.01440178 7.5879e+10
2.3200 0.01463675 7.7117e+10
2.3250 0.01487172 7.8355e+10
2.3300 0.01510670 7.9593e+10
2.3350 0.01534167 8.0831e+10
2.3400 0.01557665 8.2069e+10
2.3450 0.01581162 8.3307e+10
2.3500 0.01604660 8.4545e+10
2.3550 0.01628157 8.5783e+10
2.3600 0.01651655 8.7021e+10
2.3650 0.01675152 8.8259e+10
2.3700 0.01698650 8.9497e+10
2.3750 0.01722147 9.0735e+10
2.3800 0.01745645 9.1973e+10
2.3850 0.01769142 9.3211e+10
2.3900 0.01792639 9.4449e+10
2.3950 0.01816137 9.5687e+10
2.4000 0.01839634 9.6925e+10
2.4050 0.01863132 9.8163e+10
2.4100 0.01886629 9.9401e+10
2.4150 0.01910338 1.0065e+11
2.4200 0.01973428 1.0397e+11
2.4250 0.02036518 1.0730e+11
2.4300 0.02099609 1.1062e+11
2.4350 0.02162699 1.1395e+11
2.4400 0.02225789 1.1727e+11
2.4450 0.02288879 1.2059e+11
2.4500 0.02351970 1.2392e+11
2.4550 0.02415060 1.2724e+11
2.4600 0.02478150 1.3057e+11
2.4650 0.02541240 1.3389e+11
2.4700 0.02604331 1.3721e+11
2.4750 0.02667421 1.4054e+11
2.4800 0.02730511 1.4386e+11
2.4850 0.02793601 1.4719e+11
2.4900 0.02856692 1.5051e+11
2.4950 0.02919782 1.5383e+11
2.5000 0.02982872 1.5716e+11
2.5050 0.03045963 1.6048e+11
2.5100 0.03109053 1.6381e+11
2.5150 0.03172143 1.6713e+11
2.5200 0.03235233 1.7045e+11
2.5250 0.03298324 1.7378e+11
2.5300 0.03361414 1.7710e+11
2.5350 0.03424504 1.8043e+11
2.5400 0.03487594 1.8375e+11
2.5450 0.03550685 1.8707e+11
2.5500 0.03613775 1.9040e+11
2.5550 0.03676865 1.9372e+11
2.5600 0.03739955 1.9705e+11
2.5650 0.03803046 2.0037e+11
2.5700 0.03866136 2.0369e+11
2.5750 0.03929226 2.0702e+11
2.5800 0.03992316 2.1034e+11
2.5850 0.04055407 2.1367e+11
2.5900 0.04118497 2.1699e+11
2.5950 0.04224142 2.2256e+11
2.6000 0.04341299 2.2873e+11
2.6050 0.04458456 2.3490e+11
2.6100 0.04575612 2.4108e+11
2.6150 0.04692769 2.4725e+11
2.6200 0.04809926 2.5342e+11
2.6250 0.04927083 2.5959e+11
2.6300 0.05044240 2.6577e+11
2.6350 0.05161397 2.7194e+11
2.6400 0.05278553 2.7811e+11
2.6450 0.05395710 2.8428e+11
2.6500 0.05512867 2.9046e+11
2.6550 0.05630024 2.9663e+11
2.6600 0.05747181 3.0280e+11
2.6650 0.05864337 3.0897e+11
2.6700 0.05981494 3.1515e+11
2.6750 0.06098651 3.2132e+11
2.6800 0.06215808 3.2749e+11
2.6850 0.06332965 3.3366e+11
2.6900 0.06450122 3.3984e+11
2.6950 0.06567278 3.4601e+11
2.7000 0.06684435 3.5218e+11
2.7050 0.06801592 3.5836e+11
2.7100 0.06918749 3.6453e+11
2.7150 0.07035906 3.7070e+11
2.7200 0.07205584 3.7964e+11
2.7250 0.07388447 3.8927e+11
2.7300 0.07571311 3.9891e+11
2.7350 0.07754174 4.0854e+11
2.7400 0.07937038 4.1818e+11
2.7450 0.08119901 4.2781e+11
2.7500 0.08302764 4.3745e+11
2.7550 0.08485628 4.4708e+11
2.7600 0.08668491 4.5672e+11
2.7650 0.08851354 4.6635e+11
2.7700 0.09034218 4.7599e+11
2.7750 0.09217081 4.8562e+11
2.7800 0.09399945 4.9525e+11
2.7850 0.09582808 5.0489e+11
2.7900 0.09765671 5.1452e+11
2.7950 0.09948535 5.2416e+11
2.8000 0.10131398 5.3379e+11
2.8050 0.10314262 5.4343e+11
2.8100 0.10497125 5.5306e+11
2.8150 0.10710560 5.6431e+11
2.8200 0.10966678 5.7780e+11
2.8250 0.11222797 5.9129e+11
2.8300 0.11478916 6.0479e+11
2.8350 0.11735034 6.1828e+11
2.8400 0.11991153 6.3178e+11
2.8450 0.12247271 6.4527e+11
2.8500 0.12503390 6.5877e+11
2.8550 0.12759508 6.7226e+11
2.8600 0.13015627 6.8575e+11
2.8650 0.13271746 6.9925e+11
2.8700 0.13527864 7.1274e+11
2.8750 0.13783983 7.2624e+11
2.8800 0.14040101 7.3973e+11
2.8850 0.14296220 7.5322e+11
2.8900 0.14552338 7.6672e+11
2.8950 0.14852569 7.8254e+11
2.9000 0.15184602 8.0003e+11
2.9050 0.15516635 8.1752e+11
2.9100 0.15848668 8.3502e+11
2.9150 0.16180701 8.5251e+11
2.9200 0.16512735 8.7001e+11
2.9250 0.16844768 8.8750e+11
2.9300 0.17176801 9.0499e+11
2.9350 0.17508834 9.2249e+11
2.9400 0.17840867 9.3998e+11
2.9450 0.18172900 9.5747e+11
2.9500 0.18504933 9.7497e+11
2.9550 0.18836966 9.9246e+11
2.9600 0.19184624 1.0108e+12
2.9650 0.19598154 1.0326e+12
2.9700 0.20011685 1.0544e+12
2.9750 0.20425215 1.0761e+12
2.9800 0.20838746 1.0979e+12
2.9850 0.21252276 1.1197e+12
2.9900 0.21665807 1.1415e+12
2.9950 0.22079337 1.1633e+12
3.0000 0.22492868 1.1851e+12
3.0050 0.22906398 1.2069e+12
3.0100 0.23319929 1.2287e+12
3.0150 0.23733459 1.2504e+12
3.0200 0.24191311 1.2746e+12
3.0250 0.24679540 1.3003e+12
3.0300 0.25167769 1.3260e+12
3.0350 0.25655998 1.3517e+12
3.0400 0.26144227 1.3775e+12
3.0450 0.26632456 1.4032e+12
3.0500 0.27120686 1.4289e+12
3.0550 0.27608915 1.4546e+12
3.0600 0.28097144 1.4804e+12
3.0650 0.28585373 1.5061e+12
3.0700 0.29101859 1.5333e+12
3.0750 0.29667969 1.5631e+12
3.0800 0.30234079 1.5929e+12
3.0850 0.30800188 1.6228e+12
3.0900 0.31366298 1.6526e+12
3.0950 0.31932408 1.6824e+12
3.1000 0.32498517 1.7122e+12
3.1050 0.33064627 1.7421e+12
3.1100 0.33630737 1.7719e+12
3.1150 0.34213493 1.8026e+12
3.1200 0.34858375 1.8366e+12
3.1250 0.35503256 1.8706e+12
3.1300 0.36148137 1.9045e+12
3.1350 0.36793019 1.9385e+12
3.1400 0.37437900 1.9725e+12
3.1450 0.38082782 2.0065e+12
3.1500 0.38727663 2.0404e+12
3.1550 0.39372544 2.0744e+12
3.1600 0.40086975 2.1121e+12
3.1650 0.40806418 2.1500e+12
3.1700 0.41525860 2.1879e+12
3.1750 0.42245302 2.2258e+12
3.1800 0.42964744 2.2637e+12
3.1850 0.43684186 2.3016e+12
3.1900 0.44403628 2.3395e+12
3.1950 0.45142976 2.3784e+12
3.2000 0.45915486 2.4191e+12
3.2050 0.46687997 2.4598e+12
3.2100 0.47460507 2.5005e+12
3.2150 0.48233018 2.5413e+12
3.2200 0.49005529 2.5820e+12
3.2250 0.49778039 2.6227e+12
3.2300 0.50577122 2.6648e+12
3.2350 0.51412500 2.7088e+12
3.2400 0.52247879 2.7528e+12
3.2450 0.53083258 2.7968e+12
3.2500 0.53918637 2.8408e+12
3.2550 0.54754016 2.8848e+12
3.2600 0.55589394 2.9288e+12
3.2650 0.56460615 2.9747e+12
3.2700 0.57332355 3.0207e+12
3.2750 0.58204095 3.0666e+12
3.2800 0.59075835 3.1125e+12
3.2850 0.59947575 3.1585e+12
3.2900 0.60819314 3.2044e+12
3.2950 0.61747212 3.2533e+12
3.3000 0.62675502 3.3022e+12
3.3050 0.63603791 3.3511e+12
3.3100 0.64532081 3.4000e+12
3.3150 0.65460370 3.4489e+12
3.3200 0.66396099 3.4982e+12
3.3250 0.67343597 3.5481e+12
3.3300 0.68291094 3.5980e+12
3.3350 0.69238591 3.6480e+12
3.3400 0.70186089 3.6979e+12
3.3450 0.71136996 3.7480e+12
3.3500 0.72112553 3.7994e+12
3.3550 0.73088110 3.8508e+12
3.3600 0.74063667 3.9022e+12
3.3650 0.75039224 3.9536e+12
3.3700 0.76013130 4.0049e+12
3.3750 0.76978161 4.0557e+12
3.3800 0.77943193 4.1066e+12
3.3850 0.78908224 4.1574e+12
3.3900 0.79873256 4.2083e+12
3.3950 0.80858728 4.2602e+12
3.4000 0.81868136 4.3134e+12
3.4050 0.82877545 4.3666e+12
3.4100 0.83886953 4.4197e+12
3.4150 0.84896344 4.4729e+12
3.4200 0.85902441 4.5259e+12
3.4250 0.86908539 4.5789e+12
3.4300 0.87914636 4.6320e+12
3.4350 0.88920733 4.6850e+12
3.4400 0.89901403 4.7366e+12
3.4450 0.90874369 4.7879e+12
3.4500 0.91847335 4.8392e+12
3.4550 0.92820301 4.8904e+12
3.4600 0.93801885 4.9421e+12
3.4650 0.94786709 4.9940e+12
3.4700 0.95771532 5.0459e+12
3.4750 0.96756356 5.0978e+12
3.4800 0.97693506 5.1472e+12
3.4850 0.98623264 5.1962e+12
3.4900 0.99553022 5.2451e+12
3.4950 1.00480509 5.2940e+12
3.5000 1.01396837 5.3423e+12
3.5050 1.02313166 5.3906e+12
3.5100 1.03229494 5.4388e+12
3.5150 1.04092941 5.4843e+12
3.5200 1.04924433 5.5281e+12
3.5250 1.05755925 5.5720e+12
3.5300 1.06606559 5.6168e+12
3.5350 1.07526405 5.6652e+12
3.5400 1.08446250 5.7137e+12
3.5450 1.09366096 5.7622e+12
3.5500 1.10051732 5.7983e+12
3.5550 1.10722039 5.8336e+12
3.5600 1.11392347 5.8689e+12
3.5650 1.12118327 5.9072e+12
3.5700 1.12860034 5.9462e+12
3.5750 1.13601740 5.9853e+12
3.5800 1.14411851 6.0280e+12
3.5850 1.15247039 6.0720e+12
3.5900 1.16082228 6.1160e+12
3.5950 1.16633425 6.1451e+12
3.6000 1.17107797 6.1701e+12
3.6050 1.17582169 6.1950e+12
3.6100 1.18109222 6.2228e+12
3.6150 1.18639698 6.2508e+12
3.6200 1.19159487 6.2781e+12
3.6250 1.19631031 6.3030e+12
3.6300 1.20102575 6.3278e+12
3.6350 1.20604349 6.3543e+12
3.6400 1.21135338 6.3823e+12
3.6450 1.21666326 6.4102e+12
3.6500 1.21816832 6.4182e+12
3.6550 1.21932240 6.4242e+12
3.6600 1.22150727 6.4357e+12
3.6650 1.22525308 6.4555e+12
3.6700 1.22899889 6.4752e+12
3.6750 1.23189359 6.4905e+12
3.6800 1.23474427 6.5055e+12
3.6850 1.23700837 6.5174e+12
3.6900 1.23883174 6.5270e+12
3.6950 1.23981647 6.5322e+12
3.7000 1.23834602 6.5245e+12
3.7050 1.23687556 6.5167e+12
3.7100 1.23844032 6.5250e+12
3.7150 1.24000991 6.5332e+12
3.7200 1.23775921 6.5214e+12
3.7250 1.23454944 6.5045e+12
3.7300 1.23382166 6.5006e+12
3.7350 1.23440374 6.5037e+12
3.7400 1.23310962 6.4969e+12
3.7450 1.23035012 6.4823e+12
3.7500 1.22746429 6.4671e+12
3.7550 1.22446073 6.4513e+12
3.7600 1.22196055 6.4381e+12
3.7650 1.21992355 6.4274e+12
3.7700 1.21491998 6.4010e+12
3.7750 1.20766775 6.3628e+12
3.7800 1.20294949 6.3380e+12
3.7850 1.19953798 6.3200e+12
3.7900 1.19479644 6.2950e+12
3.7950 1.18970507 6.2682e+12
3.8000 1.18672394 6.2525e+12
3.8050 1.18290130 6.2323e+12
3.8100 1.17464183 6.1888e+12
3.8150 1.16639561 6.1454e+12
3.8200 1.15816788 6.1020e+12
3.8250 1.15298603 6.0747e+12
3.8300 1.14905952 6.0540e+12
3.8350 1.13892240 6.0006e+12
3.8400 1.12852324 5.9458e+12
3.8450 1.11765037 5.8886e+12
3.8500 1.10588708 5.8266e+12
3.8550 1.09410555 5.7645e+12
3.8600 1.08422774 5.7125e+12
3.8650 1.07663043 5.6724e+12
3.8700 1.07045855 5.6399e+12
3.8750 1.05715802 5.5698e+12
3.8800 1.04881898 5.5259e+12
3.8850 1.04459364 5.5036e+12
3.8900 1.03188221 5.4367e+12
3.8950 1.01602538 5.3531e+12
3.9000 0.99953723 5.2663e+12
3.9050 0.99266946 5.2301e+12
3.9100 0.98181687 5.1729e+12
3.9150 0.96882211 5.1044e+12
3.9200 0.95450581 5.0290e+12
3.9250 0.93479081 4.9251e+12
3.9300 0.92335885 4.8649e+12
3.9350 0.91370606 4.8140e+12
3.9400 0.89668962 4.7244e+12
3.9450 0.88543072 4.6651e+12
3.9500 0.87076263 4.5878e+12
3.9550 0.85397861 4.4994e+12
3.9600 0.83803232 4.4153e+12
3.9650 0.82941380 4.3699e+12
3.9700 0.81713057 4.3052e+12
3.9750 0.80542265 4.2435e+12
3.9800 0.79263688 4.1762e+12
3.9850 0.77527882 4.0847e+12
3.9900 0.75458035 3.9757e+12
3.9950 0.74421513 3.9210e+12
4.0000 0.72351202 3.8120e+12
4.0050 0.71738675 3.7797e+12
4.0100 0.70025286 3.6894e+12
4.0150 0.67943107 3.5797e+12
4.0200 0.66282618 3.4922e+12
4.0250 0.65226584 3.4366e+12
4.0300 0.64075076 3.3759e+12
4.0350 0.62542969 3.2952e+12
4.0400 0.61132941 3.2209e+12
4.0450 0.59647346 3.1426e+12
4.0500 0.58190257 3.0659e+12
4.0550 0.56958756 3.0010e+12
4.0600 0.55496155 2.9239e+12
4.0650 0.54150883 2.8530e+12
4.0700 0.53026397 2.7938e+12
4.0750 0.51698656 2.7238e+12
4.0800 0.50126241 2.6410e+12
4.0850 0.48842483 2.5734e+12
4.0900 0.47380899 2.4964e+12
4.0950 0.45542286 2.3995e+12
4.1000 0.44846861 2.3628e+12
4.1050 0.43334168 2.2831e+12
4.1100 0.41514092 2.1873e+12
4.1150 0.41144550 2.1678e+12
4.1200 0.39167563 2.0636e+12
4.1250 0.38109863 2.0079e+12
4.1300 0.37122047 1.9558e+12
4.1350 0.35554581 1.8733e+12
4.1400 0.34597589 1.8228e+12
4.1450 0.32650112 1.7202e+12
4.1500 0.31908958 1.6812e+12
4.1550 0.31123942 1.6398e+12
4.1600 0.29453667 1.5518e+12
4.1650 0.28967988 1.5262e+12
4.1700 0.27435366 1.4455e+12
4.1750 0.27097517 1.4277e+12
4.1800 0.25399349 1.3382e+12
4.1850 0.24500675 1.2909e+12
4.1900 0.23705565 1.2490e+12
4.1950 0.22816011 1.2021e+12
4.2000 0.22010618 1.1597e+12
4.2050 0.21091962 1.1113e+12
4.2100 0.19407803 1.0225e+12
4.2150 0.19069901 1.0047e+12
4.2200 0.18260321 9.6208e+11
4.2250 0.17661786 9.3055e+11
4.2300 0.16648036 8.7713e+11
4.2350 0.16153780 8.5109e+11
4.2400 0.15108897 7.9604e+11
4.2450 0.14618980 7.7023e+11
4.2500 0.13899010 7.3230e+11
4.2550 0.13271542 6.9924e+11
4.2600 0.12562226 6.6187e+11
4.2650 0.11839656 6.2380e+11
4.2700 0.11211293 5.9069e+11
4.2750 0.10544103 5.5554e+11
4.2800 0.10210365 5.3795e+11
4.2850 0.10064855 5.3029e+11
4.2900 0.08996501 4.7400e+11
4.2950 0.08639063 4.5517e+11
4.3000 0.07989926 4.2096e+11
4.3050 0.07671010 4.0416e+11
4.3100 0.07223308 3.8057e+11
4.3150 0.06819570 3.5930e+11
4.3200 0.06150461 3.2405e+11
4.3250 0.05924998 3.1217e+11
4.3300 0.05394793 2.8424e+11
4.3350 0.05312952 2.7992e+11
4.3400 0.04816189 2.5375e+11
4.3450 0.04659947 2.4552e+11
4.3500 0.04469834 2.3550e+11
4.3550 0.03961506 2.0872e+11
4.3600 0.03792619 1.9982e+11
4.3650 0.03375314 1.7783e+11
4.3700 0.03394882 1.7887e+11
4.3750 0.02992105 1.5764e+11
4.3800 0.02897504 1.5266e+11
4.3850 0.02493116 1.3135e+11
4.3900 0.02537264 1.3368e+11
4.3950 0.02235395 1.1778e+11
4.4000 0.01844922 9.7203e+10
4.4050 0.01960924 1.0332e+11
4.4100 0.01677896 8.8403e+10
4.4150 0.01616365 8.5161e+10
4.4200 0.01487982 7.8397e+10
4.4250 0.01098936 5.7900e+10
4.4300 0.01087382 5.7291e+10
4.4350 0.01115743 5.8785e+10
4.4400 0.01052657 5.5461e+10
4.4450 0.01113197 5.8651e+10
4.4500 0.00874395 4.6069e+10
4.4550 0.00778209 4.1001e+10
4.4600 0.00633840 3.3395e+10
4.4650 0.00664925 3.5033e+10
4.4700 0.00806519 4.2493e+10
4.4750 0.00502500 2.6475e+10
4.4800 0.00771165 4.0630e+10
4.4850 0.00372828 1.9643e+10
4.4900 0.00445642 2.3479e+10
4.4950 0.00449461 2.3681e+10
4.5000 0.00355492 1.8730e+10
4.5050 0.00322077 1.6969e+10
4.5100 0.00217010 1.1434e+10
4.5150 0.00162485 8.5609e+09
4.5200 0.00234788 1.2370e+10
4.5250 0.00248403 1.3088e+10
4.5300 0.00194150 1.0229e+10
4.5350 0.00185963 9.7978e+09
4.5400 0.00133090 7.0121e+09
4.5450 0.00093403 4.9211e+09
4.5500 0.00098735 5.2020e+09
4.5550 0.00122255 6.4413e+09
4.5600 0.00092760 4.8873e+09
4.5650 0.00064701 3.4089e+09
4.5700 0.00178100 9.3835e+09
4.5750 0.00077575 4.0872e+09
4.5800 0.00042373 2.2325e+09
4.5850 0.00079756 4.2021e+09
4.5900 0.00057455 3.0272e+09
4.5950 0.00033297 1.7543e+09
4.6000 0.00033687 1.7749e+09
4.6050 0.00037440 1.9726e+09
4.6100 0.00074015 3.8996e+09
4.6150 0.00080487 4.2406e+09
4.6200 0.00032985 1.7379e+09
4.6250 0.00067506 3.5567e+09
4.6300 0.00069086 3.6399e+09
4.6350 0.00058928 3.1048e+09
4.6400 0.00037428 1.9720e+09
4.6450 0.00038440 2.0253e+09
4.6500 0.00047642 2.5101e+09
4.6550 0.00056844 2.9949e+09
4.6600 0.00066047 3.4798e+09
4.6650 0.00075249 3.9646e+09
4.6700 0.00079834 4.2062e+09
4.6750 0.00065046 3.4271e+09
4.6800 0.00050257 2.6479e+09
4.6850 0.00000000 0.0000e+00
4.6900 0.00000000 0.0000e+00
4.6950 0.00000000 0.0000e+00
4.7000 0.00000000 0.0000e+00
4.7050 0.00000000 0.0000e+00
4.7100 0.00000000 0.0000e+00
4.7150 0.00000000 0.0000e+00
4.7200 0.00000000 0.0000e+00
4.7250 0.00000000 0.0000e+00
4.7300 0.00000000 0.0000e+00
4.7350 0.00000000 0.0000e+00
4.7400 0.00000000 0.0000e+00
4.7450 0.00000000 0.0000e+00
4.7500 0.00000000 0.0000e+00
4.7550 0.00000000 0.0000e+00
4.7600 0.00000000 0.0000e+00
4.7650 0.00000000 0.0000e+00
4.7700 0.00000000 0.0000e+00
4.7750 0.00000000 0.0000e+00
4.7800 0.00000000 0.0000e+00
4.7850 0.00000000 0.0000e+00
4.7900 0.00000000 0.0000e+00
4.7950 0.00000000 0.0000e+00
4.8000 0.00000000 0.0000e+00
4.8050 0.00000000 0.0000e+00
4.8100 0.00000000 0.0000e+00
4.8150 0.00000000 0.0000e+00
4.8200 0.00000000 0.0000e+00
4.8250 0.00000000 0.0000e+00
4.8300 0.00000000 0.0000e+00
4.8350 0.00000000 0.0000e+00
4.8400 0.00000000 0.0000e+00
4.8450 0.00000000 0.0000e+00
4.8500 0.00000000 0.0000e+00
4.8550 0.00000000 0.0000e+00
4.8600 0.00000000 0.0000e+00
4.8650 0.00000000 0.0000e+00
4.8700 0.00000000 0.0000e+00
4.8750 0.00000000 0.0000e+00
4.8800 0.00000000 0.0000e+00
4.8850 0.00000000 0.0000e+00
4.8900 0.00000000 0.0000e+00
4.8950 0.00000000 0.0000e+00
4.9000 0.00000000 0.0000e+00
4.9050 0.00000000 0.0000e+00
4.9100 0.00000000 0.0000e+00
4.9150 0.00000000 0.0000e+00
4.9200 0.00000000 0.0000e+00
4.9250 0.00000000 0.0000e+00
4.9300 0.00000000 0.0000e+00
4.9350 0.00000000 0.0000e+00
4.9400 0.00000000 0.0000e+00
4.9450 0.00000000 0.0000e+00
4.9500 0.00000000 0.0000e+00
4.9550 0.00000000 0.0000e+00
4.9600 0.00000000 0.0000e+00
4.9650 0.00000000 0.0000e+00
4.9700 0.00000000 0.0000e+00
4.9750 0.00000000 0.0000e+00
4.9800 0.00000000 0.0000e+00
4.9850 0.00000000 0.0000e+00
4.9900 0.00000000 0.0000e+00
4.9950 0.00000000 0.0000e+00
5.0000 0.00000000 0.0000e+00
5.0050 0.00000000 0.0000e+00
5.0100 0.00000000 0.0000e+00
5.0150 0.00000000 0.0000e+00
5.0200 0.00000000 0.0000e+00
5.0250 0.00000000 0.0000e+00
5.0300 0.00000000 0.0000e+00
5.0350 0.00000000 0.0000e+00
5.0400 0.00000000 0.0000e+00
5.0450 0.00000000 0.0000e+00
5.0500 0.00000000 0.0000e+00
5.0550 0.00000000 0.0000e+00
5.0600 0.00000000 0.0000e+00
5.0650 0.00000000 0.0000e+00
5.0700 0.00000000 0.0000e+00
5.0750 0.00000000 0.0000e+00
5.0800 0.00000000 0.0000e+00
5.0850 0.00000000 0.0000e+00
5.0900 0.00000000 0.0000e+00
5.0950 0.00000000 0.0000e+00
5.1000 0.00000000 0.0000e+00
5.1050 0.00000000 0.0000e+00
5.1100 0.00000000 0.0000e+00
5.1150 0.00000000 0.0000e+00
5.1200 0.00000000 0.0000e+00
5.1250 0.00000000 0.0000e+00
5.1300 0.00000000 0.0000e+00
5.1350 0.00000000 0.0000e+00
5.1400 0.00000000 0.0000e+00
5.1450 0.00000000 0.0000e+00
5.1500 0.00000000 0.0000e+00
5.1550 0.00000000 0.0000e+00
5.1600 0.00000000 0.0000e+00
5.1650 0.00000000 0.0000e+00
5.1700 0.00000000 0.0000e+00
5.1750 0.00000000 0.0000e+00
5.1800 0.00000000 0.0000e+00
5.1850 0.00000000 0.0000e+00
5.1900 0.00000000 0.0000e+00
5.1950 0.00000000 0.0000e+00
5.2000 0.00000000 0.0000e+00
5.2050 0.00000000 0.0000e+00
5.2100 0.00000000 0.0000e+00
5.2150 0.00000000 0.0000e+00
5.2200 0.00000000 0.0000e+00
5.2250 0.00000000 0.0000e+00
5.2300 0.00000000 0.0000e+00
5.2350 0.00000000 0.0000e+00
5.2400 0.00000000 0.0000e+00
5.2450 0.00000000 0.0000e+00
5.2500 0.00000000 0.0000e+00
5.2550 0.00000000 0.0000e+00
5.2600 0.00000000 0.0000e+00
5.2650 0.00000000 0.0000e+00
5.2700 0.00000000 0.0000e+00
5.2750 0.00000000 0.0000e+00
5.2800 0.00000000 0.0000e+00
5.2850 0.00000000 0.0000e+00
5.2900 0.00000000 0.0000e+00
5.2950 0.00000000 0.0000e+00
5.3000 0.00000000 0.0000e+00
5.3050 0.00000000 0.0000e+00
5.3100 0.00000000 0.0000e+00
5.3150 0.00000000 0.0000e+00
5.3200 0.00000000 0.0000e+00
5.3250 0.00000000 0.0000e+00
5.3300 0.00000000 0.0000e+00
5.3350 0.00000000 0.0000e+00
5.3400 0.00000000 0.0000e+00
5.3450 0.00000000 0.0000e+00
5.3500 0.00000000 0.0000e+00
5.3550 0.00000000 0.0000e+00
5.3600 0.00000000 0.0000e+00
5.3650 0.00000000 0.0000e+00
5.3700 0.00000000 0.0000e+00
5.3750 0.00000000 0.0000e+00
5.3800 0.00000000 0.0000e+00
5.3850 0.00000000 0.0000e+00
5.3900 0.00000000 0.0000e+00
5.3950 0.00000000 0.0000e+00
5.4000 0.00000000 0.0000e+00
5.4050 0.00000000 0.0000e+00
5.4100 0.00000000 0.0000e+00
5.4150 0.00000000 0.0000e+00
5.4200 0.00000000 0.0000e+00
5.4250 0.00000000 0.0000e+00
5.4300 0.00000000 0.0000e+00
5.4350 0.00000000 0.0000e+00
5.4400 0.00000000 0.0000e+00
5.4450 0.00000000 0.0000e+00
5.4500 0.00000000 0.0000e+00
5.4550 0.00000000 0.0000e+00
5.4600 0.00000000 0.0000e+00
5.4650 0.00000000 0.0000e+00
5.4700 0.00000000 0.0000e+00
5.4750 0.00000000 0.0000e+00
5.4800 0.00000000 0.0000e+00
5.4850 0.00000000 0.0000e+00
5.4900 0.00000000 0.0000e+00
5.4950 0.00000000 0.0000e+00
5.5000 0.00000000 0.0000e+00
5.5050 0.00000000 0.0000e+00
5.5100 0.00000000 0.0000e+00
5.5150 0.00000000 0.0000e+00
5.5200 0.00000000 0.0000e+00
5.5250 0.00000000 0.0000e+00
5.5300 0.00000000 0.0000e+00
5.5350 0.00000000 0.0000e+00
5.5400 0.00000000 0.0000e+00
5.5450 0.00000000 0.0000e+00
5.5500 0.00000000 0.0000e+00
5.5550 0.00000000 0.0000e+00
5.5600 0.00000000 0.0000e+00
5.5650 0.00000000 0.0000e+00
5.5700 0.00000000 0.0000e+00
5.5750 0.00000000 0.0000e+00
5.5800 0.00000000 0.0000e+00
5.5850 0.00000000 0.0000e+00
5.5900 0.00000000 0.0000e+00
5.5950 0.00000000 0.0000e+00
5.6000 0.00000000 0.0000e+00
5.6050 0.00000000 0.0000e+00
5.6100 0.00000000 0.0000e+00
5.6150 0.00000000 0.0000e+00
5.6200 0.00000000 0.0000e+00
5.6250 0.00000000 0.0000e+00
5.6300 0.00000000 0.0000e+00
5.6350 0.00000000 0.0000e+00
5.6400 0.00000000 0.0000e+00
5.6450 0.00000000 0.0000e+00
5.6500 0.00000000 0.0000e+00
5.6550 0.00000000 0.0000e+00
5.6600 0.00000000 0.0000e+00
5.6650 0.00000000 0.0000e+00
5.6700 0.00000000 0.0000e+00
5.6750 0.00000000 0.0000e+00
5.6800 0.00000000 0.0000e+00
5.6850 0.00000000 0.0000e+00
5.6900 0.00000000 0.0000e+00
5.6950 0.00000000 0.0000e+00
5.7000 0.00000000 0.0000e+00
5.7050 0.00000000 0.0000e+00
5.7100 0.00000000 0.0000e+00
5.7150 0.00000000 0.0000e+00
5.7200 0.00000000 0.0000e+00
5.7250 0.00000000 0.0000e+00
5.7300 0.00000000 0.0000e+00
5.7350 0.00000000 0.0000e+00
5.7400 0.00000000 0.0000e+00
5.7450 0.00000000 0.0000e+00
5.7500 0.00000000 0.0000e+00
5.7550 0.00000000 0.0000e+00
5.7600 0.00000000 0.0000e+00
5.7650 0.00000000 0.0000e+00
5.7700 0.00000000 0.0000e+00
5.7750 0.00000000 0.0000e+00
5.7800 0.00000000 0.0000e+00
5.7850 0.00000000 0.0000e+00
5.7900 0.00000000 0.0000e+00
5.7950 0.00000000 0.0000e+00
5.8000 0.00000000 0.0000e+00
5.8050 0.00000000 0.0000e+00
5.8100 0.00000000 0.0000e+00
5.8150 0.00000000 0.0000e+00
5.8200 0.00000000 0.0000e+00
5.8250 0.00000000 0.0000e+00
5.8300 0.00000000 0.0000e+00
5.8350 0.00000000 0.0000e+00
5.8400 0.00000000 0.0000e+00
5.8450 0.00000000 0.0000e+00
5.8500 0.00000000 0.0000e+00
5.8550 0.00000000 0.0000e+00
5.8600 0.00000000 0.0000e+00
5.8650 0.00000000 0.0000e+00
5.8700 0.00000000 0.0000e+00
5.8750 0.00000000 0.0000e+00
5.8800 0.00000000 0.0000e+00
5.8850 0.00000000 0.0000e+00
5.8900 0.00000000 0.0000e+00
5.8950 0.00000000 0.0000e+00
5.9000 0.00000000 0.0000e+00
5.9050 0.00000000 0.0000e+00
5.9100 0.00000000 0.0000e+00
5.9150 0.00000000 0.0000e+00
5.9200 0.00000000 0.0000e+00
5.9250 0.00000000 0.0000e+00
5.9300 0.00000000 0.0000e+00
5.9350 0.00000000 0.0000e+00
5.9400 0.00000000 0.0000e+00
5.9450 0.00000000 0.0000e+00
5.9500 0.00000000 0.0000e+00
5.9550 0.00000000 0.0000e+00
5.9600 0.00000000 0.0000e+00
5.9650 0.00000000 0.0000e+00
5.9700 0.00000000 0.0000e+00
5.9750 0.00000000 0.0000e+00
5.9800 0.00000000 0.0000e+00
5.9850 0.00000000 0.0000e+00
5.9900 0.00000000 0.0000e+00
5.9950 0.00000000 0.0000e+00
6.0000 0.00000000 0.0000e+00
6.0050 0.00000000 0.0000e+00
6.0100 0.00000000 0.0000e+00
6.0150 0.00000000 0.0000e+00
6.0200 0.00000000 0.0000e+00
6.0250 0.00000000 0.0000e+00
6.0300 0.00000000 0.0000e+00
6.0350 0.00000000 0.0000e+00
6.0400 0.00000000 0.0000e+00
6.0450 0.00000000 0.0000e+00
6.0500 0.00000000 0.0000e+00
6.0550 0.00000000 0.0000e+00
6.0600 0.00000000 0.0000e+00
6.0650 0.00000000 0.0000e+00
6.0700 0.00000000 0.0000e+00
6.0750 0.00000000 0.0000e+00
6.0800 0.00000000 0.0000e+00
6.0850 0.00000000 0.0000e+00
6.0900 0.00000000 0.0000e+00
6.0950 0.00000000 0.0000e+00
6.1000 0.00000000 0.0000e+00
6.1050 0.00000000 0.0000e+00
6.1100 0.00000000 0.0000e+00
6.1150 0.00000000 0.0000e+00
6.1200 0.00000000 0.0000e+00
6.1250 0.00000000 0.0000e+00
6.1300 0.00000000 0.0000e+00
6.1350 0.00000000 0.0000e+00
6.1400 0.00000000 0.0000e+00
6.1450 0.00000000 0.0000e+00
6.1500 0.00000000 0.0000e+00
6.1550 0.00000000 0.0000e+00
6.1600 0.00000000 0.0000e+00
6.1650 0.00000000 0.0000e+00
6.1700 0.00000000 0.0000e+00
6.1750 0.00000000 0.0000e+00
6.1800 0.00000000 0.0000e+00
6.1850 0.00000000 0.0000e+00
6.1900 0.00000000 0.0000e+00
6.1950 0.00000000 0.0000e+00
6.2000 0.00000000 0.0000e+00
6.2050 0.00000000 0.0000e+00
6.2100 0.00000000 0.0000e+00
6.2150 0.00000000 0.0000e+00
6.2200 0.00000000 0.0000e+00
6.2250 0.00000000 0.0000e+00
6.2300 0.00000000 0.0000e+00
6.2350 0.00000000 0.0000e+00
6.2400 0.00000000 0.0000e+00
6.2450 0.00000000 0.0000e+00
6.2500 0.00000000 0.0000e+00
6.2550 0.00000000 0.0000e+00
6.2600 0.00000000 0.0000e+00
6.2650 0.00000000 0.0000e+00
6.2700 0.00000000 0.0000e+00
6.2750 0.00000000 0.0000e+00
6.2800 0.00000000 0.0000e+00
6.2850 0.00000000 0.0000e+00
6.2900 0.00000000 0.0000e+00
6.2950 0.00000000 0.0000e+00
6.3000 0.00000000 0.0000e+00
6.3050 0.00000000 0.0000e+00
6.3100 0.00000000 0.0000e+00
6.3150 0.00000000 0.0000e+00
6.3200 0.00000000 0.0000e+00
6.3250 0.00000000 0.0000e+00
6.3300 0.00000000 0.0000e+00
6.3350 0.00000000 0.0000e+00
6.3400 0.00000000 0.0000e+00
6.3450 0.00000000 0.0000e+00
6.3500 0.00000000 0.0000e+00
6.3550 0.00000000 0.0000e+00
6.3600 0.00000000 0.0000e+00
6.3650 0.00000000 0.0000e+00
6.3700 0.00000000 0.0000e+00
6.3750 0.00000000 0.0000e+00
6.3800 0.00000000 0.0000e+00
6.3850 0.00000000 0.0000e+00
6.3900 0.00000000 0.0000e+00
6.3950 0.00000000 0.0000e+00
6.4000 0.00000000 0.0000e+00
6.4050 0.00000000 0.0000e+00
6.4100 0.00000000 0.0000e+00
6.4150 0.00000000 0.0000e+00
6.4200 0.00000000 0.0000e+00
6.4250 0.00000000 0.0000e+00
6.4300 0.00000000 0.0000e+00
6.4350 0.00000000 0.0000e+00
6.4400 0.00000000 0.0000e+00
6.4450 0.00000000 0.0000e+00
6.4500 0.00000000 0.0000e+00
6.4550 0.00000000 0.0000e+00
6.4600 0.00000000 0.0000e+00
6.4650 0.00000000 0.0000e+00
6.4700 0.00000000 0.0000e+00
6.4750 0.00000000 0.0000e+00
6.4800 0.00000000 0.0000e+00
6.4850 0.00000000 0.0000e+00
6.4900 0.00000000 0.0000e+00
6.4950 0.00000000 0.0000e+00
6.5000 0.00000000 0.0000e+00
6.5050 0.00000000 0.0000e+00
6.5100 0.00000000 0.0000e+00
6.5150 0.00000000 0.0000e+00
6.5200 0.00000000 0.0000e+00
6.5250 0.00000000 0.0000e+00
6.5300 0.00000000 0.0000e+00
6.5350 0.00000000 0.0000e+00
6.5400 0.00000000 0.0000e+00
6.5450 0.00000000 0.0000e+00
6.5500 0.00000000 0.0000e+00
6.5550 0.00000000 0.0000e+00
6.5600 0.00000000 0.0000e+00
6.5650 0.00000000 0.0000e+00
6.5700 0.00000000 0.0000e+00
6.5750 0.00000000 0.0000e+00
6.5800 0.00000000 0.0000e+00
6.5850 0.00000000 0.0000e+00
6.5900 0.00000000 0.0000e+00
6.5950 0.00000000 0.0000e+00
6.6000 0.00000000 0.0000e+00
6.6050 0.00000000 0.0000e+00
6.6100 0.00000000 0.0000e+00
6.6150 0.00000000 0.0000e+00
6.6200 0.00000000 0.0000e+00
6.6250 0.00000000 0.0000e+00
6.6300 0.00000000 0.0000e+00
6.6350 0.00000000 0.0000e+00
6.6400 0.00000000 0.0000e+00
6.6450 0.00000000 0.0000e+00
6.6500 0.00000000 0.0000e+00
6.6550 0.00000000 0.0000e+00
6.6600 0.00000000 0.0000e+00
6.6650 0.00000000 0.0000e+00
6.6700 0.00000000 0.0000e+00
6.6750 0.00000000 0.0000e+00
6.6800 0.00000000 0.0000e+00
6.6850 0.00000000 0.0000e+00
6.6900 0.00000000 0.0000e+00
6.6950 0.00000000 0.0000e+00
6.7000 0.00000000 0.0000e+00
6.7050 0.00000000 0.0000e+00
6.7100 0.00000000 0.0000e+00
6.7150 0.00000000 0.0000e+00
6.7200 0.00000000 0.0000e+00
6.7250 0.00000000 0.0000e+00
6.7300 0.00000000 0.0000e+00
6.7350 0.00000000 0.0000e+00
6.7400 0.00000000 0.0000e+00
6.7450 0.00000000 0.0000e+00
6.7500 0.00000000 0.0000e+00
6.7550 0.00000000 0.0000e+00
6.7600 0.00000000 0.0000e+00
6.7650 0.00000000 0.0000e+00
6.7700 0.00000000 0.0000e+00
6.7750 0.00000000 0.0000e+00
6.7800 0.00000000 0.0000e+00
6.7850 0.00000000 0.0000e+00
6.7900 0.00000000 0.0000e+00
6.7950 0.00000000 0.0000e+00
6.8000 0.00000000 0.0000e+00
6.8050 0.00000000 0.0000e+00
6.8100 0.00000000 0.0000e+00
6.8150 0.00000000 0.0000e+00
6.8200 0.00000000 0.0000e+00
6.8250 0.00000000 0.0000e+00
6.8300 0.00000000 0.0000e+00
6.8350 0.00000000 0.0000e+00
6.8400 0.00000000 0.0000e+00
6.8450 0.00000000 0.0000e+00
6.8500 0.00000000 0.0000e+00
6.8550 0.00000000 0.0000e+00
6.8600 0.00000000 0.0000e+00
6.8650 0.00000000 0.0000e+00
6.8700 0.00000000 0.0000e+00
6.8750 0.00000000 0.0000e+00
6.8800 0.00000000 0.0000e+00
6.8850 0.00000000 0.0000e+00
6.8900 0.00000000 0.0000e+00
6.8950 0.00000000 0.0000e+00
6.9000 0.00000000 0.0000e+00
6.9050 0.00000000 0.0000e+00
6.9100 0.00000000 0.0000e+00
6.9150 0.00000000 0.0000e+00
6.9200 0.00000000 0.0000e+00
6.9250 0.00000000 0.0000e+00
6.9300 0.00000000 0.0000e+00
6.9350 0.00000000 0.0000e+00
6.9400 0.00000000 0.0000e+00
6.9450 0.00000000 0.0000e+00
6.9500 0.00000000 0.0000e+00
6.9550 0.00000000 0.0000e+00
6.9600 0.00000000 0.0000e+00
6.9650 0.00000000 0.0000e+00
6.9700 0.00000000 0.0000e+00
6.9750 0.00000000 0.0000e+00
6.9800 0.00000000 0.0000e+00
6.9850 0.00000000 0.0000e+00
6.9900 0.00000000 0.0000e+00
6.9950 0.00000000 0.0000e+00
7.0000 0.00000000 0.0000e+00
7.0050 0.00000000 0.0000e+00
7.0100 0.00000000 0.0000e+00
7.0150 0.00000000 0.0000e+00
7.0200 0.00000000 0.0000e+00
7.0250 0.00000000 0.0000e+00
7.0300 0.00000000 0.0000e+00
7.0350 0.00000000 0.0000e+00
7.0400 0.00000000 0.0000e+00
7.0450 0.00000000 0.0000e+00
7.0500 0.00000000 0.0000e+00
7.0550 0.00000000 0.0000e+00
7.0600 0.00000000 0.0000e+00
7.0650 0.00000000 0.0000e+00
7.0700 0.00000000 0.0000e+00
7.0750 0.00000000 0.0000e+00
7.0800 0.00000000 0.0000e+00
7.0850 0.00000000 0.0000e+00
7.0900 0.00000000 0.0000e+00
7.0950 0.00000000 0.0000e+00
7.1000 0.00000000 0.0000e+00
7.1050 0.00000000 0.0000e+00
7.1100 0.00000000 0.0000e+00
7.1150 0.00000000 0.0000e+00
7.1200 0.00000000 0.0000e+00
7.1250 0.00000000 0.0000e+00
7.1300 0.00000000 0.0000e+00
7.1350 0.00000000 0.0000e+00
7.1400 0.00000000 0.0000e+00
7.1450 0.00000000 0.0000e+00
7.1500 0.00000000 0.0000e+00
7.1550 0.00000000 0.0000e+00
7.1600 0.00000000 0.0000e+00
7.1650 0.00000000 0.0000e+00
7.1700 0.00000000 0.0000e+00
7.1750 0.00000000 0.0000e+00
7.1800 0.00000000 0.0000e+00
7.1850 0.00000000 0.0000e+00
7.1900 0.00000000 0.0000e+00
7.1950 0.00000000 0.0000e+00
7.2000 0.00000000 0.0000e+00
7.2050 0.00000000 0.0000e+00
7.2100 0.00000000 0.0000e+00
7.2150 0.00000000 0.0000e+00
7.2200 0.00000000 0.0000e+00
7.2250 0.00000000 0.0000e+00
7.2300 0.00000000 0.0000e+00
7.2350 0.00000000 0.0000e+00
7.2400 0.00000000 0.0000e+00
7.2450 0.00000000 0.0000e+00
7.2500 0.00000000 0.0000e+00
7.2550 0.00000000 0.0000e+00
7.2600 0.00000000 0.0000e+00
7.2650 0.00000000 0.0000e+00
7.2700 0.00000000 0.0000e+00
7.2750 0.00000000 0.0000e+00
7.2800 0.00000000 0.0000e+00
7.2850 0.00000000 0.0000e+00
7.2900 0.00000000 0.0000e+00
7.2950 0.00000000 0.0000e+00
7.3000 0.00000000 0.0000e+00
7.3050 0.00000000 0.0000e+00
7.3100 0.00000000 0.0000e+00
7.3150 0.00000000 0.0000e+00
7.3200 0.00000000 0.0000e+00
7.3250 0.00000000 0.0000e+00
7.3300 0.00000000 0.0000e+00
7.3350 0.00000000 0.0000e+00
7.3400 0.00000000 0.0000e+00
7.3450 0.00000000 0.0000e+00
7.3500 0.00000000 0.0000e+00
7.3550 0.00000000 0.0000e+00
7.3600 0.00000000 0.0000e+00
7.3650 0.00000000 0.0000e+00
7.3700 0.00000000 0.0000e+00
7.3750 0.00000000 0.0000e+00
7.3800 0.00000000 0.0000e+00
7.3850 0.00000000 0.0000e+00
7.3900 0.00000000 0.0000e+00
7.3950 0.00000000 0.0000e+00
7.4000 0.00000000 0.0000e+00
7.4050 0.00000000 0.0000e+00
7.4100 0.00000000 0.0000e+00
7.4150 0.00000000 0.0000e+00
7.4200 0.00000000 0.0000e+00
7.4250 0.00000000 0.0000e+00
7.4300 0.00000000 0.0000e+00
7.4350 0.00000000 0.0000e+00
7.4400 0.00000000 0.0000e+00
7.4450 0.00000000 0.0000e+00
7.4500 0.00000000 0.0000e+00
7.4550 0.00000000 0.0000e+00
7.4600 0.00000000 0.0000e+00
7.4650 0.00000000 0.0000e+00
7.4700 0.00000000 0.0000e+00
7.4750 0.00000000 0.0000e+00
7.4800 0.00000000 0.0000e+00
7.4850 0.00000000 0.0000e+00
7.4900 0.00000000 0.0000e+00
7.4950 0.00000000 0.0000e+00
7.5000 0.00000000 0.0000e+00
7.5050 0.00000000 0.0000e+00
7.5100 0.00000000 0.0000e+00
7.5150 0.00000000 0.0000e+00
7.5200 0.00000000 0.0000e+00
7.5250 0.00000000 0.0000e+00
7.5300 0.00000000 0.0000e+00
7.5350 0.00000000 0.0000e+00
7.5400 0.00000000 0.0000e+00
7.5450 0.00000000 0.0000e+00
7.5500 0.00000000 0.0000e+00
7.5550 0.00000000 0.0000e+00
7.5600 0.00000000 0.0000e+00
7.5650 0.00000000 0.0000e+00
7.5700 0.00000000 0.0000e+00
7.5750 0.00000000 0.0000e+00
7.5800 0.00000000 0.0000e+00
7.5850 0.00000000 0.0000e+00
7.5900 0.00000000 0.0000e+00
7.5950 0.00000000 0.0000e+00
7.6000 0.00000000 0.0000e+00
7.6050 0.00000000 0.0000e+00
7.6100 0.00000000 0.0000e+00
7.6150 0.00000000 0.0000e+00
7.6200 0.00000000 0.0000e+00
7.6250 0.00000000 0.0000e+00
7.6300 0.00000000 0.0000e+00
7.6350 0.00000000 0.0000e+00
7.6400 0.00000000 0.0000e+00
7.6450 0.00000000 0.0000e+00
7.6500 0.00000000 0.0000e+00
7.6550 0.00000000 0.0000e+00
7.6600 0.00000000 0.0000e+00
7.6650 0.00000000 0.0000e+00
7.6700 0.00000000 0.0000e+00
7.6750 0.00000000 0.0000e+00
7.6800 0.00000000 0.0000e+00
7.6850 0.00000000 0.0000e+00
7.6900 0.00000000 0.0000e+00
7.6950 0.00000000 0.0000e+00
7.7000 0.00000000 0.0000e+00
7.7050 0.00000000 0.0000e+00
7.7100 0.00000000 0.0000e+00
7.7150 0.00000000 0.0000e+00
7.7200 0.00000000 0.0000e+00
7.7250 0.00000000 0.0000e+00
7.7300 0.00000000 0.0000e+00
7.7350 0.00000000 0.0000e+00
7.7400 0.00000000 0.0000e+00
7.7450 0.00000000 0.0000e+00
7.7500 0.00000000 0.0000e+00
7.7550 0.00000000 0.0000e+00
7.7600 0.00000000 0.0000e+00
7.7650 0.00000000 0.0000e+00
7.7700 0.00000000 0.0000e+00
7.7750 0.00000000 0.0000e+00
7.7800 0.00000000 0.0000e+00
7.7850 0.00000000 0.0000e+00
7.7900 0.00000000 0.0000e+00
7.7950 0.00000000 0.0000e+00
7.8000 0.00000000 0.0000e+00
7.8050 0.00000000 0.0000e+00
7.8100 0.00000000 0.0000e+00
7.8150 0.00000000 0.0000e+00
7.8200 0.00000000 0.0000e+00
7.8250 0.00000000 0.0000e+00
7.8300 0.00000000 0.0000e+00
7.8350 0.00000000 0.0000e+00
7.8400 0.00000000 0.0000e+00
7.8450 0.00000000 0.0000e+00
7.8500 0.00000000 0.0000e+00
7.8550 0.00000000 0.0000e+00
7.8600 0.00000000 0.0000e+00
7.8650 0.00000000 0.0000e+00
7.8700 0.00000000 0.0000e+00
7.8750 0.00000000 0.0000e+00
7.8800 0.00000000 0.0000e+00
7.8850 0.00000000 0.0000e+00
7.8900 0.00000000 0.0000e+00
7.8950 0.00000000 0.0000e+00
7.9000 0.00000000 0.0000e+00
7.9050 0.00000000 0.0000e+00
7.9100 0.00000000 0.0000e+00
7.9150 0.00000000 0.0000e+00
7.9200 0.00000000 0.0000e+00
7.9250 0.00000000 0.0000e+00
7.9300 0.00000000 0.0000e+00
7.9350 0.00000000 0.0000e+00
7.9400 0.00000000 0.0000e+00
7.9450 0.00000000 0.0000e+00
7.9500 0.00000000 0.0000e+00
7.9550 0.00000000 0.0000e+00
7.9600 0.00000000 0.0000e+00
7.9650 0.00000000 0.0000e+00
7.9700 0.00000000 0.0000e+00
7.9750 0.00000000 0.0000e+00
7.9800 0.00000000 0.0000e+00
7.9850 0.00000000 0.0000e+00
7.9900 0.00000000 0.0000e+00
7.9950 0.00000000 0.0000e+00
8.0000 0.00000000 0.0000e+00
