0.0050 0.00000000 0.0000e+00
0.0100 0.00000000 0.0000e+00
0.0150 0.00000000 0.0000e+00
0.0200 0.00000000 0.0000e+00
0.0250 0.00000000 0.0000e+00
0.0300 0.00000000 0.0000e+00
0.0350 0.00000000 0.0000e+00
0.0400 0.00000000 0.0000e+00
0.0450 0.00000000 0.0000e+00
0.0500 0.00000000 0.0000e+00
0.0550 0.00000000 0.0000e+00
0.0600 0.00000000 0.0000e+00
0.0650 0.00000000 0.0000e+00
0.0700 0.00000000 0.0000e+00
0.0750 0.00000000 0.0000e+00
0.0800 0.00000000 0.0000e+00
0.0850 0.00000000 0.0000e+00
0.0900 0.00000000 0.0000e+00
0.0950 0.00000000 0.0000e+00
0.1000 0.00000000 0.0000e+00
0.1050 0.00000000 0.0000e+00
0.1100 0.00000000 0.0000e+00
0.1150 0.00000000 0.0000e+00
0.1200 0.00000000 0.0000e+00
0.1250 0.00000000 0.0000e+00
0.1300 0.00000000 0.0000e+00
0.1350 0.00000000 0.0000e+00
0.1400 0.00000000 0.0000e+00
0.1450 0.00000000 0.0000e+00
0.1500 0.00000000 0.0000e+00
0.1550 0.00000000 0.0000e+00
0.1600 0.00000000 0.0000e+00
0.1650 0.00000000 0.0000e+00
0.1700 0.00000000 0.0000e+00
0.1750 0.00000000 0.0000e+00
0.1800 0.00000000 0.0000e+00
0.1850 0.00000000 0.0000e+00
0.1900 0.00000000 0.0000e+00
0.1950 0.00000000 0.0000e+00
0.2000 0.00000000 0.0000e+00
0.2050 0.00000000 0.0000e+00
0.2100 0.00000000 0.0000e+00
0.2150 0.00000000 0.0000e+00
0.2200 0.00000000 0.0000e+00
0.2250 0.00000000 0.0000e+00
0.2300 0.00000000 0.0000e+00
0.2350 0.00000000 0.0000e+00
0.2400 0.00000000 0.0000e+00
0.2450 0.00000000 0.0000e+00
0.2500 0.00000000 0.0000e+00
0.2550 0.00000000 0.0000e+00
0.2600 0.00000000 0.0000e+00
0.2650 0.00000000 0.0000e+00
0.2700 0.00000000 0.0000e+00
0.2750 0.00000000 0.0000e+00
0.2800 0.00000000 0.0000e+00
0.2850 0.00000000 0.0000e+00
0.2900 0.00000000 0.0000e+00
0.2950 0.00000000 0.0000e+00
0.3000 0.00000000 0.0000e+00
0.3050 0.00000000 0.0000e+00
0.3100 0.00000000 0.0000e+00
0.3150 0.00000000 0.0000e+00
0.3200 0.00000000 0.0000e+00
0.3250 0.00000000 0.0000e+00
0.3300 0.00000000 0.0000e+00
0.3350 0.00000000 0.0000e+00
0.3400 0.00000000 0.0000e+00
0.3450 0.00000000 0.0000e+00
0.3500 0.00000000 0.0000e+00
0.3550 0.00000000 0.0000e+00
0.3600 0.00000000 0.0000e+00
0.3650 0.00000000 0.0000e+00
0.3700 0.00000000 0.0000e+00
0.3750 0.00000000 0.0000e+00
0.3800 0.00000000 0.0000e+00
0.3850 0.00000000 0.0000e+00
0.3900 0.00000000 0.0000e+00
0.3950 0.00000000 0.0000e+00
0.4000 0.00000000 0.0000e+00
0.4050 0.00000000 0.0000e+00
0.4100 0.00000000 0.0000e+00
0.4150 0.00000000 0.0000e+00
0.4200 0.00000000 0.0000e+00
0.4250 0.00000000 0.0000e+00
0.4300 0.00000000 0.0000e+00
0.4350 0.00000000 0.0000e+00
0.4400 0.00000000 0.0000e+00
0.4450 0.00000000 0.0000e+00
0.4500 0.00000000 0.0000e+00
0.4550 0.00000000 0.0000e+00
0.4600 0.00000000 0.0000e+00
0.4650 0.00000000 0.0000e+00
0.4700 0.00000000 0.0000e+00
0.4750 0.00000000 0.0000e+00
0.4800 0.00000000 0.0000e+00
0.4850 0.00000000 0.0000e+00
0.4900 0.00000000 0.0000e+00
0.4950 0.00000000 0.0000e+00
0.5000 0.00000000 0.0000e+00
0.5050 0.00000000 0.0000e+00
0.5100 0.00000000 0.0000e+00
0.5150 0.00000000 0.0000e+00
0.5200 0.00000000 0.0000e+00
0.5250 0.00000000 0.0000e+00
0.5300 0.00000000 0.0000e+00
0.5350 0.00000000 0.0000e+00
0.5400 0.00000000 0.0000e+00
0.5450 0.00000000 0.0000e+00
0.5500 0.00000000 0.0000e+00
0.5550 0.00000000 0.0000e+00
0.5600 0.00000000 0.0000e+00
0.5650 0.00000000 0.0000e+00
0.5700 0.00000000 0.0000e+00
0.5750 0.00000000 0.0000e+00
0.5800 0.00000000 0.0000e+00
0.5850 0.00000000 0.0000e+00
0.5900 0.00000000 0.0000e+00
0.5950 0.00000000 0.0000e+00
0.6000 0.00000000 0.0000e+00
0.6050 0.00000000 0.0000e+00
0.6100 0.00000000 0.0000e+00
0.6150 0.00000000 0.0000e+00
0.6200 0.00000000 0.0000e+00
0.6250 0.00000000 0.0000e+00
0.6300 0.00000000 0.0000e+00
0.6350 0.00000000 0.0000e+00
0.6400 0.00000000 0.0000e+00
0.6450 0.00000000 0.0000e+00
0.6500 0.00000000 0.0000e+00
0.6550 0.00000000 0.0000e+00
0.6600 0.00000000 0.0000e+00
0.6650 0.00000000 0.0000e+00
0.6700 0.00000000 0.0000e+00
0.6750 0.00000000 0.0000e+00
0.6800 0.00000000 0.0000e+00
0.6850 0.00000000 0.0000e+00
0.6900 0.00000000 0.0000e+00
0.6950 0.00000000 0.0000e+00
0.7000 0.00000000 0.0000e+00
0.7050 0.00000000 0.0000e+00
0.7100 0.00000000 0.0000e+00
0.7150 0.00000000 0.0000e+00
0.7200 0.00000000 0.0000e+00
0.7250 0.00000000 0.0000e+00
0.7300 0.00000000 0.0000e+00
0.7350 0.00000000 0.0000e+00
0.7400 0.00000000 0.0000e+00
0.7450 0.00000000 0.0000e+00
0.7500 0.00000000 0.0000e+00
0.7550 0.00000000 0.0000e+00
0.7600 0.00000000 0.0000e+00
0.7650 0.00000000 0.0000e+00
0.7700 0.00000000 0.0000e+00
0.7750 0.00000000 0.0000e+00
0.7800 0.00000000 0.0000e+00
0.7850 0.00000000 0.0000e+00
0.7900 0.00000000 0.0000e+00
0.7950 0.00000000 0.0000e+00
0.8000 0.00000000 0.0000e+00
0.8050 0.00000000 0.0000e+00
0.8100 0.00000000 0.0000e+00
0.8150 0.00000000 0.0000e+00
0.8200 0.00000000 0.0000e+00
0.8250 0.00000000 0.0000e+00
0.8300 0.00000000 0.0000e+00
0.8350 0.00000000 0.0000e+00
0.8400 0.00000000 0.0000e+00
0.8450 0.00000000 0.0000e+00
0.8500 0.00000000 0.0000e+00
0.8550 0.00000000 0.0000e+00
0.8600 0.00000000 0.0000e+00
0.8650 0.00000000 0.0000e+00
0.8700 0.00000000 0.0000e+00
0.8750 0.00000000 0.0000e+00
0.8800 0.00000000 0.0000e+00
0.8850 0.00000000 0.0000e+00
0.8900 0.00000000 0.0000e+00
0.8950 0.00000000 0.0000e+00
0.9000 0.00000000 0.0000e+00
0.9050 0.00000000 0.0000e+00
0.9100 0.00000000 0.0000e+00
0.9150 0.00000000 0.0000e+00
0.9200 0.00000000 0.0000e+00
0.9250 0.00000000 0.0000e+00
0.9300 0.00000000 0.0000e+00
0.9350 0.00000000 0.0000e+00
0.9400 0.00000000 0.0000e+00
0.9450 0.00000000 0.0000e+00
0.9500 0.00000000 0.0000e+00
0.9550 0.00000000 0.0000e+00
0.9600 0.00000000 0.0000e+00
0.9650 0.00000000 0.0000e+00
0.9700 0.00000000 0.0000e+00
0.9750 0.00000000 0.0000e+00
0.9800 0.00000000 0.0000e+00
0.9850 0.00000000 0.0000e+00
0.9900 0.00000000 0.0000e+00
0.9950 0.00000000 0.0000e+00
1.0000 0.00000000 0.0000e+00
1.0050 0.00000000 0.0000e+00
1.0100 0.00000000 0.0000e+00
1.0150 0.00000000 0.0000e+00
1.0200 0.00000000 0.0000e+00
1.0250 0.00000000 0.0000e+00
1.0300 0.00000000 0.0000e+00
1.0350 0.00000000 0.0000e+00
1.0400 0.00000000 0.0000e+00
1.0450 0.00000000 0.0000e+00
1.0500 0.00000000 0.0000e+00
1.0550 0.00000000 0.0000e+00
1.0600 0.00000000 0.0000e+00
1.0650 0.00000000 0.0000e+00
1.0700 0.00000000 0.0000e+00
1.0750 0.00000000 0.0000e+00
1.0800 0.00000000 0.0000e+00
1.0850 0.00000000 0.0000e+00
1.0900 0.00000000 0.0000e+00
1.0950 0.00000000 0.0000e+00
1.1000 0.00000000 0.0000e+00
1.1050 0.00000000 0.0000e+00
1.1100 0.00000000 0.0000e+00
1.1150 0.00000000 0.0000e+00
1.1200 0.00000000 0.0000e+00
1.1250 0.00000000 0.0000e+00
1.1300 0.00000000 0.0000e+00
1.1350 0.00000000 0.0000e+00
1.1400 0.00000000 0.0000e+00
1.1450 0.00000000 0.0000e+00
1.1500 0.00000000 0.0000e+00
1.1550 0.00000000 0.0000e+00
1.1600 0.00000000 0.0000e+00
1.1650 0.00000000 0.0000e+00
1.1700 0.00000000 0.0000e+00
1.1750 0.00000000 0.0000e+00
1.1800 0.00000000 0.0000e+00
1.1850 0.00000000 0.0000e+00
1.1900 0.00000000 0.0000e+00
1.1950 0.00000000 0.0000e+00
1.2000 0.00000000 0.0000e+00
1.2050 0.00000000 0.0000e+00
1.2100 0.00000000 0.0000e+00
1.2150 0.00000000 0.0000e+00
1.2200 0.00000000 0.0000e+00
1.2250 0.00000000 0.0000e+00
1.2300 0.00000000 0.0000e+00
1.2350 0.00000000 0.0000e+00
1.2400 0.00000000 0.0000e+00
1.2450 0.00000000 0.0000e+00
1.2500 0.00000000 0.0000e+00
1.2550 0.00000000 0.0000e+00
1.2600 0.00000000 0.0000e+00
1.2650 0.00000000 0.0000e+00
1.2700 0.00000000 0.0000e+00
1.2750 0.00000000 0.0000e+00
1.2800 0.00000000 0.0000e+00
1.2850 0.00000000 0.0000e+00
1.2900 0.00000000 0.0000e+00
1.2950 0.00000000 0.0000e+00
1.3000 0.00000000 0.0000e+00
1.3050 0.00000000 0.0000e+00
1.3100 0.00000000 0.0000e+00
1.3150 0.00000000 0.0000e+00
1.3200 0.00000000 0.0000e+00
1.3250 0.00000000 0.0000e+00
1.3300 0.00000000 0.0000e+00
1.3350 0.00000000 0.0000e+00
1.3400 0.00000000 0.0000e+00
1.3450 0.00000000 0.0000e+00
1.3500 0.00000000 0.0000e+00
1.3550 0.00000000 0.0000e+00
1.3600 0.00000000 0.0000e+00
1.3650 0.00000000 0.0000e+00
1.3700 0.00000000 0.0000e+00
1.3750 0.00000000 0.0000e+00
1.3800 0.00000000 0.0000e+00
1.3850 0.00000000 0.0000e+00
1.3900 0.00000000 0.0000e+00
1.3950 0.00000000 0.0000e+00
1.4000 0.00000000 0.0000e+00
1.4050 0.00000000 0.0000e+00
1.4100 0.00000000 0.0000e+00
1.4150 0.00000000 0.0000e+00
1.4200 0.00000000 0.0000e+00
1.4250 0.00000000 0.0000e+00
1.4300 0.00000000 0.0000e+00
1.4350 0.00000000 0.0000e+00
1.4400 0.00000000 0.0000e+00
1.4450 0.00000000 0.0000e+00
1.4500 0.00000000 0.0000e+00
1.4550 0.00000000 0.0000e+00
1.4600 0.00000000 0.0000e+00
1.4650 0.00000000 0.0000e+00
1.4700 0.00000000 0.0000e+00
1.4750 0.00000000 0.0000e+00
1.4800 0.00000000 0.0000e+00
1.4850 0.00000000 0.0000e+00
1.4900 0.00000000 0.0000e+00
1.4950 0.00000000 0.0000e+00
1.5000 0.00000000 0.0000e+00
1.5050 0.00000000 0.0000e+00
1.5100 0.00000000 0.0000e+00
1.5150 0.00000000 0.0000e+00
1.5200 0.00000000 0.0000e+00
1.5250 0.00000000 0.0000e+00
1.5300 0.00000000 0.0000e+00
1.5350 0.00000000 0.0000e+00
1.5400 0.00000000 0.0000e+00
1.5450 0.00000000 0.0000e+00
1.5500 0.00000000 0.0000e+00
1.5550 0.00000000 0.0000e+00
1.5600 0.00000000 0.0000e+00
1.5650 0.00000000 0.0000e+00
1.5700 0.00000000 0.0000e+00
1.5750 0.00000000 0.0000e+00
1.5800 0.00000000 0.0000e+00
1.5850 0.00000000 0.0000e+00
1.5900 0.00000000 0.0000e+00
1.5950 0.00000000 0.0000e+00
1.6000 0.00000000 0.0000e+00
1.6050 0.00000000 0.0000e+00
1.6100 0.00000000 0.0000e+00
1.6150 0.00000000 0.0000e+00
1.6200 0.00000000 0.0000e+00
1.6250 0.00000000 0.0000e+00
1.6300 0.00000000 0.0000e+00
1.6350 0.00000000 0.0000e+00
1.6400 0.00000000 0.0000e+00
1.6450 0.00000000 0.0000e+00
1.6500 0.00000000 0.0000e+00
1.6550 0.00000000 0.0000e+00
1.6600 0.00000000 0.0000e+00
1.6650 0.00000000 0.0000e+00
1.6700 0.00000000 0.0000e+00
1.6750 0.00000000 0.0000e+00
1.6800 0.00000000 0.0000e+00
1.6850 0.00000000 0.0000e+00
1.6900 0.00000000 0.0000e+00
1.6950 0.00000000 0.0000e+00
1.7000 0.00000000 0.0000e+00
1.7050 0.00000000 0.0000e+00
1.7100 0.00000000 0.0000e+00
1.7150 0.00000000 0.0000e+00
1.7200 0.00000000 0.0000e+00
1.7250 0.00000000 0.0000e+00
1.7300 0.00000000 0.0000e+00
1.7350 0.00000000 0.0000e+00
1.7400 0.00000000 0.0000e+00
1.7450 0.00000000 0.0000e+00
1.7500 0.00000000 0.0000e+00
1.7550 0.00000000 0.0000e+00
1.7600 0.00000000 0.0000e+00
1.7650 0.00000000 0.0000e+00
1.7700 0.00000000 0.0000e+00
1.7750 0.00000000 0.0000e+00
1.7800 0.00000000 0.0000e+00
1.7850 0.00000000 0.0000e+00
1.7900 0.00000000 0.0000e+00
1.7950 0.00000000 0.0000e+00
1.8000 0.00000000 0.0000e+00
1.8050 0.00000000 0.0000e+00
1.8100 0.00000000 0.0000e+00
1.8150 0.00000000 0.0000e+00
1.8200 0.00000000 0.0000e+00
1.8250 0.00000000 0.0000e+00
1.8300 0.00000000 0.0000e+00
1.8350 0.00000000 0.0000e+00
1.8400 0.00000000 0.0000e+00
1.8450 0.00000000 0.0000e+00
1.8500 0.00000000 0.0000e+00
1.8550 0.00000000 0.0000e+00
1.8600 0.00000000 0.0000e+00
1.8650 0.00000000 0.0000e+00
1.8700 0.00000000 0.0000e+00
1.8750 0.00000000 0.0000e+00
1.8800 0.00000000 0.0000e+00
1.8850 0.00000000 0.0000e+00
1.8900 0.00000000 0.0000e+00
1.8950 0.00000000 0.0000e+00
1.9000 0.00000000 0.0000e+00
1.9050 0.00000000 0.0000e+00
1.9100 0.00000000 0.0000e+00
1.9150 0.00000000 0.0000e+00
1.9200 0.00000000 0.0000e+00
1.9250 0.00000000 0.0000e+00
1.9300 0.00000000 0.0000e+00
1.9350 0.00000000 0.0000e+00
1.9400 0.00000000 0.0000e+00
1.9450 0.00000000 0.0000e+00
1.9500 0.00000000 0.0000e+00
1.9550 0.00000000 0.0000e+00
1.9600 0.00000000 0.0000e+00
1.9650 0.00000000 0.0000e+00
1.9700 0.00000000 0.0000e+00
1.9750 0.00000000 0.0000e+00
1.9800 0.00000000 0.0000e+00
1.9850 0.00000000 0.0000e+00
1.9900 0.00000000 0.0000e+00
1.9950 0.00000000 0.0000e+00
2.0000 0.00000000 0.0000e+00
2.0050 0.00000000 0.0000e+00
2.0100 0.00000000 0.0000e+00
2.0150 0.00000000 0.0000e+00
2.0200 0.00000000 0.0000e+00
2.0250 0.00000000 0.0000e+00
2.0300 0.00000000 0.0000e+00
2.0350 0.00000000 0.0000e+00
2.0400 0.00000000 0.0000e+00
2.0450 0.00000000 0.0000e+00
2.0500 0.00000000 0.0000e+00
2.0550 0.00000000 0.0000e+00
2.0600 0.00000000 0.0000e+00
2.0650 0.00000000 0.0000e+00
2.0700 0.00000000 0.0000e+00
2.0750 0.00000000 0.0000e+00
2.0800 0.00000000 0.0000e+00
2.0850 0.00000000 0.0000e+00
2.0900 0.00000000 0.0000e+00
2.0950 0.00000000 0.0000e+00
2.1000 0.00000000 0.0000e+00
2.1050 0.00000000 0.0000e+00
2.1100 0.00000000 0.0000e+00
2.1150 0.00735817 4.6544e+10
2.1200 0.00769755 4.8691e+10
2.1250 0.00803693 5.0838e+10
2.1300 0.00837631 5.2985e+10
2.1350 0.00871569 5.5132e+10
2.1400 0.00905507 5.7278e+10
2.1450 0.00939445 5.9425e+10
2.1500 0.00973383 6.1572e+10
2.1550 0.01007321 6.3719e+10
2.1600 0.01041259 6.5865e+10
2.1650 0.01075197 6.8012e+10
2.1700 0.01109135 7.0159e+10
2.1750 0.01143073 7.2306e+10
2.1800 0.01177011 7.4452e+10
2.1850 0.01210949 7.6599e+10
2.1900 0.01244887 7.8746e+10
2.1950 0.01278825 8.0893e+10
2.2000 0.01312763 8.3039e+10
2.2050 0.01346701 8.5186e+10
2.2100 0.01380639 8.7333e+10
2.2150 0.01414577 8.9480e+10
2.2200 0.01448515 9.1626e+10
2.2250 0.01482453 9.3773e+10
2.2300 0.01516391 9.5920e+10
2.2350 0.01550329 9.8067e+10
2.2400 0.01584267 1.0021e+11
2.2450 0.01618205 1.0236e+11
2.2500 0.01652143 1.0451e+11
2.2550 0.01686081 1.0665e+11
2.2600 0.01720019 1.0880e+11
2.2650 0.01753957 1.1095e+11
2.2700 0.01787895 1.1309e+11
2.2750 0.01821833 1.1524e+11
2.2800 0.01855771 1.1739e+11
2.2850 0.01889709 1.1953e+11
2.2900 0.01923647 1.2168e+11
2.2950 0.01957585 1.2383e+11
2.3000 0.01991523 1.2597e+11
2.3050 0.02025461 1.2812e+11
2.3100 0.02059399 1.3027e+11
2.3150 0.02093336 1.3242e+11
2.3200 0.02127274 1.3456e+11
2.3250 0.02161212 1.3671e+11
2.3300 0.02195150 1.3886e+11
2.3350 0.02229088 1.4100e+11
2.3400 0.02263026 1.4315e+11
2.3450 0.02296964 1.4530e+11
2.3500 0.02330902 1.4744e+11
2.3550 0.02364840 1.4959e+11
2.3600 0.02398778 1.5174e+11
2.3650 0.02432716 1.5388e+11
2.3700 0.02466654 1.5603e+11
2.3750 0.02500592 1.5818e+11
2.3800 0.02534530 1.6032e+11
2.3850 0.02568468 1.6247e+11
2.3900 0.02602406 1.6462e+11
2.3950 0.02636344 1.6676e+11
2.4000 0.02670282 1.6891e+11
2.4050 0.02704220 1.7106e+11
2.4100 0.02738158 1.7320e+11
2.4150 0.02772391 1.7537e+11
2.4200 0.02861682 1.8102e+11
2.4250 0.02950972 1.8667e+11
2.4300 0.03040262 1.9231e+11
2.4350 0.03129552 1.9796e+11
2.4400 0.03218843 2.0361e+11
2.4450 0.03308133 2.0926e+11
2.4500 0.03397423 2.1491e+11
2.4550 0.03486713 2.2055e+11
2.4600 0.03576004 2.2620e+11
2.4650 0.03665294 2.3185e+11
2.4700 0.03754584 2.3750e+11
2.4750 0.03843874 2.4315e+11
2.4800 0.03933165 2.4879e+11
2.4850 0.04022455 2.5444e+11
2.4900 0.04111745 2.6009e+11
2.4950 0.04201035 2.6574e+11
2.5000 0.04290326 2.7139e+11
2.5050 0.04379616 2.7703e+11
2.5100 0.04468906 2.8268e+11
2.5150 0.04558196 2.8833e+11
2.5200 0.04647486 2.9398e+11
2.5250 0.04736777 2.9963e+11
2.5300 0.04826067 3.0528e+11
2.5350 0.04915357 3.1092e+11
2.5400 0.05004647 3.1657e+11
2.5450 0.05093938 3.2222e+11
2.5500 0.05183228 3.2787e+11
2.5550 0.05272518 3.3352e+11
2.5600 0.05361808 3.3916e+11
2.5650 0.05451099 3.4481e+11
2.5700 0.05540389 3.5046e+11
2.5750 0.05629679 3.5611e+11
2.5800 0.05718969 3.6176e+11
2.5850 0.05808260 3.6740e+11
2.5900 0.05897550 3.7305e+11
2.5950 0.06043617 3.8229e+11
2.6000 0.06205044 3.9250e+11
2.6050 0.06366471 4.0271e+11
2.6100 0.06527898 4.1293e+11
2.6150 0.06689325 4.2314e+11
2.6200 0.06850752 4.3335e+11
2.6250 0.07012178 4.4356e+11
2.6300 0.07173605 4.5377e+11
2.6350 0.07335032 4.6398e+11
2.6400 0.07496459 4.7419e+11
2.6450 0.07657886 4.8440e+11
2.6500 0.07819313 4.9461e+11
2.6550 0.07980739 5.0483e+11
2.6600 0.08142166 5.1504e+11
2.6650 0.08303593 5.2525e+11
2.6700 0.08465020 5.3546e+11
2.6750 0.08626447 5.4567e+11
2.6800 0.08787874 5.5588e+11
2.6850 0.08949300 5.6609e+11
2.6900 0.09110727 5.7630e+11
2.6950 0.09272154 5.8651e+11
2.7000 0.09433581 5.9673e+11
2.7050 0.09595008 6.0694e+11
2.7100 0.09756435 6.1715e+11
2.7150 0.09917861 6.2736e+11
2.7200 0.10145906 6.4178e+11
2.7250 0.10390674 6.5727e+11
2.7300 0.10635442 6.7275e+11
2.7350 0.10880210 6.8823e+11
2.7400 0.11124978 7.0372e+11
2.7450 0.11369746 7.1920e+11
2.7500 0.11614514 7.3468e+11
2.7550 0.11859282 7.5016e+11
2.7600 0.12104051 7.6565e+11
2.7650 0.12348819 7.8113e+11
2.7700 0.12593587 7.9661e+11
2.7750 0.12838355 8.1210e+11
2.7800 0.13083123 8.2758e+11
2.7850 0.13327891 8.4306e+11
2.7900 0.13572659 8.5855e+11
2.7950 0.13817427 8.7403e+11
2.8000 0.14062196 8.8951e+11
2.8050 0.14306964 9.0499e+11
2.8100 0.14551732 9.2048e+11
2.8150 0.14833319 9.3829e+11
2.8200 0.15166312 9.5935e+11
2.8250 0.15499306 9.8042e+11
2.8300 0.15832299 1.0015e+12
2.8350 0.16165292 1.0225e+12
2.8400 0.16498286 1.0436e+12
2.8450 0.16831279 1.0647e+12
2.8500 0.17164272 1.0857e+12
2.8550 0.17497266 1.1068e+12
2.8600 0.17830259 1.1279e+12
2.8650 0.18163252 1.1489e+12
2.8700 0.18496246 1.1700e+12
2.8750 0.18829239 1.1911e+12
2.8800 0.19162232 1.2121e+12
2.8850 0.19495226 1.2332e+12
2.8900 0.19828219 1.2542e+12
2.8950 0.20211911 1.2785e+12
2.9000 0.20632155 1.3051e+12
2.9050 0.21052398 1.3317e+12
2.9100 0.21472641 1.3583e+12
2.9150 0.21892884 1.3848e+12
2.9200 0.22313127 1.4114e+12
2.9250 0.22733370 1.4380e+12
2.9300 0.23153613 1.4646e+12
2.9350 0.23573856 1.4912e+12
2.9400 0.23994099 1.5178e+12
2.9450 0.24414343 1.5443e+12
2.9500 0.24834586 1.5709e+12
2.9550 0.25254829 1.5975e+12
2.9600 0.25691419 1.6251e+12
2.9650 0.26196926 1.6571e+12
2.9700 0.26702433 1.6891e+12
2.9750 0.27207940 1.7211e+12
2.9800 0.27713447 1.7530e+12
2.9850 0.28218954 1.7850e+12
2.9900 0.28724461 1.8170e+12
2.9950 0.29229969 1.8490e+12
3.0000 0.29735476 1.8809e+12
3.0050 0.30240983 1.9129e+12
3.0100 0.30746490 1.9449e+12
3.0150 0.31251997 1.9769e+12
3.0200 0.31803974 2.0118e+12
3.0250 0.32387802 2.0487e+12
3.0300 0.32971630 2.0856e+12
3.0350 0.33555458 2.1226e+12
3.0400 0.34139285 2.1595e+12
3.0450 0.34723113 2.1964e+12
3.0500 0.35306941 2.2334e+12
3.0550 0.35890769 2.2703e+12
3.0600 0.36474596 2.3072e+12
3.0650 0.37058424 2.3441e+12
3.0700 0.37667850 2.3827e+12
3.0750 0.38322229 2.4241e+12
3.0800 0.38976609 2.4655e+12
3.0850 0.39630988 2.5069e+12
3.0900 0.40285368 2.5483e+12
3.0950 0.40939747 2.5897e+12
3.1000 0.41594126 2.6311e+12
3.1050 0.42248506 2.6724e+12
3.1100 0.42902885 2.7138e+12
3.1150 0.43570701 2.7561e+12
3.1200 0.44288663 2.8015e+12
3.1250 0.45006624 2.8469e+12
3.1300 0.45724585 2.8923e+12
3.1350 0.46442547 2.9377e+12
3.1400 0.47160508 2.9832e+12
3.1450 0.47878470 3.0286e+12
3.1500 0.48596431 3.0740e+12
3.1550 0.49314392 3.1194e+12
3.1600 0.50083168 3.1680e+12
3.1650 0.50855604 3.2169e+12
3.1700 0.51628040 3.2658e+12
3.1750 0.52400477 3.3146e+12
3.1800 0.53172913 3.3635e+12
3.1850 0.53945349 3.4123e+12
3.1900 0.54717786 3.4612e+12
3.1950 0.55503539 3.5109e+12
3.2000 0.56311481 3.5620e+12
3.2050 0.57119422 3.6131e+12
3.2100 0.57927363 3.6642e+12
3.2150 0.58735305 3.7153e+12
3.2200 0.59543246 3.7664e+12
3.2250 0.60351187 3.8175e+12
3.2300 0.61172774 3.8695e+12
3.2350 0.62013000 3.9227e+12
3.2400 0.62853226 3.9758e+12
3.2450 0.63693452 4.0290e+12
3.2500 0.64533679 4.0821e+12
3.2550 0.65373905 4.1353e+12
3.2600 0.66214131 4.1884e+12
3.2650 0.67075343 4.2429e+12
3.2700 0.67936860 4.2974e+12
3.2750 0.68798376 4.3519e+12
3.2800 0.69659892 4.4064e+12
3.2850 0.70521408 4.4609e+12
3.2900 0.71382925 4.5154e+12
3.2950 0.72246853 4.5700e+12
3.3000 0.73110798 4.6247e+12
3.3050 0.73974744 4.6793e+12
3.3100 0.74838689 4.7340e+12
3.3150 0.75702634 4.7886e+12
3.3200 0.76570995 4.8435e+12
3.3250 0.77446341 4.8989e+12
3.3300 0.78321687 4.9543e+12
3.3350 0.79197033 5.0096e+12
3.3400 0.80072379 5.0650e+12
3.3450 0.80944643 5.1202e+12
3.3500 0.81794632 5.1740e+12
3.3550 0.82644621 5.2277e+12
3.3600 0.83494610 5.2815e+12
3.3650 0.84344599 5.3353e+12
3.3700 0.85191318 5.3888e+12
3.3750 0.86020452 5.4413e+12
3.3800 0.86849585 5.4937e+12
3.3850 0.87678719 5.5462e+12
3.3900 0.88507853 5.5986e+12
3.3950 0.89345833 5.6516e+12
3.4000 0.90194173 5.7053e+12
3.4050 0.91042512 5.7589e+12
3.4100 0.91890852 5.8126e+12
3.4150 0.92738847 5.8662e+12
3.4200 0.93522566 5.9158e+12
3.4250 0.94306284 5.9654e+12
3.4300 0.95090002 6.0150e+12
3.4350 0.95873720 6.0645e+12
3.4400 0.96602368 6.1106e+12
3.4450 0.97314330 6.1557e+12
3.4500 0.98026293 6.2007e+12
3.4550 0.98738255 6.2457e+12
3.4600 0.99471674 6.2921e+12
3.4650 1.00213158 6.3390e+12
3.4700 1.00954642 6.3859e+12
3.4750 1.01696126 6.4328e+12
3.4800 1.02339940 6.4736e+12
3.4850 1.02968611 6.5133e+12
3.4900 1.03597282 6.5531e+12
3.4950 1.04226595 6.5929e+12
3.5000 1.04859068 6.6329e+12
3.5050 1.05491541 6.6729e+12
3.5100 1.06124014 6.7129e+12
3.5150 1.06677690 6.7479e+12
3.5200 1.07183748 6.7800e+12
3.5250 1.07689807 6.8120e+12
3.5300 1.08213116 6.8451e+12
3.5350 1.08798796 6.8821e+12
3.5400 1.09384476 6.9192e+12
3.5450 1.09970155 6.9562e+12
3.5500 1.10351231 6.9803e+12
3.5550 1.10718918 7.0036e+12
3.5600 1.11086604 7.0268e+12
3.5650 1.11462235 7.0506e+12
3.5700 1.11840111 7.0745e+12
3.5750 1.12217987 7.0984e+12
3.5800 1.12637371 7.1249e+12
3.5850 1.13071972 7.1524e+12
3.5900 1.13506574 7.1799e+12
3.5950 1.13735072 7.1944e+12
3.6000 1.13907814 7.2053e+12
3.6050 1.14080556 7.2162e+12
3.6100 1.14255875 7.2273e+12
3.6150 1.14431361 7.2384e+12
3.6200 1.14586611 7.2482e+12
3.6250 1.14650504 7.2523e+12
3.6300 1.14714396 7.2563e+12
3.6350 1.14835561 7.2640e+12
3.6400 1.15012076 7.2751e+12
3.6450 1.15188590 7.2863e+12
3.6500 1.15061198 7.2783e+12
3.6550 1.14905774 7.2684e+12
3.6600 1.14807683 7.2622e+12
3.6650 1.14796416 7.2615e+12
3.6700 1.14785148 7.2608e+12
3.6750 1.14767940 7.2597e+12
3.6800 1.14750426 7.2586e+12
3.6850 1.14671969 7.2536e+12
3.6900 1.14547724 7.2458e+12
3.6950 1.14335469 7.2323e+12
3.7000 1.13865560 7.2026e+12
3.7050 1.13395651 7.1729e+12
3.7100 1.13255341 7.1640e+12
3.7150 1.13115556 7.1552e+12
3.7200 1.12681854 7.1277e+12
3.7250 1.12174365 7.0956e+12
3.7300 1.11860042 7.0758e+12
3.7350 1.11647660 7.0623e+12
3.7400 1.11264153 7.0381e+12
3.7450 1.10746992 7.0054e+12
3.7500 1.10234962 6.9730e+12
3.7550 1.09727713 6.9409e+12
3.7600 1.09269275 6.9119e+12
3.7650 1.08855750 6.8857e+12
3.7700 1.08205588 6.8446e+12
3.7750 1.07376056 6.7921e+12
3.7800 1.06723890 6.7509e+12
3.7850 1.06163192 6.7154e+12
3.7900 1.05580527 6.6785e+12
3.7950 1.04992085 6.6413e+12
3.8000 1.04467528 6.6081e+12
3.8050 1.03893932 6.5719e+12
3.8100 1.03072669 6.5199e+12
3.8150 1.02194468 6.4644e+12
3.8200 1.01236769 6.4038e+12
3.8250 1.00589191 6.3628e+12
3.8300 1.00070710 6.3300e+12
3.8350 0.99038962 6.2648e+12
3.8400 0.97965017 6.1968e+12
3.8450 0.96814793 6.1241e+12
3.8500 0.95668613 6.0516e+12
3.8550 0.94551472 5.9809e+12
3.8600 0.93605369 5.9211e+12
3.8650 0.92828540 5.8719e+12
3.8700 0.92156226 5.8294e+12
3.8750 0.90920564 5.7512e+12
3.8800 0.90071500 5.6975e+12
3.8850 0.89543384 5.6641e+12
3.8900 0.88363617 5.5895e+12
3.8950 0.86899617 5.4969e+12
3.9000 0.85380188 5.4008e+12
3.9050 0.84739632 5.3602e+12
3.9100 0.83722069 5.2959e+12
3.9150 0.82519238 5.2198e+12
3.9200 0.81224680 5.1379e+12
3.9250 0.79489281 5.0281e+12
3.9300 0.78394648 4.9589e+12
3.9350 0.77460065 4.8998e+12
3.9400 0.76006719 4.8078e+12
3.9450 0.74982829 4.7431e+12
3.9500 0.73724739 4.6635e+12
3.9550 0.72280644 4.5721e+12
3.9600 0.70866285 4.4827e+12
3.9650 0.70054564 4.4313e+12
3.9700 0.69005584 4.3650e+12
3.9750 0.67961198 4.2989e+12
3.9800 0.66810852 4.2262e+12
3.9850 0.65292920 4.1301e+12
3.9900 0.63529152 4.0186e+12
3.9950 0.62658781 3.9635e+12
4.0000 0.60873373 3.8506e+12
4.0050 0.60303235 3.8145e+12
4.0100 0.58825868 3.7211e+12
4.0150 0.57028523 3.6074e+12
4.0200 0.55590815 3.5164e+12
4.0250 0.54700208 3.4601e+12
4.0300 0.53720169 3.3981e+12
4.0350 0.52405823 3.3150e+12
4.0400 0.51225465 3.2403e+12
4.0450 0.49961119 3.1603e+12
4.0500 0.48736707 3.0829e+12
4.0550 0.47684317 3.0163e+12
4.0600 0.46456759 2.9386e+12
4.0650 0.45319423 2.8667e+12
4.0700 0.44332142 2.8043e+12
4.0750 0.43201035 2.7327e+12
4.0800 0.41887340 2.6496e+12
4.0850 0.40813725 2.5817e+12
4.0900 0.39574729 2.5033e+12
4.0950 0.38022776 2.4051e+12
4.1000 0.37460701 2.3696e+12
4.1050 0.36189553 2.2892e+12
4.1100 0.34674897 2.1934e+12
4.1150 0.34340060 2.1722e+12
4.1200 0.32683366 2.0674e+12
4.1250 0.31800446 2.0116e+12
4.1300 0.30975781 1.9594e+12
4.1350 0.29647342 1.8754e+12
4.1400 0.28851385 1.8250e+12
4.1450 0.27232517 1.7226e+12
4.1500 0.26622838 1.6840e+12
4.1550 0.25954775 1.6418e+12
4.1600 0.24568480 1.5541e+12
4.1650 0.24150004 1.5276e+12
4.1700 0.22881158 1.4474e+12
4.1750 0.22583955 1.4286e+12
4.1800 0.21161858 1.3386e+12
4.1850 0.20421618 1.2918e+12
4.1900 0.19760615 1.2500e+12
4.1950 0.19023381 1.2033e+12
4.2000 0.18345723 1.1605e+12
4.2050 0.17578794 1.1120e+12
4.2100 0.16178682 1.0234e+12
4.2150 0.15887150 1.0049e+12
4.2200 0.15209438 9.6208e+11
4.2250 0.14719188 9.3107e+11
4.2300 0.13874001 8.7761e+11
4.2350 0.13458822 8.5134e+11
4.2400 0.12584545 7.9604e+11
4.2450 0.12181368 7.7054e+11
4.2500 0.11585771 7.3286e+11
4.2550 0.11057348 6.9944e+11
4.2600 0.10463365 6.6187e+11
4.2650 0.09863652 6.2393e+11
4.2700 0.09338142 5.9069e+11
4.2750 0.08782424 5.5554e+11
4.2800 0.08504446 5.3795e+11
4.2850 0.08383248 5.3029e+11
4.2900 0.07493391 4.7400e+11
4.2950 0.07195673 4.5517e+11
4.3000 0.06654992 4.2096e+11
4.3050 0.06389359 4.0416e+11
4.3100 0.06016458 3.8057e+11
4.3150 0.05686091 3.5968e+11
4.3200 0.05122859 3.2405e+11
4.3250 0.04935066 3.1217e+11
4.3300 0.04493446 2.8424e+11
4.3350 0.04425279 2.7992e+11
4.3400 0.04011514 2.5375e+11
4.3450 0.03881376 2.4552e+11
4.3500 0.03723027 2.3550e+11
4.3550 0.03299629 2.0872e+11
4.3600 0.03158959 1.9982e+11
4.3650 0.02811376 1.7783e+11
4.3700 0.02827675 1.7887e+11
4.3750 0.02492192 1.5764e+11
4.3800 0.02413397 1.5266e+11
4.3850 0.02076574 1.3135e+11
4.3900 0.02113345 1.3368e+11
4.3950 0.01861911 1.1778e+11
4.4000 0.01536677 9.7203e+10
4.4050 0.01633298 1.0332e+11
4.4100 0.01397558 8.8403e+10
4.4150 0.01346307 8.5161e+10
4.4200 0.01239374 7.8397e+10
4.4250 0.00915329 5.7900e+10
4.4300 0.00905706 5.7291e+10
4.4350 0.00929328 5.8785e+10
4.4400 0.00876782 5.5461e+10
4.4450 0.00927207 5.8651e+10
4.4500 0.00728304 4.6069e+10
4.4550 0.00648188 4.1001e+10
4.4600 0.00527940 3.3395e+10
4.4650 0.00553832 3.5033e+10
4.4700 0.00671768 4.2493e+10
4.4750 0.00418544 2.6475e+10
4.4800 0.00642321 4.0630e+10
4.4850 0.00310537 1.9643e+10
4.4900 0.00371185 2.3479e+10
4.4950 0.00374366 2.3681e+10
4.5000 0.00296097 1.8730e+10
4.5050 0.00268265 1.6969e+10
4.5100 0.00180752 1.1434e+10
4.5150 0.00135338 8.5609e+09
4.5200 0.00195561 1.2370e+10
4.5250 0.00206900 1.3088e+10
4.5300 0.00161712 1.0229e+10
4.5350 0.00154893 9.7978e+09
4.5400 0.00110854 7.0121e+09
4.5450 0.00077797 4.9211e+09
4.5500 0.00082238 5.2020e+09
4.5550 0.00101829 6.4413e+09
4.5600 0.00077262 4.8873e+09
4.5650 0.00053891 3.4089e+09
4.5700 0.00148344 9.3835e+09
4.5750 0.00064614 4.0872e+09
4.5800 0.00035293 2.2325e+09
4.5850 0.00066431 4.2021e+09
4.5900 0.00047856 3.0272e+09
4.5950 0.00027734 1.7543e+09
4.6000 0.00028059 1.7749e+09
4.6050 0.00031185 1.9726e+09
4.6100 0.00061648 3.8996e+09
4.6150 0.00067040 4.2406e+09
4.6200 0.00027474 1.7379e+09
4.6250 0.00056228 3.5567e+09
4.6300 0.00057543 3.6399e+09
4.6350 0.00049083 3.1048e+09
4.6400 0.00031175 1.9720e+09
4.6450 0.00032017 2.0253e+09
4.6500 0.00039682 2.5101e+09
4.6550 0.00047347 2.9949e+09
4.6600 0.00055012 3.4798e+09
4.6650 0.00062677 3.9646e+09
4.6700 0.00066496 4.2062e+09
4.6750 0.00054178 3.4271e+09
4.6800 0.00041860 2.6479e+09
4.6850 0.00000000 0.0000e+00
4.6900 0.00000000 0.0000e+00
4.6950 0.00000000 0.0000e+00
4.7000 0.00000000 0.0000e+00
4.7050 0.00000000 0.0000e+00
4.7100 0.00000000 0.0000e+00
4.7150 0.00000000 0.0000e+00
4.7200 0.00000000 0.0000e+00
4.7250 0.00000000 0.0000e+00
4.7300 0.00000000 0.0000e+00
4.7350 0.00000000 0.0000e+00
4.7400 0.00000000 0.0000e+00
4.7450 0.00000000 0.0000e+00
4.7500 0.00000000 0.0000e+00
4.7550 0.00000000 0.0000e+00
4.7600 0.00000000 0.0000e+00
4.7650 0.00000000 0.0000e+00
4.7700 0.00000000 0.0000e+00
4.7750 0.00000000 0.0000e+00
4.7800 0.00000000 0.0000e+00
4.7850 0.00000000 0.0000e+00
4.7900 0.00000000 0.0000e+00
4.7950 0.00000000 0.0000e+00
4.8000 0.00000000 0.0000e+00
4.8050 0.00000000 0.0000e+00
4.8100 0.00000000 0.0000e+00
4.8150 0.00000000 0.0000e+00
4.8200 0.00000000 0.0000e+00
4.8250 0.00000000 0.0000e+00
4.8300 0.00000000 0.0000e+00
4.8350 0.00000000 0.0000e+00
4.8400 0.00000000 0.0000e+00
4.8450 0.00000000 0.0000e+00
4.8500 0.00000000 0.0000e+00
4.8550 0.00000000 0.0000e+00
4.8600 0.00000000 0.0000e+00
4.8650 0.00000000 0.0000e+00
4.8700 0.00000000 0.0000e+00
4.8750 0.00000000 0.0000e+00
4.8800 0.00000000 0.0000e+00
4.8850 0.00000000 0.0000e+00
4.8900 0.00000000 0.0000e+00
4.8950 0.00000000 0.0000e+00
4.9000 0.00000000 0.0000e+00
4.9050 0.00000000 0.0000e+00
4.9100 0.00000000 0.0000e+00
4.9150 0.00000000 0.0000e+00
4.9200 0.00000000 0.0000e+00
4.9250 0.00000000 0.0000e+00
4.9300 0.00000000 0.0000e+00
4.9350 0.00000000 0.0000e+00
4.9400 0.00000000 0.0000e+00
4.9450 0.00000000 0.0000e+00
4.9500 0.00000000 0.0000e+00
4.9550 0.00000000 0.0000e+00
4.9600 0.00000000 0.0000e+00
4.9650 0.00000000 0.0000e+00
4.9700 0.00000000 0.0000e+00
4.9750 0.00000000 0.0000e+00
4.9800 0.00000000 0.0000e+00
4.9850 0.00000000 0.0000e+00
4.9900 0.00000000 0.0000e+00
4.9950 0.00000000 0.0000e+00
5.0000 0.00000000 0.0000e+00
5.0050 0.00000000 0.0000e+00
5.0100 0.00000000 0.0000e+00
5.0150 0.00000000 0.0000e+00
5.0200 0.00000000 0.0000e+00
5.0250 0.00000000 0.0000e+00
5.0300 0.00000000 0.0000e+00
5.0350 0.00000000 0.0000e+00
5.0400 0.00000000 0.0000e+00
5.0450 0.00000000 0.0000e+00
5.0500 0.00000000 0.0000e+00
5.0550 0.00000000 0.0000e+00
5.0600 0.00000000 0.0000e+00
5.0650 0.00000000 0.0000e+00
5.0700 0.00000000 0.0000e+00
5.0750 0.00000000 0.0000e+00
5.0800 0.00000000 0.0000e+00
5.0850 0.00000000 0.0000e+00
5.0900 0.00000000 0.0000e+00
5.0950 0.00000000 0.0000e+00
5.1000 0.00000000 0.0000e+00
5.1050 0.00000000 0.0000e+00
5.1100 0.00000000 0.0000e+00
5.1150 0.00000000 0.0000e+00
5.1200 0.00000000 0.0000e+00
5.1250 0.00000000 0.0000e+00
5.1300 0.00000000 0.0000e+00
5.1350 0.00000000 0.0000e+00
5.1400 0.00000000 0.0000e+00
5.1450 0.00000000 0.0000e+00
5.1500 0.00000000 0.0000e+00
5.1550 0.00000000 0.0000e+00
5.1600 0.00000000 0.0000e+00
5.1650 0.00000000 0.0000e+00
5.1700 0.00000000 0.0000e+00
5.1750 0.00000000 0.0000e+00
5.1800 0.00000000 0.0000e+00
5.1850 0.00000000 0.0000e+00
5.1900 0.00000000 0.0000e+00
5.1950 0.00000000 0.0000e+00
5.2000 0.00000000 0.0000e+00
5.2050 0.00000000 0.0000e+00
5.2100 0.00000000 0.0000e+00
5.2150 0.00000000 0.0000e+00
5.2200 0.00000000 0.0000e+00
5.2250 0.00000000 0.0000e+00
5.2300 0.00000000 0.0000e+00
5.2350 0.00000000 0.0000e+00
5.2400 0.00000000 0.0000e+00
5.2450 0.00000000 0.0000e+00
5.2500 0.00000000 0.0000e+00
5.2550 0.00000000 0.0000e+00
5.2600 0.00000000 0.0000e+00
5.2650 0.00000000 0.0000e+00
5.2700 0.00000000 0.0000e+00
5.2750 0.00000000 0.0000e+00
5.2800 0.00000000 0.0000e+00
5.2850 0.00000000 0.0000e+00
5.2900 0.00000000 0.0000e+00
5.2950 0.00000000 0.0000e+00
5.3000 0.00000000 0.0000e+00
5.3050 0.00000000 0.0000e+00
5.3100 0.00000000 0.0000e+00
5.3150 0.00000000 0.0000e+00
5.3200 0.00000000 0.0000e+00
5.3250 0.00000000 0.0000e+00
5.3300 0.00000000 0.0000e+00
5.3350 0.00000000 0.0000e+00
5.3400 0.00000000 0.0000e+00
5.3450 0.00000000 0.0000e+00
5.3500 0.00000000 0.0000e+00
5.3550 0.00000000 0.0000e+00
5.3600 0.00000000 0.0000e+00
5.3650 0.00000000 0.0000e+00
5.3700 0.00000000 0.0000e+00
5.3750 0.00000000 0.0000e+00
5.3800 0.00000000 0.0000e+00
5.3850 0.00000000 0.0000e+00
5.3900 0.00000000 0.0000e+00
5.3950 0.00000000 0.0000e+00
5.4000 0.00000000 0.0000e+00
5.4050 0.00000000 0.0000e+00
5.4100 0.00000000 0.0000e+00
5.4150 0.00000000 0.0000e+00
5.4200 0.00000000 0.0000e+00
5.4250 0.00000000 0.0000e+00
5.4300 0.00000000 0.0000e+00
5.4350 0.00000000 0.0000e+00
5.4400 0.00000000 0.0000e+00
5.4450 0.00000000 0.0000e+00
5.4500 0.00000000 0.0000e+00
5.4550 0.00000000 0.0000e+00
5.4600 0.00000000 0.0000e+00
5.4650 0.00000000 0.0000e+00
5.4700 0.00000000 0.0000e+00
5.4750 0.00000000 0.0000e+00
5.4800 0.00000000 0.0000e+00
5.4850 0.00000000 0.0000e+00
5.4900 0.00000000 0.0000e+00
5.4950 0.00000000 0.0000e+00
5.5000 0.00000000 0.0000e+00
5.5050 0.00000000 0.0000e+00
5.5100 0.00000000 0.0000e+00
5.5150 0.00000000 0.0000e+00
5.5200 0.00000000 0.0000e+00
5.5250 0.00000000 0.0000e+00
5.5300 0.00000000 0.0000e+00
5.5350 0.00000000 0.0000e+00
5.5400 0.00000000 0.0000e+00
5.5450 0.00000000 0.0000e+00
5.5500 0.00000000 0.0000e+00
5.5550 0.00000000 0.0000e+00
5.5600 0.00000000 0.0000e+00
5.5650 0.00000000 0.0000e+00
5.5700 0.00000000 0.0000e+00
5.5750 0.00000000 0.0000e+00
5.5800 0.00000000 0.0000e+00
5.5850 0.00000000 0.0000e+00
5.5900 0.00000000 0.0000e+00
5.5950 0.00000000 0.0000e+00
5.6000 0.00000000 0.0000e+00
5.6050 0.00000000 0.0000e+00
5.6100 0.00000000 0.0000e+00
5.6150 0.00000000 0.0000e+00
5.6200 0.00000000 0.0000e+00
5.6250 0.00000000 0.0000e+00
5.6300 0.00000000 0.0000e+00
5.6350 0.00000000 0.0000e+00
5.6400 0.00000000 0.0000e+00
5.6450 0.00000000 0.0000e+00
5.6500 0.00000000 0.0000e+00
5.6550 0.00000000 0.0000e+00
5.6600 0.00000000 0.0000e+00
5.6650 0.00000000 0.0000e+00
5.6700 0.00000000 0.0000e+00
5.6750 0.00000000 0.0000e+00
5.6800 0.00000000 0.0000e+00
5.6850 0.00000000 0.0000e+00
5.6900 0.00000000 0.0000e+00
5.6950 0.00000000 0.0000e+00
5.7000 0.00000000 0.0000e+00
5.7050 0.00000000 0.0000e+00
5.7100 0.00000000 0.0000e+00
5.7150 0.00000000 0.0000e+00
5.7200 0.00000000 0.0000e+00
5.7250 0.00000000 0.0000e+00
5.7300 0.00000000 0.0000e+00
5.7350 0.00000000 0.0000e+00
5.7400 0.00000000 0.0000e+00
5.7450 0.00000000 0.0000e+00
5.7500 0.00000000 0.0000e+00
5.7550 0.00000000 0.0000e+00
5.7600 0.00000000 0.0000e+00
5.7650 0.00000000 0.0000e+00
5.7700 0.00000000 0.0000e+00
5.7750 0.00000000 0.0000e+00
5.7800 0.00000000 0.0000e+00
5.7850 0.00000000 0.0000e+00
5.7900 0.00000000 0.0000e+00
5.7950 0.00000000 0.0000e+00
5.8000 0.00000000 0.0000e+00
5.8050 0.00000000 0.0000e+00
5.8100 0.00000000 0.0000e+00
5.8150 0.00000000 0.0000e+00
5.8200 0.00000000 0.0000e+00
5.8250 0.00000000 0.0000e+00
5.8300 0.00000000 0.0000e+00
5.8350 0.00000000 0.0000e+00
5.8400 0.00000000 0.0000e+00
5.8450 0.00000000 0.0000e+00
5.8500 0.00000000 0.0000e+00
5.8550 0.00000000 0.0000e+00
5.8600 0.00000000 0.0000e+00
5.8650 0.00000000 0.0000e+00
5.8700 0.00000000 0.0000e+00
5.8750 0.00000000 0.0000e+00
5.8800 0.00000000 0.0000e+00
5.8850 0.00000000 0.0000e+00
5.8900 0.00000000 0.0000e+00
5.8950 0.00000000 0.0000e+00
5.9000 0.00000000 0.0000e+00
5.9050 0.00000000 0.0000e+00
5.9100 0.00000000 0.0000e+00
5.9150 0.00000000 0.0000e+00
5.9200 0.00000000 0.0000e+00
5.9250 0.00000000 0.0000e+00
5.9300 0.00000000 0.0000e+00
5.9350 0.00000000 0.0000e+00
5.9400 0.00000000 0.0000e+00
5.9450 0.00000000 0.0000e+00
5.9500 0.00000000 0.0000e+00
5.9550 0.00000000 0.0000e+00
5.9600 0.00000000 0.0000e+00
5.9650 0.00000000 0.0000e+00
5.9700 0.00000000 0.0000e+00
5.9750 0.00000000 0.0000e+00
5.9800 0.00000000 0.0000e+00
5.9850 0.00000000 0.0000e+00
5.9900 0.00000000 0.0000e+00
5.9950 0.00000000 0.0000e+00
6.0000 0.00000000 0.0000e+00
6.0050 0.00000000 0.0000e+00
6.0100 0.00000000 0.0000e+00
6.0150 0.00000000 0.0000e+00
6.0200 0.00000000 0.0000e+00
6.0250 0.00000000 0.0000e+00
6.0300 0.00000000 0.0000e+00
6.0350 0.00000000 0.0000e+00
6.0400 0.00000000 0.0000e+00
6.0450 0.00000000 0.0000e+00
6.0500 0.00000000 0.0000e+00
6.0550 0.00000000 0.0000e+00
6.0600 0.00000000 0.0000e+00
6.0650 0.00000000 0.0000e+00
6.0700 0.00000000 0.0000e+00
6.0750 0.00000000 0.0000e+00
6.0800 0.00000000 0.0000e+00
6.0850 0.00000000 0.0000e+00
6.0900 0.00000000 0.0000e+00
6.0950 0.00000000 0.0000e+00
6.1000 0.00000000 0.0000e+00
6.1050 0.00000000 0.0000e+00
6.1100 0.00000000 0.0000e+00
6.1150 0.00000000 0.0000e+00
6.1200 0.00000000 0.0000e+00
6.1250 0.00000000 0.0000e+00
6.1300 0.00000000 0.0000e+00
6.1350 0.00000000 0.0000e+00
6.1400 0.00000000 0.0000e+00
6.1450 0.00000000 0.0000e+00
6.1500 0.00000000 0.0000e+00
6.1550 0.00000000 0.0000e+00
6.1600 0.00000000 0.0000e+00
6.1650 0.00000000 0.0000e+00
6.1700 0.00000000 0.0000e+00
6.1750 0.00000000 0.0000e+00
6.1800 0.00000000 0.0000e+00
6.1850 0.00000000 0.0000e+00
6.1900 0.00000000 0.0000e+00
6.1950 0.00000000 0.0000e+00
6.2000 0.00000000 0.0000e+00
6.2050 0.00000000 0.0000e+00
6.2100 0.00000000 0.0000e+00
6.2150 0.00000000 0.0000e+00
6.2200 0.00000000 0.0000e+00
6.2250 0.00000000 0.0000e+00
6.2300 0.00000000 0.0000e+00
6.2350 0.00000000 0.0000e+00
6.2400 0.00000000 0.0000e+00
6.2450 0.00000000 0.0000e+00
6.2500 0.00000000 0.0000e+00
6.2550 0.00000000 0.0000e+00
6.2600 0.00000000 0.0000e+00
6.2650 0.00000000 0.0000e+00
6.2700 0.00000000 0.0000e+00
6.2750 0.00000000 0.0000e+00
6.2800 0.00000000 0.0000e+00
6.2850 0.00000000 0.0000e+00
6.2900 0.00000000 0.0000e+00
6.2950 0.00000000 0.0000e+00
6.3000 0.00000000 0.0000e+00
6.3050 0.00000000 0.0000e+00
6.3100 0.00000000 0.0000e+00
6.3150 0.00000000 0.0000e+00
6.3200 0.00000000 0.0000e+00
6.3250 0.00000000 0.0000e+00
6.3300 0.00000000 0.0000e+00
6.3350 0.00000000 0.0000e+00
6.3400 0.00000000 0.0000e+00
6.3450 0.00000000 0.0000e+00
6.3500 0.00000000 0.0000e+00
6.3550 0.00000000 0.0000e+00
6.3600 0.00000000 0.0000e+00
6.3650 0.00000000 0.0000e+00
6.3700 0.00000000 0.0000e+00
6.3750 0.00000000 0.0000e+00
6.3800 0.00000000 0.0000e+00
6.3850 0.00000000 0.0000e+00
6.3900 0.00000000 0.0000e+00
6.3950 0.00000000 0.0000e+00
6.4000 0.00000000 0.0000e+00
6.4050 0.00000000 0.0000e+00
6.4100 0.00000000 0.0000e+00
6.4150 0.00000000 0.0000e+00
6.4200 0.00000000 0.0000e+00
6.4250 0.00000000 0.0000e+00
6.4300 0.00000000 0.0000e+00
6.4350 0.00000000 0.0000e+00
6.4400 0.00000000 0.0000e+00
6.4450 0.00000000 0.0000e+00
6.4500 0.00000000 0.0000e+00
6.4550 0.00000000 0.0000e+00
6.4600 0.00000000 0.0000e+00
6.4650 0.00000000 0.0000e+00
6.4700 0.00000000 0.0000e+00
6.4750 0.00000000 0.0000e+00
6.4800 0.00000000 0.0000e+00
6.4850 0.00000000 0.0000e+00
6.4900 0.00000000 0.0000e+00
6.4950 0.00000000 0.0000e+00
6.5000 0.00000000 0.0000e+00
6.5050 0.00000000 0.0000e+00
6.5100 0.00000000 0.0000e+00
6.5150 0.00000000 0.0000e+00
6.5200 0.00000000 0.0000e+00
6.5250 0.00000000 0.0000e+00
6.5300 0.00000000 0.0000e+00
6.5350 0.00000000 0.0000e+00
6.5400 0.00000000 0.0000e+00
6.5450 0.00000000 0.0000e+00
6.5500 0.00000000 0.0000e+00
6.5550 0.00000000 0.0000e+00
6.5600 0.00000000 0.0000e+00
6.5650 0.00000000 0.0000e+00
6.5700 0.00000000 0.0000e+00
6.5750 0.00000000 0.0000e+00
6.5800 0.00000000 0.0000e+00
6.5850 0.00000000 0.0000e+00
6.5900 0.00000000 0.0000e+00
6.5950 0.00000000 0.0000e+00
6.6000 0.00000000 0.0000e+00
6.6050 0.00000000 0.0000e+00
6.6100 0.00000000 0.0000e+00
6.6150 0.00000000 0.0000e+00
6.6200 0.00000000 0.0000e+00
6.6250 0.00000000 0.0000e+00
6.6300 0.00000000 0.0000e+00
6.6350 0.00000000 0.0000e+00
6.6400 0.00000000 0.0000e+00
6.6450 0.00000000 0.0000e+00
6.6500 0.00000000 0.0000e+00
6.6550 0.00000000 0.0000e+00
6.6600 0.00000000 0.0000e+00
6.6650 0.00000000 0.0000e+00
6.6700 0.00000000 0.0000e+00
6.6750 0.00000000 0.0000e+00
6.6800 0.00000000 0.0000e+00
6.6850 0.00000000 0.0000e+00
6.6900 0.00000000 0.0000e+00
6.6950 0.00000000 0.0000e+00
6.7000 0.00000000 0.0000e+00
6.7050 0.00000000 0.0000e+00
6.7100 0.00000000 0.0000e+00
6.7150 0.00000000 0.0000e+00
6.7200 0.00000000 0.0000e+00
6.7250 0.00000000 0.0000e+00
6.7300 0.00000000 0.0000e+00
6.7350 0.00000000 0.0000e+00
6.7400 0.00000000 0.0000e+00
6.7450 0.00000000 0.0000e+00
6.7500 0.00000000 0.0000e+00
6.7550 0.00000000 0.0000e+00
6.7600 0.00000000 0.0000e+00
6.7650 0.00000000 0.0000e+00
6.7700 0.00000000 0.0000e+00
6.7750 0.00000000 0.0000e+00
6.7800 0.00000000 0.0000e+00
6.7850 0.00000000 0.0000e+00
6.7900 0.00000000 0.0000e+00
6.7950 0.00000000 0.0000e+00
6.8000 0.00000000 0.0000e+00
6.8050 0.00000000 0.0000e+00
6.8100 0.00000000 0.0000e+00
6.8150 0.00000000 0.0000e+00
6.8200 0.00000000 0.0000e+00
6.8250 0.00000000 0.0000e+00
6.8300 0.00000000 0.0000e+00
6.8350 0.00000000 0.0000e+00
6.8400 0.00000000 0.0000e+00
6.8450 0.00000000 0.0000e+00
6.8500 0.00000000 0.0000e+00
6.8550 0.00000000 0.0000e+00
6.8600 0.00000000 0.0000e+00
6.8650 0.00000000 0.0000e+00
6.8700 0.00000000 0.0000e+00
6.8750 0.00000000 0.0000e+00
6.8800 0.00000000 0.0000e+00
6.8850 0.00000000 0.0000e+00
6.8900 0.00000000 0.0000e+00
6.8950 0.00000000 0.0000e+00
6.9000 0.00000000 0.0000e+00
6.9050 0.00000000 0.0000e+00
6.9100 0.00000000 0.0000e+00
6.9150 0.00000000 0.0000e+00
6.9200 0.00000000 0.0000e+00
6.9250 0.00000000 0.0000e+00
6.9300 0.00000000 0.0000e+00
6.9350 0.00000000 0.0000e+00
6.9400 0.00000000 0.0000e+00
6.9450 0.00000000 0.0000e+00
6.9500 0.00000000 0.0000e+00
6.9550 0.00000000 0.0000e+00
6.9600 0.00000000 0.0000e+00
6.9650 0.00000000 0.0000e+00
6.9700 0.00000000 0.0000e+00
6.9750 0.00000000 0.0000e+00
6.9800 0.00000000 0.0000e+00
6.9850 0.00000000 0.0000e+00
6.9900 0.00000000 0.0000e+00
6.9950 0.00000000 0.0000e+00
7.0000 0.00000000 0.0000e+00
7.0050 0.00000000 0.0000e+00
7.0100 0.00000000 0.0000e+00
7.0150 0.00000000 0.0000e+00
7.0200 0.00000000 0.0000e+00
7.0250 0.00000000 0.0000e+00
7.0300 0.00000000 0.0000e+00
7.0350 0.00000000 0.0000e+00
7.0400 0.00000000 0.0000e+00
7.0450 0.00000000 0.0000e+00
7.0500 0.00000000 0.0000e+00
7.0550 0.00000000 0.0000e+00
7.0600 0.00000000 0.0000e+00
7.0650 0.00000000 0.0000e+00
7.0700 0.00000000 0.0000e+00
7.0750 0.00000000 0.0000e+00
7.0800 0.00000000 0.0000e+00
7.0850 0.00000000 0.0000e+00
7.0900 0.00000000 0.0000e+00
7.0950 0.00000000 0.0000e+00
7.1000 0.00000000 0.0000e+00
7.1050 0.00000000 0.0000e+00
7.1100 0.00000000 0.0000e+00
7.1150 0.00000000 0.0000e+00
7.1200 0.00000000 0.0000e+00
7.1250 0.00000000 0.0000e+00
7.1300 0.00000000 0.0000e+00
7.1350 0.00000000 0.0000e+00
7.1400 0.00000000 0.0000e+00
7.1450 0.00000000 0.0000e+00
7.1500 0.00000000 0.0000e+00
7.1550 0.00000000 0.0000e+00
7.1600 0.00000000 0.0000e+00
7.1650 0.00000000 0.0000e+00
7.1700 0.00000000 0.0000e+00
7.1750 0.00000000 0.0000e+00
7.1800 0.00000000 0.0000e+00
7.1850 0.00000000 0.0000e+00
7.1900 0.00000000 0.0000e+00
7.1950 0.00000000 0.0000e+00
7.2000 0.00000000 0.0000e+00
7.2050 0.00000000 0.0000e+00
7.2100 0.00000000 0.0000e+00
7.2150 0.00000000 0.0000e+00
7.2200 0.00000000 0.0000e+00
7.2250 0.00000000 0.0000e+00
7.2300 0.00000000 0.0000e+00
7.2350 0.00000000 0.0000e+00
7.2400 0.00000000 0.0000e+00
7.2450 0.00000000 0.0000e+00
7.2500 0.00000000 0.0000e+00
7.2550 0.00000000 0.0000e+00
7.2600 0.00000000 0.0000e+00
7.2650 0.00000000 0.0000e+00
7.2700 0.00000000 0.0000e+00
7.2750 0.00000000 0.0000e+00
7.2800 0.00000000 0.0000e+00
7.2850 0.00000000 0.0000e+00
7.2900 0.00000000 0.0000e+00
7.2950 0.00000000 0.0000e+00
7.3000 0.00000000 0.0000e+00
7.3050 0.00000000 0.0000e+00
7.3100 0.00000000 0.0000e+00
7.3150 0.00000000 0.0000e+00
7.3200 0.00000000 0.0000e+00
7.3250 0.00000000 0.0000e+00
7.3300 0.00000000 0.0000e+00
7.3350 0.00000000 0.0000e+00
7.3400 0.00000000 0.0000e+00
7.3450 0.00000000 0.0000e+00
7.3500 0.00000000 0.0000e+00
7.3550 0.00000000 0.0000e+00
7.3600 0.00000000 0.0000e+00
7.3650 0.00000000 0.0000e+00
7.3700 0.00000000 0.0000e+00
7.3750 0.00000000 0.0000e+00
7.3800 0.00000000 0.0000e+00
7.3850 0.00000000 0.0000e+00
7.3900 0.00000000 0.0000e+00
7.3950 0.00000000 0.0000e+00
7.4000 0.00000000 0.0000e+00
7.4050 0.00000000 0.0000e+00
7.4100 0.00000000 0.0000e+00
7.4150 0.00000000 0.0000e+00
7.4200 0.00000000 0.0000e+00
7.4250 0.00000000 0.0000e+00
7.4300 0.00000000 0.0000e+00
7.4350 0.00000000 0.0000e+00
7.4400 0.00000000 0.0000e+00
7.4450 0.00000000 0.0000e+00
7.4500 0.00000000 0.0000e+00
7.4550 0.00000000 0.0000e+00
7.4600 0.00000000 0.0000e+00
7.4650 0.00000000 0.0000e+00
7.4700 0.00000000 0.0000e+00
7.4750 0.00000000 0.0000e+00
7.4800 0.00000000 0.0000e+00
7.4850 0.00000000 0.0000e+00
7.4900 0.00000000 0.0000e+00
7.4950 0.00000000 0.0000e+00
7.5000 0.00000000 0.0000e+00
7.5050 0.00000000 0.0000e+00
7.5100 0.00000000 0.0000e+00
7.5150 0.00000000 0.0000e+00
7.5200 0.00000000 0.0000e+00
7.5250 0.00000000 0.0000e+00
7.5300 0.00000000 0.0000e+00
7.5350 0.00000000 0.0000e+00
7.5400 0.00000000 0.0000e+00
7.5450 0.00000000 0.0000e+00
7.5500 0.00000000 0.0000e+00
7.5550 0.00000000 0.0000e+00
7.5600 0.00000000 0.0000e+00
7.5650 0.00000000 0.0000e+00
7.5700 0.00000000 0.0000e+00
7.5750 0.00000000 0.0000e+00
7.5800 0.00000000 0.0000e+00
7.5850 0.00000000 0.0000e+00
7.5900 0.00000000 0.0000e+00
7.5950 0.00000000 0.0000e+00
7.6000 0.00000000 0.0000e+00
7.6050 0.00000000 0.0000e+00
7.6100 0.00000000 0.0000e+00
7.6150 0.00000000 0.0000e+00
7.6200 0.00000000 0.0000e+00
7.6250 0.00000000 0.0000e+00
7.6300 0.00000000 0.0000e+00
7.6350 0.00000000 0.0000e+00
7.6400 0.00000000 0.0000e+00
7.6450 0.00000000 0.0000e+00
7.6500 0.00000000 0.0000e+00
7.6550 0.00000000 0.0000e+00
7.6600 0.00000000 0.0000e+00
7.6650 0.00000000 0.0000e+00
7.6700 0.00000000 0.0000e+00
7.6750 0.00000000 0.0000e+00
7.6800 0.00000000 0.0000e+00
7.6850 0.00000000 0.0000e+00
7.6900 0.00000000 0.0000e+00
7.6950 0.00000000 0.0000e+00
7.7000 0.00000000 0.0000e+00
7.7050 0.00000000 0.0000e+00
7.7100 0.00000000 0.0000e+00
7.7150 0.00000000 0.0000e+00
7.7200 0.00000000 0.0000e+00
7.7250 0.00000000 0.0000e+00
7.7300 0.00000000 0.0000e+00
7.7350 0.00000000 0.0000e+00
7.7400 0.00000000 0.0000e+00
7.7450 0.00000000 0.0000e+00
7.7500 0.00000000 0.0000e+00
7.7550 0.00000000 0.0000e+00
7.7600 0.00000000 0.0000e+00
7.7650 0.00000000 0.0000e+00
7.7700 0.00000000 0.0000e+00
7.7750 0.00000000 0.0000e+00
7.7800 0.00000000 0.0000e+00
7.7850 0.00000000 0.0000e+00
7.7900 0.00000000 0.0000e+00
7.7950 0.00000000 0.0000e+00
7.8000 0.00000000 0.0000e+00
7.8050 0.00000000 0.0000e+00
7.8100 0.00000000 0.0000e+00
7.8150 0.00000000 0.0000e+00
7.8200 0.00000000 0.0000e+00
7.8250 0.00000000 0.0000e+00
7.8300 0.00000000 0.0000e+00
7.8350 0.00000000 0.0000e+00
7.8400 0.00000000 0.0000e+00
7.8450 0.00000000 0.0000e+00
7.8500 0.00000000 0.0000e+00
7.8550 0.00000000 0.0000e+00
7.8600 0.00000000 0.0000e+00
7.8650 0.00000000 0.0000e+00
7.8700 0.00000000 0.0000e+00
7.8750 0.00000000 0.0000e+00
7.8800 0.00000000 0.0000e+00
7.8850 0.00000000 0.0000e+00
7.8900 0.00000000 0.0000e+00
7.8950 0.00000000 0.0000e+00
7.9000 0.00000000 0.0000e+00
7.9050 0.00000000 0.0000e+00
7.9100 0.00000000 0.0000e+00
7.9150 0.00000000 0.0000e+00
7.9200 0.00000000 0.0000e+00
7.9250 0.00000000 0.0000e+00
7.9300 0.00000000 0.0000e+00
7.9350 0.00000000 0.0000e+00
7.9400 0.00000000 0.0000e+00
7.9450 0.00000000 0.0000e+00
7.9500 0.00000000 0.0000e+00
7.9550 0.00000000 0.0000e+00
7.9600 0.00000000 0.0000e+00
7.9650 0.00000000 0.0000e+00
7.9700 0.00000000 0.0000e+00
7.9750 0.00000000 0.0000e+00
7.9800 0.00000000 0.0000e+00
7.9850 0.00000000 0.0000e+00
7.9900 0.00000000 0.0000e+00
7.9950 0.00000000 0.0000e+00
8.0000 0.00000000 0.0000e+00
