0.0050 0.00000000 0.0000e+00
0.0100 0.00000000 0.0000e+00
0.0150 0.00000000 0.0000e+00
0.0200 0.00000000 0.0000e+00
0.0250 0.00000000 0.0000e+00
0.0300 0.00000000 0.0000e+00
0.0350 0.00000000 0.0000e+00
0.0400 0.00000000 0.0000e+00
0.0450 0.00000000 0.0000e+00
0.0500 0.00000000 0.0000e+00
0.0550 0.00000000 0.0000e+00
0.0600 0.00000000 0.0000e+00
0.0650 0.00000000 0.0000e+00
0.0700 0.00000000 0.0000e+00
0.0750 0.00000000 0.0000e+00
0.0800 0.00000000 0.0000e+00
0.0850 0.00000000 0.0000e+00
0.0900 0.00000000 0.0000e+00
0.0950 0.00000000 0.0000e+00
0.1000 0.00000000 0.0000e+00
0.1050 0.00000000 0.0000e+00
0.1100 0.00000000 0.0000e+00
0.1150 0.00000000 0.0000e+00
0.1200 0.00000000 0.0000e+00
0.1250 0.00000000 0.0000e+00
0.1300 0.00000000 0.0000e+00
0.1350 0.00000000 0.0000e+00
0.1400 0.00000000 0.0000e+00
0.1450 0.00000000 0.0000e+00
0.1500 0.00000000 0.0000e+00
0.1550 0.00000000 0.0000e+00
0.1600 0.00000000 0.0000e+00
0.1650 0.00000000 0.0000e+00
0.1700 0.00000000 0.0000e+00
0.1750 0.00000000 0.0000e+00
0.1800 0.00000000 0.0000e+00
0.1850 0.00000000 0.0000e+00
0.1900 0.00000000 0.0000e+00
0.1950 0.00000000 0.0000e+00
0.2000 0.00000000 0.0000e+00
0.2050 0.00000000 0.0000e+00
0.2100 0.00000000 0.0000e+00
0.2150 0.00000000 0.0000e+00
0.2200 0.00000000 0.0000e+00
0.2250 0.00000000 0.0000e+00
0.2300 0.00000000 0.0000e+00
0.2350 0.00000000 0.0000e+00
0.2400 0.00000000 0.0000e+00
0.2450 0.00000000 0.0000e+00
0.2500 0.00000000 0.0000e+00
0.2550 0.00000000 0.0000e+00
0.2600 0.00000000 0.0000e+00
0.2650 0.00000000 0.0000e+00
0.2700 0.00000000 0.0000e+00
0.2750 0.00000000 0.0000e+00
0.2800 0.00000000 0.0000e+00
0.2850 0.00000000 0.0000e+00
0.2900 0.00000000 0.0000e+00
0.2950 0.00000000 0.0000e+00
0.3000 0.00000000 0.0000e+00
0.3050 0.00000000 0.0000e+00
0.3100 0.00000000 0.0000e+00
0.3150 0.00000000 0.0000e+00
0.3200 0.00000000 0.0000e+00
0.3250 0.00000000 0.0000e+00
0.3300 0.00000000 0.0000e+00
0.3350 0.00000000 0.0000e+00
0.3400 0.00000000 0.0000e+00
0.3450 0.00000000 0.0000e+00
0.3500 0.00000000 0.0000e+00
0.3550 0.00000000 0.0000e+00
0.3600 0.00000000 0.0000e+00
0.3650 0.00000000 0.0000e+00
0.3700 0.00000000 0.0000e+00
0.3750 0.00000000 0.0000e+00
0.3800 0.00000000 0.0000e+00
0.3850 0.00000000 0.0000e+00
0.3900 0.00000000 0.0000e+00
0.3950 0.00000000 0.0000e+00
0.4000 0.00000000 0.0000e+00
0.4050 0.00000000 0.0000e+00
0.4100 0.00000000 0.0000e+00
0.4150 0.00000000 0.0000e+00
0.4200 0.00000000 0.0000e+00
0.4250 0.00000000 0.0000e+00
0.4300 0.00000000 0.0000e+00
0.4350 0.00000000 0.0000e+00
0.4400 0.00000000 0.0000e+00
0.4450 0.00000000 0.0000e+00
0.4500 0.00000000 0.0000e+00
0.4550 0.00000000 0.0000e+00
0.4600 0.00000000 0.0000e+00
0.4650 0.00000000 0.0000e+00
0.4700 0.00000000 0.0000e+00
0.4750 0.00000000 0.0000e+00
0.4800 0.00000000 0.0000e+00
0.4850 0.00000000 0.0000e+00
0.4900 0.00000000 0.0000e+00
0.4950 0.00000000 0.0000e+00
0.5000 0.00000000 0.0000e+00
0.5050 0.00000000 0.0000e+00
0.5100 0.00000000 0.0000e+00
0.5150 0.00000000 0.0000e+00
0.5200 0.00000000 0.0000e+00
0.5250 0.00000000 0.0000e+00
0.5300 0.00000000 0.0000e+00
0.5350 0.00000000 0.0000e+00
0.5400 0.00000000 0.0000e+00
0.5450 0.00000000 0.0000e+00
0.5500 0.00000000 0.0000e+00
0.5550 0.00000000 0.0000e+00
0.5600 0.00000000 0.0000e+00
0.5650 0.00000000 0.0000e+00
0.5700 0.00000000 0.0000e+00
0.5750 0.00000000 0.0000e+00
0.5800 0.00000000 0.0000e+00
0.5850 0.00000000 0.0000e+00
0.5900 0.00000000 0.0000e+00
0.5950 0.00000000 0.0000e+00
0.6000 0.00000000 0.0000e+00
0.6050 0.00000000 0.0000e+00
0.6100 0.00000000 0.0000e+00
0.6150 0.00000000 0.0000e+00
0.6200 0.00000000 0.0000e+00
0.6250 0.00000000 0.0000e+00
0.6300 0.00000000 0.0000e+00
0.6350 0.00000000 0.0000e+00
0.6400 0.00000000 0.0000e+00
0.6450 0.00000000 0.0000e+00
0.6500 0.00000000 0.0000e+00
0.6550 0.00000000 0.0000e+00
0.6600 0.00000000 0.0000e+00
0.6650 0.00000000 0.0000e+00
0.6700 0.00000000 0.0000e+00
0.6750 0.00000000 0.0000e+00
0.6800 0.00000000 0.0000e+00
0.6850 0.00000000 0.0000e+00
0.6900 0.00000000 0.0000e+00
0.6950 0.00000000 0.0000e+00
0.7000 0.00000000 0.0000e+00
0.7050 0.00000000 0.0000e+00
0.7100 0.00000000 0.0000e+00
0.7150 0.00000000 0.0000e+00
0.7200 0.00000000 0.0000e+00
0.7250 0.00000000 0.0000e+00
0.7300 0.00000000 0.0000e+00
0.7350 0.00000000 0.0000e+00
0.7400 0.00000000 0.0000e+00
0.7450 0.00000000 0.0000e+00
0.7500 0.00000000 0.0000e+00
0.7550 0.00000000 0.0000e+00
0.7600 0.00000000 0.0000e+00
0.7650 0.00000000 0.0000e+00
0.7700 0.00000000 0.0000e+00
0.7750 0.00000000 0.0000e+00
0.7800 0.00000000 0.0000e+00
0.7850 0.00000000 0.0000e+00
0.7900 0.00000000 0.0000e+00
0.7950 0.00000000 0.0000e+00
0.8000 0.00000000 0.0000e+00
0.8050 0.00000000 0.0000e+00
0.8100 0.00000000 0.0000e+00
0.8150 0.00000000 0.0000e+00
0.8200 0.00000000 0.0000e+00
0.8250 0.00000000 0.0000e+00
0.8300 0.00000000 0.0000e+00
0.8350 0.00000000 0.0000e+00
0.8400 0.00000000 0.0000e+00
0.8450 0.00000000 0.0000e+00
0.8500 0.00000000 0.0000e+00
0.8550 0.00000000 0.0000e+00
0.8600 0.00000000 0.0000e+00
0.8650 0.00000000 0.0000e+00
0.8700 0.00000000 0.0000e+00
0.8750 0.00000000 0.0000e+00
0.8800 0.00000000 0.0000e+00
0.8850 0.00000000 0.0000e+00
0.8900 0.00000000 0.0000e+00
0.8950 0.00000000 0.0000e+00
0.9000 0.00000000 0.0000e+00
0.9050 0.00000000 0.0000e+00
0.9100 0.00000000 0.0000e+00
0.9150 0.00000000 0.0000e+00
0.9200 0.00000000 0.0000e+00
0.9250 0.00000000 0.0000e+00
0.9300 0.00000000 0.0000e+00
0.9350 0.00000000 0.0000e+00
0.9400 0.00000000 0.0000e+00
0.9450 0.00000000 0.0000e+00
0.9500 0.00000000 0.0000e+00
0.9550 0.00000000 0.0000e+00
0.9600 0.00000000 0.0000e+00
0.9650 0.00000000 0.0000e+00
0.9700 0.00000000 0.0000e+00
0.9750 0.00000000 0.0000e+00
0.9800 0.00000000 0.0000e+00
0.9850 0.00000000 0.0000e+00
0.9900 0.00000000 0.0000e+00
0.9950 0.00000000 0.0000e+00
1.0000 0.00000000 0.0000e+00
1.0050 0.00000000 0.0000e+00
1.0100 0.00000000 0.0000e+00
1.0150 0.00000000 0.0000e+00
1.0200 0.00000000 0.0000e+00
1.0250 0.00000000 0.0000e+00
1.0300 0.00000000 0.0000e+00
1.0350 0.00000000 0.0000e+00
1.0400 0.00000000 0.0000e+00
1.0450 0.00000000 0.0000e+00
1.0500 0.00000000 0.0000e+00
1.0550 0.00000000 0.0000e+00
1.0600 0.00000000 0.0000e+00
1.0650 0.00000000 0.0000e+00
1.0700 0.00000000 0.0000e+00
1.0750 0.00000000 0.0000e+00
1.0800 0.00000000 0.0000e+00
1.0850 0.00000000 0.0000e+00
1.0900 0.00000000 0.0000e+00
1.0950 0.00000000 0.0000e+00
1.1000 0.00000000 0.0000e+00
1.1050 0.00000000 0.0000e+00
1.1100 0.00000000 0.0000e+00
1.1150 0.00000000 0.0000e+00
1.1200 0.00000000 0.0000e+00
1.1250 0.00000000 0.0000e+00
1.1300 0.00000000 0.0000e+00
1.1350 0.00000000 0.0000e+00
1.1400 0.00000000 0.0000e+00
1.1450 0.00000000 0.0000e+00
1.1500 0.00000000 0.0000e+00
1.1550 0.00000000 0.0000e+00
1.1600 0.00000000 0.0000e+00
1.1650 0.00000000 0.0000e+00
1.1700 0.00000000 0.0000e+00
1.1750 0.00000000 0.0000e+00
1.1800 0.00000000 0.0000e+00
1.1850 0.00000000 0.0000e+00
1.1900 0.00000000 0.0000e+00
1.1950 0.00000000 0.0000e+00
1.2000 0.00000000 0.0000e+00
1.2050 0.00000000 0.0000e+00
1.2100 0.00000000 0.0000e+00
1.2150 0.00000000 0.0000e+00
1.2200 0.00000000 0.0000e+00
1.2250 0.00000000 0.0000e+00
1.2300 0.00000000 0.0000e+00
1.2350 0.00000000 0.0000e+00
1.2400 0.00000000 0.0000e+00
1.2450 0.00000000 0.0000e+00
1.2500 0.00000000 0.0000e+00
1.2550 0.00000000 0.0000e+00
1.2600 0.00000000 0.0000e+00
1.2650 0.00000000 0.0000e+00
1.2700 0.00000000 0.0000e+00
1.2750 0.00000000 0.0000e+00
1.2800 0.00000000 0.0000e+00
1.2850 0.00000000 0.0000e+00
1.2900 0.00000000 0.0000e+00
1.2950 0.00000000 0.0000e+00
1.3000 0.00000000 0.0000e+00
1.3050 0.00000000 0.0000e+00
1.3100 0.00000000 0.0000e+00
1.3150 0.00000000 0.0000e+00
1.3200 0.00000000 0.0000e+00
1.3250 0.00000000 0.0000e+00
1.3300 0.00000000 0.0000e+00
1.3350 0.00000000 0.0000e+00
1.3400 0.00000000 0.0000e+00
1.3450 0.00000000 0.0000e+00
1.3500 0.00000000 0.0000e+00
1.3550 0.00000000 0.0000e+00
1.3600 0.00000000 0.0000e+00
1.3650 0.00000000 0.0000e+00
1.3700 0.00000000 0.0000e+00
1.3750 0.00000000 0.0000e+00
1.3800 0.00000000 0.0000e+00
1.3850 0.00000000 0.0000e+00
1.3900 0.00000000 0.0000e+00
1.3950 0.00000000 0.0000e+00
1.4000 0.00000000 0.0000e+00
1.4050 0.00000000 0.0000e+00
1.4100 0.00000000 0.0000e+00
1.4150 0.00000000 0.0000e+00
1.4200 0.00000000 0.0000e+00
1.4250 0.00000000 0.0000e+00
1.4300 0.00000000 0.0000e+00
1.4350 0.00000000 0.0000e+00
1.4400 0.00000000 0.0000e+00
1.4450 0.00000000 0.0000e+00
1.4500 0.00000000 0.0000e+00
1.4550 0.00000000 0.0000e+00
1.4600 0.00000000 0.0000e+00
1.4650 0.00000000 0.0000e+00
1.4700 0.00000000 0.0000e+00
1.4750 0.00000000 0.0000e+00
1.4800 0.00000000 0.0000e+00
1.4850 0.00000000 0.0000e+00
1.4900 0.00000000 0.0000e+00
1.4950 0.00000000 0.0000e+00
1.5000 0.00000000 0.0000e+00
1.5050 0.00000000 0.0000e+00
1.5100 0.00000000 0.0000e+00
1.5150 0.00000000 0.0000e+00
1.5200 0.00000000 0.0000e+00
1.5250 0.00000000 0.0000e+00
1.5300 0.00000000 0.0000e+00
1.5350 0.00000000 0.0000e+00
1.5400 0.00000000 0.0000e+00
1.5450 0.00000000 0.0000e+00
1.5500 0.00000000 0.0000e+00
1.5550 0.00000000 0.0000e+00
1.5600 0.00000000 0.0000e+00
1.5650 0.00000000 0.0000e+00
1.5700 0.00000000 0.0000e+00
1.5750 0.00000000 0.0000e+00
1.5800 0.00000000 0.0000e+00
1.5850 0.00000000 0.0000e+00
1.5900 0.00000000 0.0000e+00
1.5950 0.00000000 0.0000e+00
1.6000 0.00000000 0.0000e+00
1.6050 0.00000000 0.0000e+00
1.6100 0.00000000 0.0000e+00
1.6150 0.00000000 0.0000e+00
1.6200 0.00000000 0.0000e+00
1.6250 0.00000000 0.0000e+00
1.6300 0.00000000 0.0000e+00
1.6350 0.00000000 0.0000e+00
1.6400 0.00000000 0.0000e+00
1.6450 0.00000000 0.0000e+00
1.6500 0.00000000 0.0000e+00
1.6550 0.00000000 0.0000e+00
1.6600 0.00000000 0.0000e+00
1.6650 0.00000000 0.0000e+00
1.6700 0.00000000 0.0000e+00
1.6750 0.00000000 0.0000e+00
1.6800 0.00000000 0.0000e+00
1.6850 0.00000000 0.0000e+00
1.6900 0.00000000 0.0000e+00
1.6950 0.00000000 0.0000e+00
1.7000 0.00000000 0.0000e+00
1.7050 0.00000000 0.0000e+00
1.7100 0.00000000 0.0000e+00
1.7150 0.00000000 0.0000e+00
1.7200 0.00000000 0.0000e+00
1.7250 0.00000000 0.0000e+00
1.7300 0.00000000 0.0000e+00
1.7350 0.00000000 0.0000e+00
1.7400 0.00000000 0.0000e+00
1.7450 0.00000000 0.0000e+00
1.7500 0.00000000 0.0000e+00
1.7550 0.00000000 0.0000e+00
1.7600 0.00000000 0.0000e+00
1.7650 0.00000000 0.0000e+00
1.7700 0.00000000 0.0000e+00
1.7750 0.00000000 0.0000e+00
1.7800 0.00000000 0.0000e+00
1.7850 0.00000000 0.0000e+00
1.7900 0.00000000 0.0000e+00
1.7950 0.00000000 0.0000e+00
1.8000 0.00000000 0.0000e+00
1.8050 0.00000000 0.0000e+00
1.8100 0.00000000 0.0000e+00
1.8150 0.00000000 0.0000e+00
1.8200 0.00000000 0.0000e+00
1.8250 0.00000000 0.0000e+00
1.8300 0.00000000 0.0000e+00
1.8350 0.00000000 0.0000e+00
1.8400 0.00000000 0.0000e+00
1.8450 0.00000000 0.0000e+00
1.8500 0.00000000 0.0000e+00
1.8550 0.00000000 0.0000e+00
1.8600 0.00000000 0.0000e+00
1.8650 0.00000000 0.0000e+00
1.8700 0.00000000 0.0000e+00
1.8750 0.00000000 0.0000e+00
1.8800 0.00000000 0.0000e+00
1.8850 0.00000000 0.0000e+00
1.8900 0.00000000 0.0000e+00
1.8950 0.00000000 0.0000e+00
1.9000 0.00000000 0.0000e+00
1.9050 0.00000000 0.0000e+00
1.9100 0.00000000 0.0000e+00
1.9150 0.00000000 0.0000e+00
1.9200 0.00000000 0.0000e+00
1.9250 0.00000000 0.0000e+00
1.9300 0.00000000 0.0000e+00
1.9350 0.00000000 0.0000e+00
1.9400 0.00000000 0.0000e+00
1.9450 0.00000000 0.0000e+00
1.9500 0.00000000 0.0000e+00
1.9550 0.00000000 0.0000e+00
1.9600 0.00000000 0.0000e+00
1.9650 0.00000000 0.0000e+00
1.9700 0.00000000 0.0000e+00
1.9750 0.00000000 0.0000e+00
1.9800 0.00000000 0.0000e+00
1.9850 0.00000000 0.0000e+00
1.9900 0.00000000 0.0000e+00
1.9950 0.00000000 0.0000e+00
2.0000 0.00000000 0.0000e+00
2.0050 0.00000000 0.0000e+00
2.0100 0.00000000 0.0000e+00
2.0150 0.00000000 0.0000e+00
2.0200 0.00000000 0.0000e+00
2.0250 0.00000000 0.0000e+00
2.0300 0.00000000 0.0000e+00
2.0350 0.00000000 0.0000e+00
2.0400 0.00000000 0.0000e+00
2.0450 0.00000000 0.0000e+00
2.0500 0.00000000 0.0000e+00
2.0550 0.00000000 0.0000e+00
2.0600 0.00000000 0.0000e+00
2.0650 0.00000000 0.0000e+00
2.0700 0.00000000 0.0000e+00
2.0750 0.00000000 0.0000e+00
2.0800 0.00000000 0.0000e+00
2.0850 0.00000000 0.0000e+00
2.0900 0.00000000 0.0000e+00
2.0950 0.00000000 0.0000e+00
2.1000 0.00000000 0.0000e+00
2.1050 0.00000000 0.0000e+00
2.1100 0.00000000 0.0000e+00
2.1150 0.00283899 6.5818e+09
2.1200 0.00297387 6.8945e+09
2.1250 0.00310874 7.2072e+09
2.1300 0.00324362 7.5199e+09
2.1350 0.00337849 7.8326e+09
2.1400 0.00351337 8.1453e+09
2.1450 0.00364824 8.4580e+09
2.1500 0.00378312 8.7707e+09
2.1550 0.00391799 9.0834e+09
2.1600 0.00405287 9.3961e+09
2.1650 0.00418775 9.7088e+09
2.1700 0.00432262 1.0021e+10
2.1750 0.00445750 1.0334e+10
2.1800 0.00459237 1.0647e+10
2.1850 0.00472725 1.0960e+10
2.1900 0.00486212 1.1272e+10
2.1950 0.00499700 1.1585e+10
2.2000 0.00513187 1.1898e+10
2.2050 0.00526675 1.2210e+10
2.2100 0.00540162 1.2523e+10
2.2150 0.00553650 1.2836e+10
2.2200 0.00567138 1.3148e+10
2.2250 0.00580625 1.3461e+10
2.2300 0.00594113 1.3774e+10
2.2350 0.00607600 1.4086e+10
2.2400 0.00621088 1.4399e+10
2.2450 0.00634575 1.4712e+10
2.2500 0.00648063 1.5025e+10
2.2550 0.00661550 1.5337e+10
2.2600 0.00675038 1.5650e+10
2.2650 0.00688525 1.5963e+10
2.2700 0.00702013 1.6275e+10
2.2750 0.00715501 1.6588e+10
2.2800 0.00728988 1.6901e+10
2.2850 0.00742476 1.7213e+10
2.2900 0.00755963 1.7526e+10
2.2950 0.00769451 1.7839e+10
2.3000 0.00782938 1.8151e+10
2.3050 0.00796426 1.8464e+10
2.3100 0.00809913 1.8777e+10
2.3150 0.00823401 1.9090e+10
2.3200 0.00836888 1.9402e+10
2.3250 0.00850376 1.9715e+10
2.3300 0.00863864 2.0028e+10
2.3350 0.00877351 2.0340e+10
2.3400 0.00890839 2.0653e+10
2.3450 0.00904326 2.0966e+10
2.3500 0.00917814 2.1278e+10
2.3550 0.00931301 2.1591e+10
2.3600 0.00944789 2.1904e+10
2.3650 0.00958276 2.2216e+10
2.3700 0.00971764 2.2529e+10
2.3750 0.00985251 2.2842e+10
2.3800 0.00998739 2.3155e+10
2.3850 0.01012227 2.3467e+10
2.3900 0.01025714 2.3780e+10
2.3950 0.01039202 2.4093e+10
2.4000 0.01052689 2.4405e+10
2.4050 0.01066177 2.4718e+10
2.4100 0.01079664 2.5031e+10
2.4150 0.01093277 2.5346e+10
2.4200 0.01130320 2.6205e+10
2.4250 0.01167363 2.7064e+10
2.4300 0.01204405 2.7923e+10
2.4350 0.01241448 2.8781e+10
2.4400 0.01278490 2.9640e+10
2.4450 0.01315533 3.0499e+10
2.4500 0.01352576 3.1358e+10
2.4550 0.01389618 3.2217e+10
2.4600 0.01426661 3.3075e+10
2.4650 0.01463703 3.3934e+10
2.4700 0.01500746 3.4793e+10
2.4750 0.01537788 3.5652e+10
2.4800 0.01574831 3.6510e+10
2.4850 0.01611874 3.7369e+10
2.4900 0.01648916 3.8228e+10
2.4950 0.01685959 3.9087e+10
2.5000 0.01723001 3.9946e+10
2.5050 0.01760044 4.0804e+10
2.5100 0.01797087 4.1663e+10
2.5150 0.01834129 4.2522e+10
2.5200 0.01871172 4.3381e+10
2.5250 0.01908214 4.4240e+10
2.5300 0.01945257 4.5098e+10
2.5350 0.01982299 4.5957e+10
2.5400 0.02019342 4.6816e+10
2.5450 0.02056385 4.7675e+10
2.5500 0.02093427 4.8533e+10
2.5550 0.02130470 4.9392e+10
2.5600 0.02167512 5.0251e+10
2.5650 0.02204555 5.1110e+10
2.5700 0.02241598 5.1969e+10
2.5750 0.02278640 5.2827e+10
2.5800 0.02315683 5.3686e+10
2.5850 0.02352725 5.4545e+10
2.5900 0.02389768 5.5404e+10
2.5950 0.02452803 5.6865e+10
2.6000 0.02522869 5.8490e+10
2.6050 0.02592935 6.0114e+10
2.6100 0.02663002 6.1738e+10
2.6150 0.02733068 6.3363e+10
2.6200 0.02803134 6.4987e+10
2.6250 0.02873200 6.6612e+10
2.6300 0.02943267 6.8236e+10
2.6350 0.03013333 6.9860e+10
2.6400 0.03083399 7.1485e+10
2.6450 0.03153466 7.3109e+10
2.6500 0.03223532 7.4734e+10
2.6550 0.03293598 7.6358e+10
2.6600 0.03363664 7.7982e+10
2.6650 0.03433731 7.9607e+10
2.6700 0.03503797 8.1231e+10
2.6750 0.03573863 8.2856e+10
2.6800 0.03643930 8.4480e+10
2.6850 0.03713996 8.6104e+10
2.6900 0.03784062 8.7729e+10
2.6950 0.03854128 8.9353e+10
2.7000 0.03924195 9.0978e+10
2.7050 0.03994261 9.2602e+10
2.7100 0.04064327 9.4226e+10
2.7150 0.04134393 9.5851e+10
2.7200 0.04237705 9.8246e+10
2.7250 0.04349363 1.0083e+11
2.7300 0.04461020 1.0342e+11
2.7350 0.04572678 1.0601e+11
2.7400 0.04684336 1.0860e+11
2.7450 0.04795994 1.1119e+11
2.7500 0.04907651 1.1378e+11
2.7550 0.05019309 1.1637e+11
2.7600 0.05130967 1.1896e+11
2.7650 0.05242624 1.2154e+11
2.7700 0.05354282 1.2413e+11
2.7750 0.05465940 1.2672e+11
2.7800 0.05577597 1.2931e+11
2.7850 0.05689255 1.3190e+11
2.7900 0.05800913 1.3449e+11
2.7950 0.05912571 1.3708e+11
2.8000 0.06024228 1.3966e+11
2.8050 0.06135886 1.4225e+11
2.8100 0.06247544 1.4484e+11
2.8150 0.06379060 1.4789e+11
2.8200 0.06538303 1.5158e+11
2.8250 0.06697546 1.5527e+11
2.8300 0.06856789 1.5897e+11
2.8350 0.07016032 1.6266e+11
2.8400 0.07175275 1.6635e+11
2.8450 0.07334518 1.7004e+11
2.8500 0.07493761 1.7373e+11
2.8550 0.07653004 1.7743e+11
2.8600 0.07812247 1.8112e+11
2.8650 0.07971490 1.8481e+11
2.8700 0.08130733 1.8850e+11
2.8750 0.08289976 1.9219e+11
2.8800 0.08449219 1.9588e+11
2.8850 0.08608462 1.9958e+11
2.8900 0.08767705 2.0327e+11
2.8950 0.08959328 2.0771e+11
2.9000 0.09174295 2.1269e+11
2.9050 0.09389263 2.1768e+11
2.9100 0.09604230 2.2266e+11
2.9150 0.09819197 2.2765e+11
2.9200 0.10034164 2.3263e+11
2.9250 0.10249131 2.3761e+11
2.9300 0.10464098 2.4260e+11
2.9350 0.10679065 2.4758e+11
2.9400 0.10894032 2.5256e+11
2.9450 0.11108999 2.5755e+11
2.9500 0.11323967 2.6253e+11
2.9550 0.11538934 2.6752e+11
2.9600 0.11764031 2.7273e+11
2.9650 0.12031836 2.7894e+11
2.9700 0.12299641 2.8515e+11
2.9750 0.12567446 2.9136e+11
2.9800 0.12835251 2.9757e+11
2.9850 0.13103056 3.0378e+11
2.9900 0.13370861 3.0999e+11
2.9950 0.13638666 3.1620e+11
3.0000 0.13906471 3.2240e+11
3.0050 0.14174276 3.2861e+11
3.0100 0.14442081 3.3482e+11
3.0150 0.14709886 3.4103e+11
3.0200 0.15014114 3.4808e+11
3.0250 0.15343307 3.5572e+11
3.0300 0.15672500 3.6335e+11
3.0350 0.16001693 3.7098e+11
3.0400 0.16330885 3.7861e+11
3.0450 0.16660078 3.8624e+11
3.0500 0.16989271 3.9387e+11
3.0550 0.17318464 4.0151e+11
3.0600 0.17647657 4.0914e+11
3.0650 0.17976850 4.1677e+11
3.0700 0.18329300 4.2494e+11
3.0750 0.18722592 4.3406e+11
3.0800 0.19115884 4.4318e+11
3.0850 0.19509177 4.5230e+11
3.0900 0.19902469 4.6141e+11
3.0950 0.20295762 4.7053e+11
3.1000 0.20689054 4.7965e+11
3.1050 0.21082346 4.8877e+11
3.1100 0.21475639 4.9789e+11
3.1150 0.21883613 5.0734e+11
3.1200 0.22346378 5.1807e+11
3.1250 0.22809144 5.2880e+11
3.1300 0.23271909 5.3953e+11
3.1350 0.23734674 5.5026e+11
3.1400 0.24197440 5.6099e+11
3.1450 0.24660205 5.7172e+11
3.1500 0.25122970 5.8244e+11
3.1550 0.25585736 5.9317e+11
3.1600 0.26111494 6.0536e+11
3.1650 0.26641790 6.1766e+11
3.1700 0.27172086 6.2995e+11
3.1750 0.27702382 6.4224e+11
3.1800 0.28232679 6.5454e+11
3.1850 0.28762975 6.6683e+11
3.1900 0.29293271 6.7913e+11
3.1950 0.29841940 6.9185e+11
3.2000 0.30421221 7.0528e+11
3.2050 0.31000501 7.1871e+11
3.2100 0.31579782 7.3214e+11
3.2150 0.32159062 7.4557e+11
3.2200 0.32738343 7.5900e+11
3.2250 0.33317623 7.7243e+11
3.2300 0.33928636 7.8659e+11
3.2350 0.34582996 8.0176e+11
3.2400 0.35237355 8.1693e+11
3.2450 0.35891714 8.3210e+11
3.2500 0.36546073 8.4727e+11
3.2550 0.37200433 8.6245e+11
3.2600 0.37854792 8.7762e+11
3.2650 0.38544225 8.9360e+11
3.2700 0.39234165 9.0959e+11
3.2750 0.39924106 9.2559e+11
3.2800 0.40614047 9.4159e+11
3.2850 0.41303987 9.5758e+11
3.2900 0.41993928 9.7358e+11
3.2950 0.42769707 9.9156e+11
3.3000 0.43546085 1.0096e+12
3.3050 0.44322463 1.0276e+12
3.3100 0.45098841 1.0456e+12
3.3150 0.45875219 1.0636e+12
3.3200 0.46667010 1.0819e+12
3.3250 0.47483181 1.1008e+12
3.3300 0.48299351 1.1198e+12
3.3350 0.49115522 1.1387e+12
3.3400 0.49931692 1.1576e+12
3.3450 0.50758639 1.1768e+12
3.3500 0.51663467 1.1978e+12
3.3550 0.52568295 1.2187e+12
3.3600 0.53473123 1.2397e+12
3.3650 0.54377951 1.2607e+12
3.3700 0.55277763 1.2815e+12
3.3750 0.56150612 1.3018e+12
3.3800 0.57023460 1.3220e+12
3.3850 0.57896309 1.3423e+12
3.3900 0.58769157 1.3625e+12
3.3950 0.59660905 1.3832e+12
3.4000 0.60574785 1.4044e+12
3.4050 0.61488665 1.4255e+12
3.4100 0.62402545 1.4467e+12
3.4150 0.63317336 1.4679e+12
3.4200 0.64402218 1.4931e+12
3.4250 0.65487100 1.5182e+12
3.4300 0.66571982 1.5434e+12
3.4350 0.67656864 1.5685e+12
3.4400 0.68629425 1.5911e+12
3.4450 0.69567954 1.6128e+12
3.4500 0.70506482 1.6346e+12
3.4550 0.71445011 1.6564e+12
3.4600 0.72551988 1.6820e+12
3.4650 0.73722286 1.7092e+12
3.4700 0.74892583 1.7363e+12
3.4750 0.76062881 1.7634e+12
3.4800 0.77178772 1.7893e+12
3.4850 0.78286227 1.8150e+12
3.4900 0.79393683 1.8406e+12
3.4950 0.80469534 1.8656e+12
3.5000 0.81390073 1.8869e+12
3.5050 0.82310612 1.9083e+12
3.5100 0.83231150 1.9296e+12
3.5150 0.84306590 1.9545e+12
3.5200 0.85475636 1.9816e+12
3.5250 0.86644681 2.0087e+12
3.5300 0.87795671 2.0354e+12
3.5350 0.88881377 2.0606e+12
3.5400 0.89967084 2.0858e+12
3.5450 0.91052791 2.1109e+12
3.5500 0.92084489 2.1349e+12
3.5550 0.93112653 2.1587e+12
3.5600 0.94140817 2.1825e+12
3.5650 0.95241040 2.2080e+12
3.5700 0.96361621 2.2340e+12
3.5750 0.97482201 2.2600e+12
3.5800 0.98613639 2.2862e+12
3.5850 0.99749059 2.3126e+12
3.5900 1.00884478 2.3389e+12
3.5950 1.01970918 2.3641e+12
3.6000 1.03044108 2.3889e+12
3.6050 1.04117298 2.4138e+12
3.6100 1.05099504 2.4366e+12
3.6150 1.06075799 2.4592e+12
3.6200 1.07067539 2.4822e+12
3.6250 1.08129016 2.5068e+12
3.6300 1.09190493 2.5314e+12
3.6350 1.10336072 2.5580e+12
3.6400 1.11562928 2.5864e+12
3.6450 1.12789784 2.6149e+12
3.6500 1.13355478 2.6280e+12
3.6550 1.13860184 2.6397e+12
3.6600 1.14535762 2.6554e+12
3.6650 1.15470096 2.6770e+12
3.6700 1.16404431 2.6987e+12
3.6750 1.17666378 2.7279e+12
3.6800 1.18945268 2.7576e+12
3.6850 1.19896416 2.7796e+12
3.6900 1.20601311 2.7960e+12
3.6950 1.21271932 2.8115e+12
3.7000 1.21842214 2.8248e+12
3.7050 1.22412495 2.8380e+12
3.7100 1.23432402 2.8616e+12
3.7150 1.24453026 2.8853e+12
3.7200 1.24678420 2.8905e+12
3.7250 1.24704174 2.8911e+12
3.7300 1.25348323 2.9060e+12
3.7350 1.26318829 2.9285e+12
3.7400 1.27088466 2.9464e+12
3.7450 1.27701217 2.9606e+12
3.7500 1.28278295 2.9740e+12
3.7550 1.28822133 2.9866e+12
3.7600 1.29496666 3.0022e+12
3.7650 1.30291457 3.0206e+12
3.7700 1.30583536 3.0274e+12
3.7750 1.30494556 3.0254e+12
3.7800 1.30770773 3.0318e+12
3.7850 1.31235321 3.0425e+12
3.7900 1.31580677 3.0505e+12
3.7950 1.31894684 3.0578e+12
3.8000 1.31954203 3.0592e+12
3.8050 1.32054293 3.0615e+12
3.8100 1.32396462 3.0694e+12
3.8150 1.32544918 3.0729e+12
3.8200 1.32422914 3.0701e+12
3.8250 1.32475360 3.0713e+12
3.8300 1.32603128 3.0742e+12
3.8350 1.32693047 3.0763e+12
3.8400 1.32424964 3.0701e+12
3.8450 1.31509698 3.0489e+12
3.8500 1.31075550 3.0388e+12
3.8550 1.30809811 3.0327e+12
3.8600 1.30499275 3.0255e+12
3.8650 1.30391145 3.0230e+12
3.8700 1.30412959 3.0235e+12
3.8750 1.29892954 3.0114e+12
3.8800 1.29946402 3.0126e+12
3.8850 1.30441643 3.0241e+12
3.8900 1.29166977 2.9946e+12
3.8950 1.27887512 2.9649e+12
3.9000 1.26863093 2.9412e+12
3.9050 1.27358514 2.9526e+12
3.9100 1.26646821 2.9361e+12
3.9150 1.25678674 2.9137e+12
3.9200 1.25061219 2.8994e+12
3.9250 1.22810273 2.8472e+12
3.9300 1.21984471 2.8281e+12
3.9350 1.21510487 2.8171e+12
3.9400 1.19850643 2.7786e+12
3.9450 1.19487729 2.7702e+12
3.9500 1.18032384 2.7364e+12
3.9550 1.16591552 2.7030e+12
3.9600 1.15653735 2.6813e+12
3.9650 1.14364055 2.6514e+12
3.9700 1.13876523 2.6401e+12
3.9750 1.13077554 2.6216e+12
3.9800 1.11877930 2.5937e+12
3.9850 1.09919239 2.5483e+12
3.9900 1.07514149 2.4926e+12
3.9950 1.06889986 2.4781e+12
4.0000 1.04354360 2.4193e+12
4.0050 1.05105672 2.4367e+12
4.0100 1.03001685 2.3880e+12
4.0150 1.00127944 2.3213e+12
4.0200 0.98396020 2.2812e+12
4.0250 0.97647490 2.2638e+12
4.0300 0.96300096 2.2326e+12
4.0350 0.94490097 2.1906e+12
4.0400 0.93123961 2.1590e+12
4.0450 0.91151798 2.1132e+12
4.0500 0.89447687 2.0737e+12
4.0550 0.87959967 2.0392e+12
4.0600 0.86449778 2.0042e+12
4.0650 0.85594447 1.9844e+12
4.0700 0.84720127 1.9641e+12
4.0750 0.82723315 1.9178e+12
4.0800 0.80220869 1.8598e+12
4.0850 0.79191176 1.8359e+12
4.0900 0.76933138 1.7836e+12
4.0950 0.74000190 1.7156e+12
4.1000 0.73323658 1.6999e+12
4.1050 0.71313733 1.6533e+12
4.1100 0.68918301 1.5978e+12
4.1150 0.68611585 1.5907e+12
4.1200 0.65748905 1.5243e+12
4.1250 0.63976354 1.4832e+12
4.1300 0.62359861 1.4457e+12
4.1350 0.60470728 1.4019e+12
4.1400 0.59832715 1.3871e+12
4.1450 0.56469387 1.3092e+12
4.1500 0.55076297 1.2769e+12
4.1550 0.53953856 1.2509e+12
4.1600 0.51579989 1.1958e+12
4.1650 0.50934809 1.1809e+12
4.1700 0.48569262 1.1260e+12
4.1750 0.48466616 1.1236e+12
4.1800 0.45361611 1.0517e+12
4.1850 0.43476567 1.0079e+12
4.1900 0.43077637 9.9870e+11
4.1950 0.41263266 9.5664e+11
4.2000 0.40533900 9.3973e+11
4.2050 0.38595709 8.9479e+11
4.2100 0.35782584 8.2957e+11
4.2150 0.35531682 8.2376e+11
4.2200 0.33775349 7.8304e+11
4.2250 0.32832364 7.6118e+11
4.2300 0.31135480 7.2184e+11
4.2350 0.30772205 7.1341e+11
4.2400 0.28733815 6.6616e+11
4.2450 0.27648365 6.4099e+11
4.2500 0.26655218 6.1797e+11
4.2550 0.25603986 5.9360e+11
4.2600 0.23643424 5.4814e+11
4.2650 0.22943437 5.3191e+11
4.2700 0.21737260 5.0395e+11
4.2750 0.20470975 4.7459e+11
4.2800 0.19879535 4.6088e+11
4.2850 0.19236236 4.4597e+11
4.2900 0.17699708 4.1035e+11
4.2950 0.16803282 3.8956e+11
4.3000 0.15815990 3.6667e+11
4.3050 0.15374147 3.5643e+11
4.3100 0.14478765 3.3567e+11
4.3150 0.13715789 3.1798e+11
4.3200 0.12555694 2.9109e+11
4.3250 0.11992132 2.7802e+11
4.3300 0.10900123 2.5271e+11
4.3350 0.10761327 2.4949e+11
4.3400 0.09647427 2.2366e+11
4.3450 0.09614783 2.2291e+11
4.3500 0.09037712 2.0953e+11
4.3550 0.08087380 1.8750e+11
4.3600 0.07738793 1.7941e+11
4.3650 0.07174564 1.6633e+11
4.3700 0.06916991 1.6036e+11
4.3750 0.06130741 1.4213e+11
4.3800 0.05936584 1.3763e+11
4.3850 0.05199914 1.2055e+11
4.3900 0.05410135 1.2543e+11
4.3950 0.04708048 1.0915e+11
4.4000 0.04013929 9.3058e+10
4.4050 0.04158340 9.6406e+10
4.4100 0.03678491 8.5281e+10
4.4150 0.03496899 8.1071e+10
4.4200 0.03162791 7.3325e+10
4.4250 0.02345397 5.4375e+10
4.4300 0.02249830 5.2159e+10
4.4350 0.02467925 5.7216e+10
4.4400 0.02265781 5.2529e+10
4.4450 0.02409369 5.5858e+10
4.4500 0.01898107 4.4005e+10
4.4550 0.01661067 3.8510e+10
4.4600 0.01357938 3.1482e+10
4.4650 0.01474384 3.4182e+10
4.4700 0.01720788 3.9894e+10
4.4750 0.01103529 2.5584e+10
4.4800 0.01649763 3.8248e+10
4.4850 0.00847282 1.9643e+10
4.4900 0.00977806 2.2669e+10
4.4950 0.01021436 2.3681e+10
4.5000 0.00807884 1.8730e+10
4.5050 0.00725810 1.6827e+10
4.5100 0.00493172 1.1434e+10
4.5150 0.00295115 6.8419e+09
4.5200 0.00499606 1.1583e+10
4.5250 0.00548442 1.2715e+10
4.5300 0.00441223 1.0229e+10
4.5350 0.00388681 9.0111e+09
4.5400 0.00302458 7.0121e+09
4.5450 0.00212265 4.9211e+09
4.5500 0.00220796 5.1189e+09
4.5550 0.00277835 6.4413e+09
4.5600 0.00210805 4.8873e+09
4.5650 0.00147039 3.4089e+09
4.5700 0.00392704 9.1044e+09
4.5750 0.00176294 4.0872e+09
4.5800 0.00096296 2.2325e+09
4.5850 0.00181253 4.2021e+09
4.5900 0.00121780 2.8233e+09
4.5950 0.00066807 1.5488e+09
4.6000 0.00076556 1.7749e+09
4.6050 0.00085086 1.9726e+09
4.6100 0.00168204 3.8996e+09
4.6150 0.00182913 4.2406e+09
4.6200 0.00074961 1.7379e+09
4.6250 0.00153414 3.5567e+09
4.6300 0.00157003 3.6399e+09
4.6350 0.00133919 3.1048e+09
4.6400 0.00085058 1.9720e+09
4.6450 0.00087357 2.0253e+09
4.6500 0.00108270 2.5101e+09
4.6550 0.00129183 2.9949e+09
4.6600 0.00150096 3.4798e+09
4.6650 0.00171009 3.9646e+09
4.6700 0.00181430 4.2062e+09
4.6750 0.00147822 3.4271e+09
4.6800 0.00114213 2.6479e+09
4.6850 0.00000000 0.0000e+00
4.6900 0.00000000 0.0000e+00
4.6950 0.00000000 0.0000e+00
4.7000 0.00000000 0.0000e+00
4.7050 0.00000000 0.0000e+00
4.7100 0.00000000 0.0000e+00
4.7150 0.00000000 0.0000e+00
4.7200 0.00000000 0.0000e+00
4.7250 0.00000000 0.0000e+00
4.7300 0.00000000 0.0000e+00
4.7350 0.00000000 0.0000e+00
4.7400 0.00000000 0.0000e+00
4.7450 0.00000000 0.0000e+00
4.7500 0.00000000 0.0000e+00
4.7550 0.00000000 0.0000e+00
4.7600 0.00000000 0.0000e+00
4.7650 0.00000000 0.0000e+00
4.7700 0.00000000 0.0000e+00
4.7750 0.00000000 0.0000e+00
4.7800 0.00000000 0.0000e+00
4.7850 0.00000000 0.0000e+00
4.7900 0.00000000 0.0000e+00
4.7950 0.00000000 0.0000e+00
4.8000 0.00000000 0.0000e+00
4.8050 0.00000000 0.0000e+00
4.8100 0.00000000 0.0000e+00
4.8150 0.00000000 0.0000e+00
4.8200 0.00000000 0.0000e+00
4.8250 0.00000000 0.0000e+00
4.8300 0.00000000 0.0000e+00
4.8350 0.00000000 0.0000e+00
4.8400 0.00000000 0.0000e+00
4.8450 0.00000000 0.0000e+00
4.8500 0.00000000 0.0000e+00
4.8550 0.00000000 0.0000e+00
4.8600 0.00000000 0.0000e+00
4.8650 0.00000000 0.0000e+00
4.8700 0.00000000 0.0000e+00
4.8750 0.00000000 0.0000e+00
4.8800 0.00000000 0.0000e+00
4.8850 0.00000000 0.0000e+00
4.8900 0.00000000 0.0000e+00
4.8950 0.00000000 0.0000e+00
4.9000 0.00000000 0.0000e+00
4.9050 0.00000000 0.0000e+00
4.9100 0.00000000 0.0000e+00
4.9150 0.00000000 0.0000e+00
4.9200 0.00000000 0.0000e+00
4.9250 0.00000000 0.0000e+00
4.9300 0.00000000 0.0000e+00
4.9350 0.00000000 0.0000e+00
4.9400 0.00000000 0.0000e+00
4.9450 0.00000000 0.0000e+00
4.9500 0.00000000 0.0000e+00
4.9550 0.00000000 0.0000e+00
4.9600 0.00000000 0.0000e+00
4.9650 0.00000000 0.0000e+00
4.9700 0.00000000 0.0000e+00
4.9750 0.00000000 0.0000e+00
4.9800 0.00000000 0.0000e+00
4.9850 0.00000000 0.0000e+00
4.9900 0.00000000 0.0000e+00
4.9950 0.00000000 0.0000e+00
5.0000 0.00000000 0.0000e+00
5.0050 0.00000000 0.0000e+00
5.0100 0.00000000 0.0000e+00
5.0150 0.00000000 0.0000e+00
5.0200 0.00000000 0.0000e+00
5.0250 0.00000000 0.0000e+00
5.0300 0.00000000 0.0000e+00
5.0350 0.00000000 0.0000e+00
5.0400 0.00000000 0.0000e+00
5.0450 0.00000000 0.0000e+00
5.0500 0.00000000 0.0000e+00
5.0550 0.00000000 0.0000e+00
5.0600 0.00000000 0.0000e+00
5.0650 0.00000000 0.0000e+00
5.0700 0.00000000 0.0000e+00
5.0750 0.00000000 0.0000e+00
5.0800 0.00000000 0.0000e+00
5.0850 0.00000000 0.0000e+00
5.0900 0.00000000 0.0000e+00
5.0950 0.00000000 0.0000e+00
5.1000 0.00000000 0.0000e+00
5.1050 0.00000000 0.0000e+00
5.1100 0.00000000 0.0000e+00
5.1150 0.00000000 0.0000e+00
5.1200 0.00000000 0.0000e+00
5.1250 0.00000000 0.0000e+00
5.1300 0.00000000 0.0000e+00
5.1350 0.00000000 0.0000e+00
5.1400 0.00000000 0.0000e+00
5.1450 0.00000000 0.0000e+00
5.1500 0.00000000 0.0000e+00
5.1550 0.00000000 0.0000e+00
5.1600 0.00000000 0.0000e+00
5.1650 0.00000000 0.0000e+00
5.1700 0.00000000 0.0000e+00
5.1750 0.00000000 0.0000e+00
5.1800 0.00000000 0.0000e+00
5.1850 0.00000000 0.0000e+00
5.1900 0.00000000 0.0000e+00
5.1950 0.00000000 0.0000e+00
5.2000 0.00000000 0.0000e+00
5.2050 0.00000000 0.0000e+00
5.2100 0.00000000 0.0000e+00
5.2150 0.00000000 0.0000e+00
5.2200 0.00000000 0.0000e+00
5.2250 0.00000000 0.0000e+00
5.2300 0.00000000 0.0000e+00
5.2350 0.00000000 0.0000e+00
5.2400 0.00000000 0.0000e+00
5.2450 0.00000000 0.0000e+00
5.2500 0.00000000 0.0000e+00
5.2550 0.00000000 0.0000e+00
5.2600 0.00000000 0.0000e+00
5.2650 0.00000000 0.0000e+00
5.2700 0.00000000 0.0000e+00
5.2750 0.00000000 0.0000e+00
5.2800 0.00000000 0.0000e+00
5.2850 0.00000000 0.0000e+00
5.2900 0.00000000 0.0000e+00
5.2950 0.00000000 0.0000e+00
5.3000 0.00000000 0.0000e+00
5.3050 0.00000000 0.0000e+00
5.3100 0.00000000 0.0000e+00
5.3150 0.00000000 0.0000e+00
5.3200 0.00000000 0.0000e+00
5.3250 0.00000000 0.0000e+00
5.3300 0.00000000 0.0000e+00
5.3350 0.00000000 0.0000e+00
5.3400 0.00000000 0.0000e+00
5.3450 0.00000000 0.0000e+00
5.3500 0.00000000 0.0000e+00
5.3550 0.00000000 0.0000e+00
5.3600 0.00000000 0.0000e+00
5.3650 0.00000000 0.0000e+00
5.3700 0.00000000 0.0000e+00
5.3750 0.00000000 0.0000e+00
5.3800 0.00000000 0.0000e+00
5.3850 0.00000000 0.0000e+00
5.3900 0.00000000 0.0000e+00
5.3950 0.00000000 0.0000e+00
5.4000 0.00000000 0.0000e+00
5.4050 0.00000000 0.0000e+00
5.4100 0.00000000 0.0000e+00
5.4150 0.00000000 0.0000e+00
5.4200 0.00000000 0.0000e+00
5.4250 0.00000000 0.0000e+00
5.4300 0.00000000 0.0000e+00
5.4350 0.00000000 0.0000e+00
5.4400 0.00000000 0.0000e+00
5.4450 0.00000000 0.0000e+00
5.4500 0.00000000 0.0000e+00
5.4550 0.00000000 0.0000e+00
5.4600 0.00000000 0.0000e+00
5.4650 0.00000000 0.0000e+00
5.4700 0.00000000 0.0000e+00
5.4750 0.00000000 0.0000e+00
5.4800 0.00000000 0.0000e+00
5.4850 0.00000000 0.0000e+00
5.4900 0.00000000 0.0000e+00
5.4950 0.00000000 0.0000e+00
5.5000 0.00000000 0.0000e+00
5.5050 0.00000000 0.0000e+00
5.5100 0.00000000 0.0000e+00
5.5150 0.00000000 0.0000e+00
5.5200 0.00000000 0.0000e+00
5.5250 0.00000000 0.0000e+00
5.5300 0.00000000 0.0000e+00
5.5350 0.00000000 0.0000e+00
5.5400 0.00000000 0.0000e+00
5.5450 0.00000000 0.0000e+00
5.5500 0.00000000 0.0000e+00
5.5550 0.00000000 0.0000e+00
5.5600 0.00000000 0.0000e+00
5.5650 0.00000000 0.0000e+00
5.5700 0.00000000 0.0000e+00
5.5750 0.00000000 0.0000e+00
5.5800 0.00000000 0.0000e+00
5.5850 0.00000000 0.0000e+00
5.5900 0.00000000 0.0000e+00
5.5950 0.00000000 0.0000e+00
5.6000 0.00000000 0.0000e+00
5.6050 0.00000000 0.0000e+00
5.6100 0.00000000 0.0000e+00
5.6150 0.00000000 0.0000e+00
5.6200 0.00000000 0.0000e+00
5.6250 0.00000000 0.0000e+00
5.6300 0.00000000 0.0000e+00
5.6350 0.00000000 0.0000e+00
5.6400 0.00000000 0.0000e+00
5.6450 0.00000000 0.0000e+00
5.6500 0.00000000 0.0000e+00
5.6550 0.00000000 0.0000e+00
5.6600 0.00000000 0.0000e+00
5.6650 0.00000000 0.0000e+00
5.6700 0.00000000 0.0000e+00
5.6750 0.00000000 0.0000e+00
5.6800 0.00000000 0.0000e+00
5.6850 0.00000000 0.0000e+00
5.6900 0.00000000 0.0000e+00
5.6950 0.00000000 0.0000e+00
5.7000 0.00000000 0.0000e+00
5.7050 0.00000000 0.0000e+00
5.7100 0.00000000 0.0000e+00
5.7150 0.00000000 0.0000e+00
5.7200 0.00000000 0.0000e+00
5.7250 0.00000000 0.0000e+00
5.7300 0.00000000 0.0000e+00
5.7350 0.00000000 0.0000e+00
5.7400 0.00000000 0.0000e+00
5.7450 0.00000000 0.0000e+00
5.7500 0.00000000 0.0000e+00
5.7550 0.00000000 0.0000e+00
5.7600 0.00000000 0.0000e+00
5.7650 0.00000000 0.0000e+00
5.7700 0.00000000 0.0000e+00
5.7750 0.00000000 0.0000e+00
5.7800 0.00000000 0.0000e+00
5.7850 0.00000000 0.0000e+00
5.7900 0.00000000 0.0000e+00
5.7950 0.00000000 0.0000e+00
5.8000 0.00000000 0.0000e+00
5.8050 0.00000000 0.0000e+00
5.8100 0.00000000 0.0000e+00
5.8150 0.00000000 0.0000e+00
5.8200 0.00000000 0.0000e+00
5.8250 0.00000000 0.0000e+00
5.8300 0.00000000 0.0000e+00
5.8350 0.00000000 0.0000e+00
5.8400 0.00000000 0.0000e+00
5.8450 0.00000000 0.0000e+00
5.8500 0.00000000 0.0000e+00
5.8550 0.00000000 0.0000e+00
5.8600 0.00000000 0.0000e+00
5.8650 0.00000000 0.0000e+00
5.8700 0.00000000 0.0000e+00
5.8750 0.00000000 0.0000e+00
5.8800 0.00000000 0.0000e+00
5.8850 0.00000000 0.0000e+00
5.8900 0.00000000 0.0000e+00
5.8950 0.00000000 0.0000e+00
5.9000 0.00000000 0.0000e+00
5.9050 0.00000000 0.0000e+00
5.9100 0.00000000 0.0000e+00
5.9150 0.00000000 0.0000e+00
5.9200 0.00000000 0.0000e+00
5.9250 0.00000000 0.0000e+00
5.9300 0.00000000 0.0000e+00
5.9350 0.00000000 0.0000e+00
5.9400 0.00000000 0.0000e+00
5.9450 0.00000000 0.0000e+00
5.9500 0.00000000 0.0000e+00
5.9550 0.00000000 0.0000e+00
5.9600 0.00000000 0.0000e+00
5.9650 0.00000000 0.0000e+00
5.9700 0.00000000 0.0000e+00
5.9750 0.00000000 0.0000e+00
5.9800 0.00000000 0.0000e+00
5.9850 0.00000000 0.0000e+00
5.9900 0.00000000 0.0000e+00
5.9950 0.00000000 0.0000e+00
6.0000 0.00000000 0.0000e+00
6.0050 0.00000000 0.0000e+00
6.0100 0.00000000 0.0000e+00
6.0150 0.00000000 0.0000e+00
6.0200 0.00000000 0.0000e+00
6.0250 0.00000000 0.0000e+00
6.0300 0.00000000 0.0000e+00
6.0350 0.00000000 0.0000e+00
6.0400 0.00000000 0.0000e+00
6.0450 0.00000000 0.0000e+00
6.0500 0.00000000 0.0000e+00
6.0550 0.00000000 0.0000e+00
6.0600 0.00000000 0.0000e+00
6.0650 0.00000000 0.0000e+00
6.0700 0.00000000 0.0000e+00
6.0750 0.00000000 0.0000e+00
6.0800 0.00000000 0.0000e+00
6.0850 0.00000000 0.0000e+00
6.0900 0.00000000 0.0000e+00
6.0950 0.00000000 0.0000e+00
6.1000 0.00000000 0.0000e+00
6.1050 0.00000000 0.0000e+00
6.1100 0.00000000 0.0000e+00
6.1150 0.00000000 0.0000e+00
6.1200 0.00000000 0.0000e+00
6.1250 0.00000000 0.0000e+00
6.1300 0.00000000 0.0000e+00
6.1350 0.00000000 0.0000e+00
6.1400 0.00000000 0.0000e+00
6.1450 0.00000000 0.0000e+00
6.1500 0.00000000 0.0000e+00
6.1550 0.00000000 0.0000e+00
6.1600 0.00000000 0.0000e+00
6.1650 0.00000000 0.0000e+00
6.1700 0.00000000 0.0000e+00
6.1750 0.00000000 0.0000e+00
6.1800 0.00000000 0.0000e+00
6.1850 0.00000000 0.0000e+00
6.1900 0.00000000 0.0000e+00
6.1950 0.00000000 0.0000e+00
6.2000 0.00000000 0.0000e+00
6.2050 0.00000000 0.0000e+00
6.2100 0.00000000 0.0000e+00
6.2150 0.00000000 0.0000e+00
6.2200 0.00000000 0.0000e+00
6.2250 0.00000000 0.0000e+00
6.2300 0.00000000 0.0000e+00
6.2350 0.00000000 0.0000e+00
6.2400 0.00000000 0.0000e+00
6.2450 0.00000000 0.0000e+00
6.2500 0.00000000 0.0000e+00
6.2550 0.00000000 0.0000e+00
6.2600 0.00000000 0.0000e+00
6.2650 0.00000000 0.0000e+00
6.2700 0.00000000 0.0000e+00
6.2750 0.00000000 0.0000e+00
6.2800 0.00000000 0.0000e+00
6.2850 0.00000000 0.0000e+00
6.2900 0.00000000 0.0000e+00
6.2950 0.00000000 0.0000e+00
6.3000 0.00000000 0.0000e+00
6.3050 0.00000000 0.0000e+00
6.3100 0.00000000 0.0000e+00
6.3150 0.00000000 0.0000e+00
6.3200 0.00000000 0.0000e+00
6.3250 0.00000000 0.0000e+00
6.3300 0.00000000 0.0000e+00
6.3350 0.00000000 0.0000e+00
6.3400 0.00000000 0.0000e+00
6.3450 0.00000000 0.0000e+00
6.3500 0.00000000 0.0000e+00
6.3550 0.00000000 0.0000e+00
6.3600 0.00000000 0.0000e+00
6.3650 0.00000000 0.0000e+00
6.3700 0.00000000 0.0000e+00
6.3750 0.00000000 0.0000e+00
6.3800 0.00000000 0.0000e+00
6.3850 0.00000000 0.0000e+00
6.3900 0.00000000 0.0000e+00
6.3950 0.00000000 0.0000e+00
6.4000 0.00000000 0.0000e+00
6.4050 0.00000000 0.0000e+00
6.4100 0.00000000 0.0000e+00
6.4150 0.00000000 0.0000e+00
6.4200 0.00000000 0.0000e+00
6.4250 0.00000000 0.0000e+00
6.4300 0.00000000 0.0000e+00
6.4350 0.00000000 0.0000e+00
6.4400 0.00000000 0.0000e+00
6.4450 0.00000000 0.0000e+00
6.4500 0.00000000 0.0000e+00
6.4550 0.00000000 0.0000e+00
6.4600 0.00000000 0.0000e+00
6.4650 0.00000000 0.0000e+00
6.4700 0.00000000 0.0000e+00
6.4750 0.00000000 0.0000e+00
6.4800 0.00000000 0.0000e+00
6.4850 0.00000000 0.0000e+00
6.4900 0.00000000 0.0000e+00
6.4950 0.00000000 0.0000e+00
6.5000 0.00000000 0.0000e+00
6.5050 0.00000000 0.0000e+00
6.5100 0.00000000 0.0000e+00
6.5150 0.00000000 0.0000e+00
6.5200 0.00000000 0.0000e+00
6.5250 0.00000000 0.0000e+00
6.5300 0.00000000 0.0000e+00
6.5350 0.00000000 0.0000e+00
6.5400 0.00000000 0.0000e+00
6.5450 0.00000000 0.0000e+00
6.5500 0.00000000 0.0000e+00
6.5550 0.00000000 0.0000e+00
6.5600 0.00000000 0.0000e+00
6.5650 0.00000000 0.0000e+00
6.5700 0.00000000 0.0000e+00
6.5750 0.00000000 0.0000e+00
6.5800 0.00000000 0.0000e+00
6.5850 0.00000000 0.0000e+00
6.5900 0.00000000 0.0000e+00
6.5950 0.00000000 0.0000e+00
6.6000 0.00000000 0.0000e+00
6.6050 0.00000000 0.0000e+00
6.6100 0.00000000 0.0000e+00
6.6150 0.00000000 0.0000e+00
6.6200 0.00000000 0.0000e+00
6.6250 0.00000000 0.0000e+00
6.6300 0.00000000 0.0000e+00
6.6350 0.00000000 0.0000e+00
6.6400 0.00000000 0.0000e+00
6.6450 0.00000000 0.0000e+00
6.6500 0.00000000 0.0000e+00
6.6550 0.00000000 0.0000e+00
6.6600 0.00000000 0.0000e+00
6.6650 0.00000000 0.0000e+00
6.6700 0.00000000 0.0000e+00
6.6750 0.00000000 0.0000e+00
6.6800 0.00000000 0.0000e+00
6.6850 0.00000000 0.0000e+00
6.6900 0.00000000 0.0000e+00
6.6950 0.00000000 0.0000e+00
6.7000 0.00000000 0.0000e+00
6.7050 0.00000000 0.0000e+00
6.7100 0.00000000 0.0000e+00
6.7150 0.00000000 0.0000e+00
6.7200 0.00000000 0.0000e+00
6.7250 0.00000000 0.0000e+00
6.7300 0.00000000 0.0000e+00
6.7350 0.00000000 0.0000e+00
6.7400 0.00000000 0.0000e+00
6.7450 0.00000000 0.0000e+00
6.7500 0.00000000 0.0000e+00
6.7550 0.00000000 0.0000e+00
6.7600 0.00000000 0.0000e+00
6.7650 0.00000000 0.0000e+00
6.7700 0.00000000 0.0000e+00
6.7750 0.00000000 0.0000e+00
6.7800 0.00000000 0.0000e+00
6.7850 0.00000000 0.0000e+00
6.7900 0.00000000 0.0000e+00
6.7950 0.00000000 0.0000e+00
6.8000 0.00000000 0.0000e+00
6.8050 0.00000000 0.0000e+00
6.8100 0.00000000 0.0000e+00
6.8150 0.00000000 0.0000e+00
6.8200 0.00000000 0.0000e+00
6.8250 0.00000000 0.0000e+00
6.8300 0.00000000 0.0000e+00
6.8350 0.00000000 0.0000e+00
6.8400 0.00000000 0.0000e+00
6.8450 0.00000000 0.0000e+00
6.8500 0.00000000 0.0000e+00
6.8550 0.00000000 0.0000e+00
6.8600 0.00000000 0.0000e+00
6.8650 0.00000000 0.0000e+00
6.8700 0.00000000 0.0000e+00
6.8750 0.00000000 0.0000e+00
6.8800 0.00000000 0.0000e+00
6.8850 0.00000000 0.0000e+00
6.8900 0.00000000 0.0000e+00
6.8950 0.00000000 0.0000e+00
6.9000 0.00000000 0.0000e+00
6.9050 0.00000000 0.0000e+00
6.9100 0.00000000 0.0000e+00
6.9150 0.00000000 0.0000e+00
6.9200 0.00000000 0.0000e+00
6.9250 0.00000000 0.0000e+00
6.9300 0.00000000 0.0000e+00
6.9350 0.00000000 0.0000e+00
6.9400 0.00000000 0.0000e+00
6.9450 0.00000000 0.0000e+00
6.9500 0.00000000 0.0000e+00
6.9550 0.00000000 0.0000e+00
6.9600 0.00000000 0.0000e+00
6.9650 0.00000000 0.0000e+00
6.9700 0.00000000 0.0000e+00
6.9750 0.00000000 0.0000e+00
6.9800 0.00000000 0.0000e+00
6.9850 0.00000000 0.0000e+00
6.9900 0.00000000 0.0000e+00
6.9950 0.00000000 0.0000e+00
7.0000 0.00000000 0.0000e+00
7.0050 0.00000000 0.0000e+00
7.0100 0.00000000 0.0000e+00
7.0150 0.00000000 0.0000e+00
7.0200 0.00000000 0.0000e+00
7.0250 0.00000000 0.0000e+00
7.0300 0.00000000 0.0000e+00
7.0350 0.00000000 0.0000e+00
7.0400 0.00000000 0.0000e+00
7.0450 0.00000000 0.0000e+00
7.0500 0.00000000 0.0000e+00
7.0550 0.00000000 0.0000e+00
7.0600 0.00000000 0.0000e+00
7.0650 0.00000000 0.0000e+00
7.0700 0.00000000 0.0000e+00
7.0750 0.00000000 0.0000e+00
7.0800 0.00000000 0.0000e+00
7.0850 0.00000000 0.0000e+00
7.0900 0.00000000 0.0000e+00
7.0950 0.00000000 0.0000e+00
7.1000 0.00000000 0.0000e+00
7.1050 0.00000000 0.0000e+00
7.1100 0.00000000 0.0000e+00
7.1150 0.00000000 0.0000e+00
7.1200 0.00000000 0.0000e+00
7.1250 0.00000000 0.0000e+00
7.1300 0.00000000 0.0000e+00
7.1350 0.00000000 0.0000e+00
7.1400 0.00000000 0.0000e+00
7.1450 0.00000000 0.0000e+00
7.1500 0.00000000 0.0000e+00
7.1550 0.00000000 0.0000e+00
7.1600 0.00000000 0.0000e+00
7.1650 0.00000000 0.0000e+00
7.1700 0.00000000 0.0000e+00
7.1750 0.00000000 0.0000e+00
7.1800 0.00000000 0.0000e+00
7.1850 0.00000000 0.0000e+00
7.1900 0.00000000 0.0000e+00
7.1950 0.00000000 0.0000e+00
7.2000 0.00000000 0.0000e+00
7.2050 0.00000000 0.0000e+00
7.2100 0.00000000 0.0000e+00
7.2150 0.00000000 0.0000e+00
7.2200 0.00000000 0.0000e+00
7.2250 0.00000000 0.0000e+00
7.2300 0.00000000 0.0000e+00
7.2350 0.00000000 0.0000e+00
7.2400 0.00000000 0.0000e+00
7.2450 0.00000000 0.0000e+00
7.2500 0.00000000 0.0000e+00
7.2550 0.00000000 0.0000e+00
7.2600 0.00000000 0.0000e+00
7.2650 0.00000000 0.0000e+00
7.2700 0.00000000 0.0000e+00
7.2750 0.00000000 0.0000e+00
7.2800 0.00000000 0.0000e+00
7.2850 0.00000000 0.0000e+00
7.2900 0.00000000 0.0000e+00
7.2950 0.00000000 0.0000e+00
7.3000 0.00000000 0.0000e+00
7.3050 0.00000000 0.0000e+00
7.3100 0.00000000 0.0000e+00
7.3150 0.00000000 0.0000e+00
7.3200 0.00000000 0.0000e+00
7.3250 0.00000000 0.0000e+00
7.3300 0.00000000 0.0000e+00
7.3350 0.00000000 0.0000e+00
7.3400 0.00000000 0.0000e+00
7.3450 0.00000000 0.0000e+00
7.3500 0.00000000 0.0000e+00
7.3550 0.00000000 0.0000e+00
7.3600 0.00000000 0.0000e+00
7.3650 0.00000000 0.0000e+00
7.3700 0.00000000 0.0000e+00
7.3750 0.00000000 0.0000e+00
7.3800 0.00000000 0.0000e+00
7.3850 0.00000000 0.0000e+00
7.3900 0.00000000 0.0000e+00
7.3950 0.00000000 0.0000e+00
7.4000 0.00000000 0.0000e+00
7.4050 0.00000000 0.0000e+00
7.4100 0.00000000 0.0000e+00
7.4150 0.00000000 0.0000e+00
7.4200 0.00000000 0.0000e+00
7.4250 0.00000000 0.0000e+00
7.4300 0.00000000 0.0000e+00
7.4350 0.00000000 0.0000e+00
7.4400 0.00000000 0.0000e+00
7.4450 0.00000000 0.0000e+00
7.4500 0.00000000 0.0000e+00
7.4550 0.00000000 0.0000e+00
7.4600 0.00000000 0.0000e+00
7.4650 0.00000000 0.0000e+00
7.4700 0.00000000 0.0000e+00
7.4750 0.00000000 0.0000e+00
7.4800 0.00000000 0.0000e+00
7.4850 0.00000000 0.0000e+00
7.4900 0.00000000 0.0000e+00
7.4950 0.00000000 0.0000e+00
7.5000 0.00000000 0.0000e+00
7.5050 0.00000000 0.0000e+00
7.5100 0.00000000 0.0000e+00
7.5150 0.00000000 0.0000e+00
7.5200 0.00000000 0.0000e+00
7.5250 0.00000000 0.0000e+00
7.5300 0.00000000 0.0000e+00
7.5350 0.00000000 0.0000e+00
7.5400 0.00000000 0.0000e+00
7.5450 0.00000000 0.0000e+00
7.5500 0.00000000 0.0000e+00
7.5550 0.00000000 0.0000e+00
7.5600 0.00000000 0.0000e+00
7.5650 0.00000000 0.0000e+00
7.5700 0.00000000 0.0000e+00
7.5750 0.00000000 0.0000e+00
7.5800 0.00000000 0.0000e+00
7.5850 0.00000000 0.0000e+00
7.5900 0.00000000 0.0000e+00
7.5950 0.00000000 0.0000e+00
7.6000 0.00000000 0.0000e+00
7.6050 0.00000000 0.0000e+00
7.6100 0.00000000 0.0000e+00
7.6150 0.00000000 0.0000e+00
7.6200 0.00000000 0.0000e+00
7.6250 0.00000000 0.0000e+00
7.6300 0.00000000 0.0000e+00
7.6350 0.00000000 0.0000e+00
7.6400 0.00000000 0.0000e+00
7.6450 0.00000000 0.0000e+00
7.6500 0.00000000 0.0000e+00
7.6550 0.00000000 0.0000e+00
7.6600 0.00000000 0.0000e+00
7.6650 0.00000000 0.0000e+00
7.6700 0.00000000 0.0000e+00
7.6750 0.00000000 0.0000e+00
7.6800 0.00000000 0.0000e+00
7.6850 0.00000000 0.0000e+00
7.6900 0.00000000 0.0000e+00
7.6950 0.00000000 0.0000e+00
7.7000 0.00000000 0.0000e+00
7.7050 0.00000000 0.0000e+00
7.7100 0.00000000 0.0000e+00
7.7150 0.00000000 0.0000e+00
7.7200 0.00000000 0.0000e+00
7.7250 0.00000000 0.0000e+00
7.7300 0.00000000 0.0000e+00
7.7350 0.00000000 0.0000e+00
7.7400 0.00000000 0.0000e+00
7.7450 0.00000000 0.0000e+00
7.7500 0.00000000 0.0000e+00
7.7550 0.00000000 0.0000e+00
7.7600 0.00000000 0.0000e+00
7.7650 0.00000000 0.0000e+00
7.7700 0.00000000 0.0000e+00
7.7750 0.00000000 0.0000e+00
7.7800 0.00000000 0.0000e+00
7.7850 0.00000000 0.0000e+00
7.7900 0.00000000 0.0000e+00
7.7950 0.00000000 0.0000e+00
7.8000 0.00000000 0.0000e+00
7.8050 0.00000000 0.0000e+00
7.8100 0.00000000 0.0000e+00
7.8150 0.00000000 0.0000e+00
7.8200 0.00000000 0.0000e+00
7.8250 0.00000000 0.0000e+00
7.8300 0.00000000 0.0000e+00
7.8350 0.00000000 0.0000e+00
7.8400 0.00000000 0.0000e+00
7.8450 0.00000000 0.0000e+00
7.8500 0.00000000 0.0000e+00
7.8550 0.00000000 0.0000e+00
7.8600 0.00000000 0.0000e+00
7.8650 0.00000000 0.0000e+00
7.8700 0.00000000 0.0000e+00
7.8750 0.00000000 0.0000e+00
7.8800 0.00000000 0.0000e+00
7.8850 0.00000000 0.0000e+00
7.8900 0.00000000 0.0000e+00
7.8950 0.00000000 0.0000e+00
7.9000 0.00000000 0.0000e+00
7.9050 0.00000000 0.0000e+00
7.9100 0.00000000 0.0000e+00
7.9150 0.00000000 0.0000e+00
7.9200 0.00000000 0.0000e+00
7.9250 0.00000000 0.0000e+00
7.9300 0.00000000 0.0000e+00
7.9350 0.00000000 0.0000e+00
7.9400 0.00000000 0.0000e+00
7.9450 0.00000000 0.0000e+00
7.9500 0.00000000 0.0000e+00
7.9550 0.00000000 0.0000e+00
7.9600 0.00000000 0.0000e+00
7.9650 0.00000000 0.0000e+00
7.9700 0.00000000 0.0000e+00
7.9750 0.00000000 0.0000e+00
7.9800 0.00000000 0.0000e+00
7.9850 0.00000000 0.0000e+00
7.9900 0.00000000 0.0000e+00
7.9950 0.00000000 0.0000e+00
8.0000 0.00000000 0.0000e+00
