0.0050 0.00000000 0.0000e+00
0.0100 0.00000000 0.0000e+00
0.0150 0.00000000 0.0000e+00
0.0200 0.00000000 0.0000e+00
0.0250 0.00000000 0.0000e+00
0.0300 0.00000000 0.0000e+00
0.0350 0.00000000 0.0000e+00
0.0400 0.00000000 0.0000e+00
0.0450 0.00000000 0.0000e+00
0.0500 0.00000000 0.0000e+00
0.0550 0.00000000 0.0000e+00
0.0600 0.00000000 0.0000e+00
0.0650 0.00000000 0.0000e+00
0.0700 0.00000000 0.0000e+00
0.0750 0.00000000 0.0000e+00
0.0800 0.00000000 0.0000e+00
0.0850 0.00000000 0.0000e+00
0.0900 0.00000000 0.0000e+00
0.0950 0.00000000 0.0000e+00
0.1000 0.00000000 0.0000e+00
0.1050 0.00000000 0.0000e+00
0.1100 0.00000000 0.0000e+00
0.1150 0.00000000 0.0000e+00
0.1200 0.00000000 0.0000e+00
0.1250 0.00000000 0.0000e+00
0.1300 0.00000000 0.0000e+00
0.1350 0.00000000 0.0000e+00
0.1400 0.00000000 0.0000e+00
0.1450 0.00000000 0.0000e+00
0.1500 0.00000000 0.0000e+00
0.1550 0.00000000 0.0000e+00
0.1600 0.00000000 0.0000e+00
0.1650 0.00000000 0.0000e+00
0.1700 0.00000000 0.0000e+00
0.1750 0.00000000 0.0000e+00
0.1800 0.00000000 0.0000e+00
0.1850 0.00000000 0.0000e+00
0.1900 0.00000000 0.0000e+00
0.1950 0.00000000 0.0000e+00
0.2000 0.00000000 0.0000e+00
0.2050 0.00000000 0.0000e+00
0.2100 0.00000000 0.0000e+00
0.2150 0.00000000 0.0000e+00
0.2200 0.00000000 0.0000e+00
0.2250 0.00000000 0.0000e+00
0.2300 0.00000000 0.0000e+00
0.2350 0.00000000 0.0000e+00
0.2400 0.00000000 0.0000e+00
0.2450 0.00000000 0.0000e+00
0.2500 0.00000000 0.0000e+00
0.2550 0.00000000 0.0000e+00
0.2600 0.00000000 0.0000e+00
0.2650 0.00000000 0.0000e+00
0.2700 0.00000000 0.0000e+00
0.2750 0.00000000 0.0000e+00
0.2800 0.00000000 0.0000e+00
0.2850 0.00000000 0.0000e+00
0.2900 0.00000000 0.0000e+00
0.2950 0.00000000 0.0000e+00
0.3000 0.00000000 0.0000e+00
0.3050 0.00000000 0.0000e+00
0.3100 0.00000000 0.0000e+00
0.3150 0.00000000 0.0000e+00
0.3200 0.00000000 0.0000e+00
0.3250 0.00000000 0.0000e+00
0.3300 0.00000000 0.0000e+00
0.3350 0.00000000 0.0000e+00
0.3400 0.00000000 0.0000e+00
0.3450 0.00000000 0.0000e+00
0.3500 0.00000000 0.0000e+00
0.3550 0.00000000 0.0000e+00
0.3600 0.00000000 0.0000e+00
0.3650 0.00000000 0.0000e+00
0.3700 0.00000000 0.0000e+00
0.3750 0.00000000 0.0000e+00
0.3800 0.00000000 0.0000e+00
0.3850 0.00000000 0.0000e+00
0.3900 0.00000000 0.0000e+00
0.3950 0.00000000 0.0000e+00
0.4000 0.00000000 0.0000e+00
0.4050 0.00000000 0.0000e+00
0.4100 0.00000000 0.0000e+00
0.4150 0.00000000 0.0000e+00
0.4200 0.00000000 0.0000e+00
0.4250 0.00000000 0.0000e+00
0.4300 0.00000000 0.0000e+00
0.4350 0.00000000 0.0000e+00
0.4400 0.00000000 0.0000e+00
0.4450 0.00000000 0.0000e+00
0.4500 0.00000000 0.0000e+00
0.4550 0.00000000 0.0000e+00
0.4600 0.00000000 0.0000e+00
0.4650 0.00000000 0.0000e+00
0.4700 0.00000000 0.0000e+00
0.4750 0.00000000 0.0000e+00
0.4800 0.00000000 0.0000e+00
0.4850 0.00000000 0.0000e+00
0.4900 0.00000000 0.0000e+00
0.4950 0.00000000 0.0000e+00
0.5000 0.00000000 0.0000e+00
0.5050 0.00000000 0.0000e+00
0.5100 0.00000000 0.0000e+00
0.5150 0.00000000 0.0000e+00
0.5200 0.00000000 0.0000e+00
0.5250 0.00000000 0.0000e+00
0.5300 0.00000000 0.0000e+00
0.5350 0.00000000 0.0000e+00
0.5400 0.00000000 0.0000e+00
0.5450 0.00000000 0.0000e+00
0.5500 0.00000000 0.0000e+00
0.5550 0.00000000 0.0000e+00
0.5600 0.00000000 0.0000e+00
0.5650 0.00000000 0.0000e+00
0.5700 0.00000000 0.0000e+00
0.5750 0.00000000 0.0000e+00
0.5800 0.00000000 0.0000e+00
0.5850 0.00000000 0.0000e+00
0.5900 0.00000000 0.0000e+00
0.5950 0.00000000 0.0000e+00
0.6000 0.00000000 0.0000e+00
0.6050 0.00000000 0.0000e+00
0.6100 0.00000000 0.0000e+00
0.6150 0.00000000 0.0000e+00
0.6200 0.00000000 0.0000e+00
0.6250 0.00000000 0.0000e+00
0.6300 0.00000000 0.0000e+00
0.6350 0.00000000 0.0000e+00
0.6400 0.00000000 0.0000e+00
0.6450 0.00000000 0.0000e+00
0.6500 0.00000000 0.0000e+00
0.6550 0.00000000 0.0000e+00
0.6600 0.00000000 0.0000e+00
0.6650 0.00000000 0.0000e+00
0.6700 0.00000000 0.0000e+00
0.6750 0.00000000 0.0000e+00
0.6800 0.00000000 0.0000e+00
0.6850 0.00000000 0.0000e+00
0.6900 0.00000000 0.0000e+00
0.6950 0.00000000 0.0000e+00
0.7000 0.00000000 0.0000e+00
0.7050 0.00000000 0.0000e+00
0.7100 0.00000000 0.0000e+00
0.7150 0.00000000 0.0000e+00
0.7200 0.00000000 0.0000e+00
0.7250 0.00000000 0.0000e+00
0.7300 0.00000000 0.0000e+00
0.7350 0.00000000 0.0000e+00
0.7400 0.00000000 0.0000e+00
0.7450 0.00000000 0.0000e+00
0.7500 0.00000000 0.0000e+00
0.7550 0.00000000 0.0000e+00
0.7600 0.00000000 0.0000e+00
0.7650 0.00000000 0.0000e+00
0.7700 0.00000000 0.0000e+00
0.7750 0.00000000 0.0000e+00
0.7800 0.00000000 0.0000e+00
0.7850 0.00000000 0.0000e+00
0.7900 0.00000000 0.0000e+00
0.7950 0.00000000 0.0000e+00
0.8000 0.00000000 0.0000e+00
0.8050 0.00000000 0.0000e+00
0.8100 0.00000000 0.0000e+00
0.8150 0.00000000 0.0000e+00
0.8200 0.00000000 0.0000e+00
0.8250 0.00000000 0.0000e+00
0.8300 0.00000000 0.0000e+00
0.8350 0.00000000 0.0000e+00
0.8400 0.00000000 0.0000e+00
0.8450 0.00000000 0.0000e+00
0.8500 0.00000000 0.0000e+00
0.8550 0.00000000 0.0000e+00
0.8600 0.00000000 0.0000e+00
0.8650 0.00000000 0.0000e+00
0.8700 0.00000000 0.0000e+00
0.8750 0.00000000 0.0000e+00
0.8800 0.00000000 0.0000e+00
0.8850 0.00000000 0.0000e+00
0.8900 0.00000000 0.0000e+00
0.8950 0.00000000 0.0000e+00
0.9000 0.00000000 0.0000e+00
0.9050 0.00000000 0.0000e+00
0.9100 0.00000000 0.0000e+00
0.9150 0.00000000 0.0000e+00
0.9200 0.00000000 0.0000e+00
0.9250 0.00000000 0.0000e+00
0.9300 0.00000000 0.0000e+00
0.9350 0.00000000 0.0000e+00
0.9400 0.00000000 0.0000e+00
0.9450 0.00000000 0.0000e+00
0.9500 0.00000000 0.0000e+00
0.9550 0.00000000 0.0000e+00
0.9600 0.00000000 0.0000e+00
0.9650 0.00000000 0.0000e+00
0.9700 0.00000000 0.0000e+00
0.9750 0.00000000 0.0000e+00
0.9800 0.00000000 0.0000e+00
0.9850 0.00000000 0.0000e+00
0.9900 0.00000000 0.0000e+00
0.9950 0.00000000 0.0000e+00
1.0000 0.00000000 0.0000e+00
1.0050 0.00000000 0.0000e+00
1.0100 0.00000000 0.0000e+00
1.0150 0.00000000 0.0000e+00
1.0200 0.00000000 0.0000e+00
1.0250 0.00000000 0.0000e+00
1.0300 0.00000000 0.0000e+00
1.0350 0.00000000 0.0000e+00
1.0400 0.00000000 0.0000e+00
1.0450 0.00000000 0.0000e+00
1.0500 0.00000000 0.0000e+00
1.0550 0.00000000 0.0000e+00
1.0600 0.00000000 0.0000e+00
1.0650 0.00000000 0.0000e+00
1.0700 0.00000000 0.0000e+00
1.0750 0.00000000 0.0000e+00
1.0800 0.00000000 0.0000e+00
1.0850 0.00000000 0.0000e+00
1.0900 0.00000000 0.0000e+00
1.0950 0.00000000 0.0000e+00
1.1000 0.00000000 0.0000e+00
1.1050 0.00000000 0.0000e+00
1.1100 0.00000000 0.0000e+00
1.1150 0.00000000 0.0000e+00
1.1200 0.00000000 0.0000e+00
1.1250 0.00000000 0.0000e+00
1.1300 0.00000000 0.0000e+00
1.1350 0.00000000 0.0000e+00
1.1400 0.00000000 0.0000e+00
1.1450 0.00000000 0.0000e+00
1.1500 0.00000000 0.0000e+00
1.1550 0.00000000 0.0000e+00
1.1600 0.00000000 0.0000e+00
1.1650 0.00000000 0.0000e+00
1.1700 0.00000000 0.0000e+00
1.1750 0.00000000 0.0000e+00
1.1800 0.00000000 0.0000e+00
1.1850 0.00000000 0.0000e+00
1.1900 0.00000000 0.0000e+00
1.1950 0.00000000 0.0000e+00
1.2000 0.00000000 0.0000e+00
1.2050 0.00000000 0.0000e+00
1.2100 0.00000000 0.0000e+00
1.2150 0.00000000 0.0000e+00
1.2200 0.00000000 0.0000e+00
1.2250 0.00000000 0.0000e+00
1.2300 0.00000000 0.0000e+00
1.2350 0.00000000 0.0000e+00
1.2400 0.00000000 0.0000e+00
1.2450 0.00000000 0.0000e+00
1.2500 0.00000000 0.0000e+00
1.2550 0.00000000 0.0000e+00
1.2600 0.00000000 0.0000e+00
1.2650 0.00000000 0.0000e+00
1.2700 0.00000000 0.0000e+00
1.2750 0.00000000 0.0000e+00
1.2800 0.00000000 0.0000e+00
1.2850 0.00000000 0.0000e+00
1.2900 0.00000000 0.0000e+00
1.2950 0.00000000 0.0000e+00
1.3000 0.00000000 0.0000e+00
1.3050 0.00000000 0.0000e+00
1.3100 0.00000000 0.0000e+00
1.3150 0.00000000 0.0000e+00
1.3200 0.00000000 0.0000e+00
1.3250 0.00000000 0.0000e+00
1.3300 0.00000000 0.0000e+00
1.3350 0.00000000 0.0000e+00
1.3400 0.00000000 0.0000e+00
1.3450 0.00000000 0.0000e+00
1.3500 0.00000000 0.0000e+00
1.3550 0.00000000 0.0000e+00
1.3600 0.00000000 0.0000e+00
1.3650 0.00000000 0.0000e+00
1.3700 0.00000000 0.0000e+00
1.3750 0.00000000 0.0000e+00
1.3800 0.00000000 0.0000e+00
1.3850 0.00000000 0.0000e+00
1.3900 0.00000000 0.0000e+00
1.3950 0.00000000 0.0000e+00
1.4000 0.00000000 0.0000e+00
1.4050 0.00000000 0.0000e+00
1.4100 0.00000000 0.0000e+00
1.4150 0.00000000 0.0000e+00
1.4200 0.00000000 0.0000e+00
1.4250 0.00000000 0.0000e+00
1.4300 0.00000000 0.0000e+00
1.4350 0.00000000 0.0000e+00
1.4400 0.00000000 0.0000e+00
1.4450 0.00000000 0.0000e+00
1.4500 0.00000000 0.0000e+00
1.4550 0.00000000 0.0000e+00
1.4600 0.00000000 0.0000e+00
1.4650 0.00000000 0.0000e+00
1.4700 0.00000000 0.0000e+00
1.4750 0.00000000 0.0000e+00
1.4800 0.00000000 0.0000e+00
1.4850 0.00000000 0.0000e+00
1.4900 0.00000000 0.0000e+00
1.4950 0.00000000 0.0000e+00
1.5000 0.00000000 0.0000e+00
1.5050 0.00000000 0.0000e+00
1.5100 0.00000000 0.0000e+00
1.5150 0.00000000 0.0000e+00
1.5200 0.00000000 0.0000e+00
1.5250 0.00000000 0.0000e+00
1.5300 0.00000000 0.0000e+00
1.5350 0.00000000 0.0000e+00
1.5400 0.00000000 0.0000e+00
1.5450 0.00000000 0.0000e+00
1.5500 0.00000000 0.0000e+00
1.5550 0.00000000 0.0000e+00
1.5600 0.00000000 0.0000e+00
1.5650 0.00000000 0.0000e+00
1.5700 0.00000000 0.0000e+00
1.5750 0.00000000 0.0000e+00
1.5800 0.00000000 0.0000e+00
1.5850 0.00000000 0.0000e+00
1.5900 0.00000000 0.0000e+00
1.5950 0.00000000 0.0000e+00
1.6000 0.00000000 0.0000e+00
1.6050 0.00000000 0.0000e+00
1.6100 0.00000000 0.0000e+00
1.6150 0.00000000 0.0000e+00
1.6200 0.00000000 0.0000e+00
1.6250 0.00000000 0.0000e+00
1.6300 0.00000000 0.0000e+00
1.6350 0.00000000 0.0000e+00
1.6400 0.00000000 0.0000e+00
1.6450 0.00000000 0.0000e+00
1.6500 0.00000000 0.0000e+00
1.6550 0.00000000 0.0000e+00
1.6600 0.00000000 0.0000e+00
1.6650 0.00000000 0.0000e+00
1.6700 0.00000000 0.0000e+00
1.6750 0.00000000 0.0000e+00
1.6800 0.00000000 0.0000e+00
1.6850 0.00000000 0.0000e+00
1.6900 0.00000000 0.0000e+00
1.6950 0.00000000 0.0000e+00
1.7000 0.00000000 0.0000e+00
1.7050 0.00000000 0.0000e+00
1.7100 0.00000000 0.0000e+00
1.7150 0.00000000 0.0000e+00
1.7200 0.00000000 0.0000e+00
1.7250 0.00000000 0.0000e+00
1.7300 0.00000000 0.0000e+00
1.7350 0.00000000 0.0000e+00
1.7400 0.00000000 0.0000e+00
1.7450 0.00000000 0.0000e+00
1.7500 0.00000000 0.0000e+00
1.7550 0.00000000 0.0000e+00
1.7600 0.00000000 0.0000e+00
1.7650 0.00000000 0.0000e+00
1.7700 0.00000000 0.0000e+00
1.7750 0.00000000 0.0000e+00
1.7800 0.00000000 0.0000e+00
1.7850 0.00000000 0.0000e+00
1.7900 0.00000000 0.0000e+00
1.7950 0.00000000 0.0000e+00
1.8000 0.00000000 0.0000e+00
1.8050 0.00000000 0.0000e+00
1.8100 0.00000000 0.0000e+00
1.8150 0.00000000 0.0000e+00
1.8200 0.00000000 0.0000e+00
1.8250 0.00000000 0.0000e+00
1.8300 0.00000000 0.0000e+00
1.8350 0.00000000 0.0000e+00
1.8400 0.00000000 0.0000e+00
1.8450 0.00000000 0.0000e+00
1.8500 0.00000000 0.0000e+00
1.8550 0.00000000 0.0000e+00
1.8600 0.00000000 0.0000e+00
1.8650 0.00000000 0.0000e+00
1.8700 0.00000000 0.0000e+00
1.8750 0.00000000 0.0000e+00
1.8800 0.00000000 0.0000e+00
1.8850 0.00000000 0.0000e+00
1.8900 0.00000000 0.0000e+00
1.8950 0.00000000 0.0000e+00
1.9000 0.00000000 0.0000e+00
1.9050 0.00000000 0.0000e+00
1.9100 0.00000000 0.0000e+00
1.9150 0.00000000 0.0000e+00
1.9200 0.00000000 0.0000e+00
1.9250 0.00000000 0.0000e+00
1.9300 0.00000000 0.0000e+00
1.9350 0.00000000 0.0000e+00
1.9400 0.00000000 0.0000e+00
1.9450 0.00000000 0.0000e+00
1.9500 0.00000000 0.0000e+00
1.9550 0.00000000 0.0000e+00
1.9600 0.00000000 0.0000e+00
1.9650 0.00000000 0.0000e+00
1.9700 0.00000000 0.0000e+00
1.9750 0.00000000 0.0000e+00
1.9800 0.00000000 0.0000e+00
1.9850 0.00000000 0.0000e+00
1.9900 0.00000000 0.0000e+00
1.9950 0.00000000 0.0000e+00
2.0000 0.00000000 0.0000e+00
2.0050 0.00000000 0.0000e+00
2.0100 0.00000000 0.0000e+00
2.0150 0.00000000 0.0000e+00
2.0200 0.00000000 0.0000e+00
2.0250 0.00000000 0.0000e+00
2.0300 0.00000000 0.0000e+00
2.0350 0.00000000 0.0000e+00
2.0400 0.00000000 0.0000e+00
2.0450 0.00000000 0.0000e+00
2.0500 0.00000000 0.0000e+00
2.0550 0.00000000 0.0000e+00
2.0600 0.00000000 0.0000e+00
2.0650 0.00000000 0.0000e+00
2.0700 0.00000000 0.0000e+00
2.0750 0.00000000 0.0000e+00
2.0800 0.00000000 0.0000e+00
2.0850 0.00000000 0.0000e+00
2.0900 0.00000000 0.0000e+00
2.0950 0.00000000 0.0000e+00
2.1000 0.00000000 0.0000e+00
2.1050 0.00000000 0.0000e+00
2.1100 0.00000000 0.0000e+00
2.1150 0.00918803 6.2071e+10
2.1200 0.00960603 6.4895e+10
2.1250 0.01002403 6.7719e+10
2.1300 0.01044202 7.0543e+10
2.1350 0.01086002 7.3367e+10
2.1400 0.01127802 7.6191e+10
2.1450 0.01169602 7.9014e+10
2.1500 0.01211401 8.1838e+10
2.1550 0.01253201 8.4662e+10
2.1600 0.01295001 8.7486e+10
2.1650 0.01336800 9.0310e+10
2.1700 0.01378600 9.3134e+10
2.1750 0.01420400 9.5957e+10
2.1800 0.01462200 9.8781e+10
2.1850 0.01503999 1.0161e+11
2.1900 0.01545799 1.0443e+11
2.1950 0.01587599 1.0725e+11
2.2000 0.01629398 1.1008e+11
2.2050 0.01671198 1.1290e+11
2.2100 0.01712998 1.1572e+11
2.2150 0.01754797 1.1855e+11
2.2200 0.01796597 1.2137e+11
2.2250 0.01838397 1.2420e+11
2.2300 0.01880197 1.2702e+11
2.2350 0.01921996 1.2984e+11
2.2400 0.01963796 1.3267e+11
2.2450 0.02005596 1.3549e+11
2.2500 0.02047395 1.3832e+11
2.2550 0.02089195 1.4114e+11
2.2600 0.02130995 1.4396e+11
2.2650 0.02172794 1.4679e+11
2.2700 0.02214594 1.4961e+11
2.2750 0.02256394 1.5243e+11
2.2800 0.02298194 1.5526e+11
2.2850 0.02339993 1.5808e+11
2.2900 0.02381793 1.6091e+11
2.2950 0.02423593 1.6373e+11
2.3000 0.02465392 1.6655e+11
2.3050 0.02507192 1.6938e+11
2.3100 0.02548992 1.7220e+11
2.3150 0.02590791 1.7503e+11
2.3200 0.02632591 1.7785e+11
2.3250 0.02674391 1.8067e+11
2.3300 0.02716191 1.8350e+11
2.3350 0.02757990 1.8632e+11
2.3400 0.02799790 1.8914e+11
2.3450 0.02841590 1.9197e+11
2.3500 0.02883389 1.9479e+11
2.3550 0.02925189 1.9762e+11
2.3600 0.02966989 2.0044e+11
2.3650 0.03008789 2.0326e+11
2.3700 0.03050588 2.0609e+11
2.3750 0.03092388 2.0891e+11
2.3800 0.03134188 2.1174e+11
2.3850 0.03175987 2.1456e+11
2.3900 0.03217787 2.1738e+11
2.3950 0.03259587 2.2021e+11
2.4000 0.03301386 2.2303e+11
2.4050 0.03343186 2.2585e+11
2.4100 0.03384986 2.2868e+11
2.4150 0.03427138 2.3153e+11
2.4200 0.03535025 2.3881e+11
2.4250 0.03642913 2.4610e+11
2.4300 0.03750800 2.5339e+11
2.4350 0.03858687 2.6068e+11
2.4400 0.03966575 2.6797e+11
2.4450 0.04074462 2.7526e+11
2.4500 0.04182349 2.8255e+11
2.4550 0.04290237 2.8983e+11
2.4600 0.04398124 2.9712e+11
2.4650 0.04506012 3.0441e+11
2.4700 0.04613899 3.1170e+11
2.4750 0.04721786 3.1899e+11
2.4800 0.04829674 3.2628e+11
2.4850 0.04937561 3.3357e+11
2.4900 0.05045448 3.4085e+11
2.4950 0.05153336 3.4814e+11
2.5000 0.05261223 3.5543e+11
2.5050 0.05369111 3.6272e+11
2.5100 0.05476998 3.7001e+11
2.5150 0.05584885 3.7730e+11
2.5200 0.05692773 3.8458e+11
2.5250 0.05800660 3.9187e+11
2.5300 0.05908547 3.9916e+11
2.5350 0.06016435 4.0645e+11
2.5400 0.06124322 4.1374e+11
2.5450 0.06232209 4.2103e+11
2.5500 0.06340097 4.2832e+11
2.5550 0.06447984 4.3560e+11
2.5600 0.06555872 4.4289e+11
2.5650 0.06663759 4.5018e+11
2.5700 0.06771646 4.5747e+11
2.5750 0.06879534 4.6476e+11
2.5800 0.06987421 4.7205e+11
2.5850 0.07095308 4.7934e+11
2.5900 0.07203196 4.8662e+11
2.5950 0.07376637 4.9834e+11
2.6000 0.07567813 5.1126e+11
2.6050 0.07758988 5.2417e+11
2.6100 0.07950164 5.3709e+11
2.6150 0.08141339 5.5000e+11
2.6200 0.08332515 5.6292e+11
2.6250 0.08523690 5.7583e+11
2.6300 0.08714866 5.8875e+11
2.6350 0.08906041 6.0166e+11
2.6400 0.09097216 6.1458e+11
2.6450 0.09288392 6.2749e+11
2.6500 0.09479567 6.4041e+11
2.6550 0.09670743 6.5332e+11
2.6600 0.09861918 6.6624e+11
2.6650 0.10053094 6.7915e+11
2.6700 0.10244269 6.9207e+11
2.6750 0.10435445 7.0498e+11
2.6800 0.10626620 7.1790e+11
2.6850 0.10817796 7.3081e+11
2.6900 0.11008971 7.4373e+11
2.6950 0.11200146 7.5664e+11
2.7000 0.11391322 7.6956e+11
2.7050 0.11582497 7.8247e+11
2.7100 0.11773673 7.9539e+11
2.7150 0.11964848 8.0831e+11
2.7200 0.12229414 8.2618e+11
2.7250 0.12512403 8.4530e+11
2.7300 0.12795393 8.6441e+11
2.7350 0.13078383 8.8353e+11
2.7400 0.13361372 9.0265e+11
2.7450 0.13644362 9.2177e+11
2.7500 0.13927352 9.4089e+11
2.7550 0.14210341 9.6000e+11
2.7600 0.14493331 9.7912e+11
2.7650 0.14776321 9.9824e+11
2.7700 0.15059310 1.0174e+12
2.7750 0.15342300 1.0365e+12
2.7800 0.15625290 1.0556e+12
2.7850 0.15908279 1.0747e+12
2.7900 0.16191269 1.0938e+12
2.7950 0.16474259 1.1129e+12
2.8000 0.16757248 1.1321e+12
2.8050 0.17040238 1.1512e+12
2.8100 0.17323228 1.1703e+12
2.8150 0.17645496 1.1921e+12
2.8200 0.18022604 1.2175e+12
2.8250 0.18399713 1.2430e+12
2.8300 0.18776822 1.2685e+12
2.8350 0.19153930 1.2940e+12
2.8400 0.19531039 1.3195e+12
2.8450 0.19908147 1.3449e+12
2.8500 0.20285256 1.3704e+12
2.8550 0.20662364 1.3959e+12
2.8600 0.21039473 1.4214e+12
2.8650 0.21416582 1.4468e+12
2.8700 0.21793690 1.4723e+12
2.8750 0.22170799 1.4978e+12
2.8800 0.22547907 1.5233e+12
2.8850 0.22925016 1.5487e+12
2.8900 0.23302124 1.5742e+12
2.8950 0.23730327 1.6031e+12
2.9000 0.24195366 1.6346e+12
2.9050 0.24660404 1.6660e+12
2.9100 0.25125443 1.6974e+12
2.9150 0.25590481 1.7288e+12
2.9200 0.26055520 1.7602e+12
2.9250 0.26520558 1.7916e+12
2.9300 0.26985597 1.8231e+12
2.9350 0.27450635 1.8545e+12
2.9400 0.27915674 1.8859e+12
2.9450 0.28380712 1.9173e+12
2.9500 0.28845751 1.9487e+12
2.9550 0.29310789 1.9801e+12
2.9600 0.29790844 2.0126e+12
2.9650 0.30334205 2.0493e+12
2.9700 0.30877566 2.0860e+12
2.9750 0.31420927 2.1227e+12
2.9800 0.31964288 2.1594e+12
2.9850 0.32507650 2.1961e+12
2.9900 0.33051011 2.2328e+12
2.9950 0.33594372 2.2695e+12
3.0000 0.34137733 2.3062e+12
3.0050 0.34681094 2.3429e+12
3.0100 0.35224455 2.3796e+12
3.0150 0.35767817 2.4164e+12
3.0200 0.36353946 2.4560e+12
3.0250 0.36969388 2.4975e+12
3.0300 0.37584831 2.5391e+12
3.0350 0.38200274 2.5807e+12
3.0400 0.38815716 2.6223e+12
3.0450 0.39431159 2.6638e+12
3.0500 0.40046601 2.7054e+12
3.0550 0.40662044 2.7470e+12
3.0600 0.41277486 2.7886e+12
3.0650 0.41892929 2.8301e+12
3.0700 0.42529142 2.8731e+12
3.0750 0.43201830 2.9186e+12
3.0800 0.43874519 2.9640e+12
3.0850 0.44547208 3.0095e+12
3.0900 0.45219896 3.0549e+12
3.0950 0.45892585 3.1003e+12
3.1000 0.46565273 3.1458e+12
3.1050 0.47237962 3.1912e+12
3.1100 0.47910651 3.2367e+12
3.1150 0.48593016 3.2828e+12
3.1200 0.49311494 3.3313e+12
3.1250 0.50029972 3.3799e+12
3.1300 0.50748450 3.4284e+12
3.1350 0.51466928 3.4769e+12
3.1400 0.52185406 3.5255e+12
3.1450 0.52903884 3.5740e+12
3.1500 0.53622362 3.6225e+12
3.1550 0.54340840 3.6711e+12
3.1600 0.55094199 3.7220e+12
3.1650 0.55850072 3.7730e+12
3.1700 0.56605945 3.8241e+12
3.1750 0.57361817 3.8752e+12
3.1800 0.58117690 3.9262e+12
3.1850 0.58873562 3.9773e+12
3.1900 0.59629435 4.0284e+12
3.1950 0.60393377 4.0800e+12
3.2000 0.61170763 4.1325e+12
3.2050 0.61948149 4.1850e+12
3.2100 0.62725536 4.2375e+12
3.2150 0.63502922 4.2900e+12
3.2200 0.64280308 4.3426e+12
3.2250 0.65057695 4.3951e+12
3.2300 0.65839149 4.4479e+12
3.2350 0.66626162 4.5010e+12
3.2400 0.67413175 4.5542e+12
3.2450 0.68200188 4.6074e+12
3.2500 0.68987200 4.6605e+12
3.2550 0.69774213 4.7137e+12
3.2600 0.70561226 4.7669e+12
3.2650 0.71356121 4.8206e+12
3.2700 0.72151131 4.8743e+12
3.2750 0.72946140 4.9280e+12
3.2800 0.73741150 4.9817e+12
3.2850 0.74536160 5.0354e+12
3.2900 0.75331169 5.0891e+12
3.2950 0.76097034 5.1409e+12
3.3000 0.76862696 5.1926e+12
3.3050 0.77628358 5.2443e+12
3.3100 0.78394020 5.2960e+12
3.3150 0.79159681 5.3478e+12
3.3200 0.79931444 5.3999e+12
3.3250 0.80712858 5.4527e+12
3.3300 0.81494272 5.5055e+12
3.3350 0.82275685 5.5583e+12
3.3400 0.83057099 5.6111e+12
3.3450 0.83832251 5.6634e+12
3.3500 0.84562152 5.7127e+12
3.3550 0.85292053 5.7620e+12
3.3600 0.86021954 5.8114e+12
3.3650 0.86751856 5.8607e+12
3.3700 0.87477035 5.9097e+12
3.3750 0.88176832 5.9569e+12
3.3800 0.88876628 6.0042e+12
3.3850 0.89576424 6.0515e+12
3.3900 0.90276221 6.0988e+12
3.3950 0.90979932 6.1463e+12
3.4000 0.91688228 6.1942e+12
3.4050 0.92396524 6.2420e+12
3.4100 0.93104820 6.2899e+12
3.4150 0.93812677 6.3377e+12
3.4200 0.94438754 6.3800e+12
3.4250 0.95064831 6.4223e+12
3.4300 0.95690908 6.4646e+12
3.4350 0.96316986 6.5069e+12
3.4400 0.96903622 6.5465e+12
3.4450 0.97478308 6.5853e+12
3.4500 0.98052994 6.6241e+12
3.4550 0.98627681 6.6630e+12
3.4600 0.99202853 6.7018e+12
3.4650 0.99778209 6.7407e+12
3.4700 1.00353564 6.7796e+12
3.4750 1.00928919 6.8184e+12
3.4800 1.01410471 6.8510e+12
3.4850 1.01877479 6.8825e+12
3.4900 1.02344487 6.9141e+12
3.4950 1.02815703 6.9459e+12
3.5000 1.03307596 6.9791e+12
3.5050 1.03799490 7.0123e+12
3.5100 1.04291384 7.0456e+12
3.5150 1.04696022 7.0729e+12
3.5200 1.05047933 7.0967e+12
3.5250 1.05399844 7.1205e+12
3.5300 1.05771749 7.1456e+12
3.5350 1.06215947 7.1756e+12
3.5400 1.06660144 7.2056e+12
3.5450 1.07104342 7.2356e+12
3.5500 1.07340217 7.2515e+12
3.5550 1.07562458 7.2666e+12
3.5600 1.07784700 7.2816e+12
3.5650 1.08026318 7.2979e+12
3.5700 1.08273409 7.3146e+12
3.5750 1.08520500 7.3313e+12
3.5800 1.08805398 7.3505e+12
3.5850 1.09104157 7.3707e+12
3.5900 1.09402916 7.3909e+12
3.5950 1.09519756 7.3988e+12
3.6000 1.09587384 7.4034e+12
3.6050 1.09655012 7.4079e+12
3.6100 1.09701843 7.4111e+12
3.6150 1.09747324 7.4142e+12
3.6200 1.09778910 7.4163e+12
3.6250 1.09747768 7.4142e+12
3.6300 1.09716625 7.4121e+12
3.6350 1.09744991 7.4140e+12
3.6400 1.09830867 7.4198e+12
3.6450 1.09916743 7.4256e+12
3.6500 1.09710115 7.4116e+12
3.6550 1.09476505 7.3959e+12
3.6600 1.09291391 7.3834e+12
3.6650 1.09179714 7.3758e+12
3.6700 1.09068038 7.3683e+12
3.6750 1.08997950 7.3635e+12
3.6800 1.08930012 7.3589e+12
3.6850 1.08797036 7.3500e+12
3.6900 1.08615194 7.3377e+12
3.6950 1.08349367 7.3197e+12
3.7000 1.07837672 7.2852e+12
3.7050 1.07325976 7.2506e+12
3.7100 1.07141098 7.2381e+12
3.7150 1.06956740 7.2256e+12
3.7200 1.06503917 7.1950e+12
3.7250 1.05983696 7.1599e+12
3.7300 1.05641491 7.1368e+12
3.7350 1.05393232 7.1200e+12
3.7400 1.04982326 7.0923e+12
3.7450 1.04444387 7.0559e+12
3.7500 1.03916227 7.0202e+12
3.7550 1.03397178 6.9852e+12
3.7600 1.02935117 6.9540e+12
3.7650 1.02525491 6.9263e+12
3.7700 1.01880421 6.8827e+12
3.7750 1.01056883 6.8271e+12
3.7800 1.00406863 6.7832e+12
3.7850 0.99846325 6.7453e+12
3.7900 0.99271509 6.7065e+12
3.7950 0.98692937 6.6674e+12
3.8000 0.98176518 6.6325e+12
3.8050 0.97614638 6.5945e+12
3.8100 0.96822631 6.5410e+12
3.8150 0.95971697 6.4835e+12
3.8200 0.95038491 6.4205e+12
3.8250 0.94416018 6.3784e+12
3.8300 0.93923148 6.3451e+12
3.8350 0.92939409 6.2787e+12
3.8400 0.91914483 6.2094e+12
3.8450 0.90815100 6.1352e+12
3.8500 0.89722973 6.0614e+12
3.8550 0.88661414 5.9897e+12
3.8600 0.87773085 5.9297e+12
3.8650 0.87036354 5.8799e+12
3.8700 0.86392913 5.8364e+12
3.8750 0.85236689 5.7583e+12
3.8800 0.84436251 5.7042e+12
3.8850 0.83930689 5.6701e+12
3.8900 0.82813926 5.5946e+12
3.8950 0.81429235 5.5011e+12
3.9000 0.79993532 5.4041e+12
3.9050 0.79393551 5.3636e+12
3.9100 0.78434752 5.2988e+12
3.9150 0.77305774 5.2225e+12
3.9200 0.76101262 5.1411e+12
3.9250 0.74468452 5.0308e+12
3.9300 0.73435811 4.9611e+12
3.9350 0.72556056 4.9016e+12
3.9400 0.71196737 4.8098e+12
3.9450 0.70234243 4.7448e+12
3.9500 0.69058214 4.6653e+12
3.9550 0.67703587 4.5738e+12
3.9600 0.66370398 4.4838e+12
3.9650 0.65610729 4.4324e+12
3.9700 0.64622771 4.3657e+12
3.9750 0.63643500 4.2995e+12
3.9800 0.62565975 4.2267e+12
3.9850 0.61144599 4.1307e+12
3.9900 0.59493542 4.0192e+12
3.9950 0.58675353 3.9639e+12
4.0000 0.57006365 3.8512e+12
4.0050 0.56469234 3.8149e+12
4.0100 0.55086328 3.7214e+12
4.0150 0.53399972 3.6075e+12
4.0200 0.52055085 3.5167e+12
4.0250 0.51221780 3.4604e+12
4.0300 0.50301628 3.3982e+12
4.0350 0.49073689 3.3153e+12
4.0400 0.47971081 3.2408e+12
4.0450 0.46783255 3.1605e+12
4.0500 0.45635029 3.0830e+12
4.0550 0.44648366 3.0163e+12
4.0600 0.43498964 2.9386e+12
4.0650 0.42434040 2.8667e+12
4.0700 0.41510399 2.8043e+12
4.0750 0.40451716 2.7328e+12
4.0800 0.39220469 2.6496e+12
4.0850 0.38216434 2.5818e+12
4.0900 0.37057338 2.5035e+12
4.0950 0.35602556 2.4052e+12
4.1000 0.35075664 2.3696e+12
4.1050 0.33885447 2.2892e+12
4.1100 0.32467226 2.1934e+12
4.1150 0.32153708 2.1722e+12
4.1200 0.30602491 2.0674e+12
4.1250 0.29775785 2.0116e+12
4.1300 0.29003624 1.9594e+12
4.1350 0.27759764 1.8754e+12
4.1400 0.27014484 1.8250e+12
4.1450 0.25498685 1.7226e+12
4.1500 0.24927823 1.6840e+12
4.1550 0.24302294 1.6418e+12
4.1600 0.23004262 1.5541e+12
4.1650 0.22612429 1.5276e+12
4.1700 0.21424368 1.4474e+12
4.1750 0.21146086 1.4286e+12
4.1800 0.19814531 1.3386e+12
4.1850 0.19121421 1.2918e+12
4.1900 0.18502502 1.2500e+12
4.1950 0.17812206 1.2033e+12
4.2000 0.17177693 1.1605e+12
4.2050 0.16459593 1.1120e+12
4.2100 0.15148622 1.0234e+12
4.2150 0.14875652 1.0049e+12
4.2200 0.14241088 9.6208e+11
4.2250 0.13782051 9.3107e+11
4.2300 0.12990675 8.7761e+11
4.2350 0.12601930 8.5134e+11
4.2400 0.11783316 7.9604e+11
4.2450 0.11405808 7.7054e+11
4.2500 0.10848131 7.3286e+11
4.2550 0.10353352 6.9944e+11
4.2600 0.09797187 6.6187e+11
4.2650 0.09235656 6.2393e+11
4.2700 0.08743604 5.9069e+11
4.2750 0.08223268 5.5554e+11
4.2800 0.07962987 5.3795e+11
4.2850 0.07849505 5.3029e+11
4.2900 0.07016304 4.7400e+11
4.2950 0.06737541 4.5517e+11
4.3000 0.06231284 4.2096e+11
4.3050 0.05982564 4.0416e+11
4.3100 0.05633404 3.8057e+11
4.3150 0.05324071 3.5968e+11
4.3200 0.04796698 3.2405e+11
4.3250 0.04620862 3.1217e+11
4.3300 0.04207359 2.8424e+11
4.3350 0.04143531 2.7992e+11
4.3400 0.03756110 2.5375e+11
4.3450 0.03634258 2.4552e+11
4.3500 0.03485990 2.3550e+11
4.3550 0.03089549 2.0872e+11
4.3600 0.02957835 1.9982e+11
4.3650 0.02632383 1.7783e+11
4.3700 0.02647643 1.7887e+11
4.3750 0.02333520 1.5764e+11
4.3800 0.02259742 1.5266e+11
4.3850 0.01944363 1.3135e+11
4.3900 0.01978793 1.3368e+11
4.3950 0.01743368 1.1778e+11
4.4000 0.01438841 9.7203e+10
4.4050 0.01529310 1.0332e+11
4.4100 0.01308578 8.8403e+10
4.4150 0.01260591 8.5161e+10
4.4200 0.01160466 7.8397e+10
4.4250 0.00857052 5.7900e+10
4.4300 0.00848041 5.7291e+10
4.4350 0.00870160 5.8785e+10
4.4400 0.00820960 5.5461e+10
4.4450 0.00868174 5.8651e+10
4.4500 0.00681934 4.6069e+10
4.4550 0.00606919 4.1001e+10
4.4600 0.00494327 3.3395e+10
4.4650 0.00518570 3.5033e+10
4.4700 0.00628998 4.2493e+10
4.4750 0.00391896 2.6475e+10
4.4800 0.00601426 4.0630e+10
4.4850 0.00290766 1.9643e+10
4.4900 0.00347553 2.3479e+10
4.4950 0.00350531 2.3681e+10
4.5000 0.00277245 1.8730e+10
4.5050 0.00251186 1.6969e+10
4.5100 0.00169244 1.1434e+10
4.5150 0.00126721 8.5609e+09
4.5200 0.00183110 1.2370e+10
4.5250 0.00193727 1.3088e+10
4.5300 0.00151417 1.0229e+10
4.5350 0.00145031 9.7978e+09
4.5400 0.00103796 7.0121e+09
4.5450 0.00072844 4.9211e+09
4.5500 0.00077002 5.2020e+09
4.5550 0.00095346 6.4413e+09
4.5600 0.00072343 4.8873e+09
4.5650 0.00050460 3.4089e+09
4.5700 0.00138899 9.3835e+09
4.5750 0.00060500 4.0872e+09
4.5800 0.00033046 2.2325e+09
4.5850 0.00062201 4.2021e+09
4.5900 0.00044809 3.0272e+09
4.5950 0.00025968 1.7543e+09
4.6000 0.00026272 1.7749e+09
4.6050 0.00029199 1.9726e+09
4.6100 0.00057723 3.8996e+09
4.6150 0.00062771 4.2406e+09
4.6200 0.00025725 1.7379e+09
4.6250 0.00052648 3.5567e+09
4.6300 0.00053880 3.6399e+09
4.6350 0.00045958 3.1048e+09
4.6400 0.00029190 1.9720e+09
4.6450 0.00029979 2.0253e+09
4.6500 0.00037156 2.5101e+09
4.6550 0.00044332 2.9949e+09
4.6600 0.00051509 3.4798e+09
4.6650 0.00058686 3.9646e+09
4.6700 0.00062262 4.2062e+09
4.6750 0.00050729 3.4271e+09
4.6800 0.00039195 2.6479e+09
4.6850 0.00000000 0.0000e+00
4.6900 0.00000000 0.0000e+00
4.6950 0.00000000 0.0000e+00
4.7000 0.00000000 0.0000e+00
4.7050 0.00000000 0.0000e+00
4.7100 0.00000000 0.0000e+00
4.7150 0.00000000 0.0000e+00
4.7200 0.00000000 0.0000e+00
4.7250 0.00000000 0.0000e+00
4.7300 0.00000000 0.0000e+00
4.7350 0.00000000 0.0000e+00
4.7400 0.00000000 0.0000e+00
4.7450 0.00000000 0.0000e+00
4.7500 0.00000000 0.0000e+00
4.7550 0.00000000 0.0000e+00
4.7600 0.00000000 0.0000e+00
4.7650 0.00000000 0.0000e+00
4.7700 0.00000000 0.0000e+00
4.7750 0.00000000 0.0000e+00
4.7800 0.00000000 0.0000e+00
4.7850 0.00000000 0.0000e+00
4.7900 0.00000000 0.0000e+00
4.7950 0.00000000 0.0000e+00
4.8000 0.00000000 0.0000e+00
4.8050 0.00000000 0.0000e+00
4.8100 0.00000000 0.0000e+00
4.8150 0.00000000 0.0000e+00
4.8200 0.00000000 0.0000e+00
4.8250 0.00000000 0.0000e+00
4.8300 0.00000000 0.0000e+00
4.8350 0.00000000 0.0000e+00
4.8400 0.00000000 0.0000e+00
4.8450 0.00000000 0.0000e+00
4.8500 0.00000000 0.0000e+00
4.8550 0.00000000 0.0000e+00
4.8600 0.00000000 0.0000e+00
4.8650 0.00000000 0.0000e+00
4.8700 0.00000000 0.0000e+00
4.8750 0.00000000 0.0000e+00
4.8800 0.00000000 0.0000e+00
4.8850 0.00000000 0.0000e+00
4.8900 0.00000000 0.0000e+00
4.8950 0.00000000 0.0000e+00
4.9000 0.00000000 0.0000e+00
4.9050 0.00000000 0.0000e+00
4.9100 0.00000000 0.0000e+00
4.9150 0.00000000 0.0000e+00
4.9200 0.00000000 0.0000e+00
4.9250 0.00000000 0.0000e+00
4.9300 0.00000000 0.0000e+00
4.9350 0.00000000 0.0000e+00
4.9400 0.00000000 0.0000e+00
4.9450 0.00000000 0.0000e+00
4.9500 0.00000000 0.0000e+00
4.9550 0.00000000 0.0000e+00
4.9600 0.00000000 0.0000e+00
4.9650 0.00000000 0.0000e+00
4.9700 0.00000000 0.0000e+00
4.9750 0.00000000 0.0000e+00
4.9800 0.00000000 0.0000e+00
4.9850 0.00000000 0.0000e+00
4.9900 0.00000000 0.0000e+00
4.9950 0.00000000 0.0000e+00
5.0000 0.00000000 0.0000e+00
5.0050 0.00000000 0.0000e+00
5.0100 0.00000000 0.0000e+00
5.0150 0.00000000 0.0000e+00
5.0200 0.00000000 0.0000e+00
5.0250 0.00000000 0.0000e+00
5.0300 0.00000000 0.0000e+00
5.0350 0.00000000 0.0000e+00
5.0400 0.00000000 0.0000e+00
5.0450 0.00000000 0.0000e+00
5.0500 0.00000000 0.0000e+00
5.0550 0.00000000 0.0000e+00
5.0600 0.00000000 0.0000e+00
5.0650 0.00000000 0.0000e+00
5.0700 0.00000000 0.0000e+00
5.0750 0.00000000 0.0000e+00
5.0800 0.00000000 0.0000e+00
5.0850 0.00000000 0.0000e+00
5.0900 0.00000000 0.0000e+00
5.0950 0.00000000 0.0000e+00
5.1000 0.00000000 0.0000e+00
5.1050 0.00000000 0.0000e+00
5.1100 0.00000000 0.0000e+00
5.1150 0.00000000 0.0000e+00
5.1200 0.00000000 0.0000e+00
5.1250 0.00000000 0.0000e+00
5.1300 0.00000000 0.0000e+00
5.1350 0.00000000 0.0000e+00
5.1400 0.00000000 0.0000e+00
5.1450 0.00000000 0.0000e+00
5.1500 0.00000000 0.0000e+00
5.1550 0.00000000 0.0000e+00
5.1600 0.00000000 0.0000e+00
5.1650 0.00000000 0.0000e+00
5.1700 0.00000000 0.0000e+00
5.1750 0.00000000 0.0000e+00
5.1800 0.00000000 0.0000e+00
5.1850 0.00000000 0.0000e+00
5.1900 0.00000000 0.0000e+00
5.1950 0.00000000 0.0000e+00
5.2000 0.00000000 0.0000e+00
5.2050 0.00000000 0.0000e+00
5.2100 0.00000000 0.0000e+00
5.2150 0.00000000 0.0000e+00
5.2200 0.00000000 0.0000e+00
5.2250 0.00000000 0.0000e+00
5.2300 0.00000000 0.0000e+00
5.2350 0.00000000 0.0000e+00
5.2400 0.00000000 0.0000e+00
5.2450 0.00000000 0.0000e+00
5.2500 0.00000000 0.0000e+00
5.2550 0.00000000 0.0000e+00
5.2600 0.00000000 0.0000e+00
5.2650 0.00000000 0.0000e+00
5.2700 0.00000000 0.0000e+00
5.2750 0.00000000 0.0000e+00
5.2800 0.00000000 0.0000e+00
5.2850 0.00000000 0.0000e+00
5.2900 0.00000000 0.0000e+00
5.2950 0.00000000 0.0000e+00
5.3000 0.00000000 0.0000e+00
5.3050 0.00000000 0.0000e+00
5.3100 0.00000000 0.0000e+00
5.3150 0.00000000 0.0000e+00
5.3200 0.00000000 0.0000e+00
5.3250 0.00000000 0.0000e+00
5.3300 0.00000000 0.0000e+00
5.3350 0.00000000 0.0000e+00
5.3400 0.00000000 0.0000e+00
5.3450 0.00000000 0.0000e+00
5.3500 0.00000000 0.0000e+00
5.3550 0.00000000 0.0000e+00
5.3600 0.00000000 0.0000e+00
5.3650 0.00000000 0.0000e+00
5.3700 0.00000000 0.0000e+00
5.3750 0.00000000 0.0000e+00
5.3800 0.00000000 0.0000e+00
5.3850 0.00000000 0.0000e+00
5.3900 0.00000000 0.0000e+00
5.3950 0.00000000 0.0000e+00
5.4000 0.00000000 0.0000e+00
5.4050 0.00000000 0.0000e+00
5.4100 0.00000000 0.0000e+00
5.4150 0.00000000 0.0000e+00
5.4200 0.00000000 0.0000e+00
5.4250 0.00000000 0.0000e+00
5.4300 0.00000000 0.0000e+00
5.4350 0.00000000 0.0000e+00
5.4400 0.00000000 0.0000e+00
5.4450 0.00000000 0.0000e+00
5.4500 0.00000000 0.0000e+00
5.4550 0.00000000 0.0000e+00
5.4600 0.00000000 0.0000e+00
5.4650 0.00000000 0.0000e+00
5.4700 0.00000000 0.0000e+00
5.4750 0.00000000 0.0000e+00
5.4800 0.00000000 0.0000e+00
5.4850 0.00000000 0.0000e+00
5.4900 0.00000000 0.0000e+00
5.4950 0.00000000 0.0000e+00
5.5000 0.00000000 0.0000e+00
5.5050 0.00000000 0.0000e+00
5.5100 0.00000000 0.0000e+00
5.5150 0.00000000 0.0000e+00
5.5200 0.00000000 0.0000e+00
5.5250 0.00000000 0.0000e+00
5.5300 0.00000000 0.0000e+00
5.5350 0.00000000 0.0000e+00
5.5400 0.00000000 0.0000e+00
5.5450 0.00000000 0.0000e+00
5.5500 0.00000000 0.0000e+00
5.5550 0.00000000 0.0000e+00
5.5600 0.00000000 0.0000e+00
5.5650 0.00000000 0.0000e+00
5.5700 0.00000000 0.0000e+00
5.5750 0.00000000 0.0000e+00
5.5800 0.00000000 0.0000e+00
5.5850 0.00000000 0.0000e+00
5.5900 0.00000000 0.0000e+00
5.5950 0.00000000 0.0000e+00
5.6000 0.00000000 0.0000e+00
5.6050 0.00000000 0.0000e+00
5.6100 0.00000000 0.0000e+00
5.6150 0.00000000 0.0000e+00
5.6200 0.00000000 0.0000e+00
5.6250 0.00000000 0.0000e+00
5.6300 0.00000000 0.0000e+00
5.6350 0.00000000 0.0000e+00
5.6400 0.00000000 0.0000e+00
5.6450 0.00000000 0.0000e+00
5.6500 0.00000000 0.0000e+00
5.6550 0.00000000 0.0000e+00
5.6600 0.00000000 0.0000e+00
5.6650 0.00000000 0.0000e+00
5.6700 0.00000000 0.0000e+00
5.6750 0.00000000 0.0000e+00
5.6800 0.00000000 0.0000e+00
5.6850 0.00000000 0.0000e+00
5.6900 0.00000000 0.0000e+00
5.6950 0.00000000 0.0000e+00
5.7000 0.00000000 0.0000e+00
5.7050 0.00000000 0.0000e+00
5.7100 0.00000000 0.0000e+00
5.7150 0.00000000 0.0000e+00
5.7200 0.00000000 0.0000e+00
5.7250 0.00000000 0.0000e+00
5.7300 0.00000000 0.0000e+00
5.7350 0.00000000 0.0000e+00
5.7400 0.00000000 0.0000e+00
5.7450 0.00000000 0.0000e+00
5.7500 0.00000000 0.0000e+00
5.7550 0.00000000 0.0000e+00
5.7600 0.00000000 0.0000e+00
5.7650 0.00000000 0.0000e+00
5.7700 0.00000000 0.0000e+00
5.7750 0.00000000 0.0000e+00
5.7800 0.00000000 0.0000e+00
5.7850 0.00000000 0.0000e+00
5.7900 0.00000000 0.0000e+00
5.7950 0.00000000 0.0000e+00
5.8000 0.00000000 0.0000e+00
5.8050 0.00000000 0.0000e+00
5.8100 0.00000000 0.0000e+00
5.8150 0.00000000 0.0000e+00
5.8200 0.00000000 0.0000e+00
5.8250 0.00000000 0.0000e+00
5.8300 0.00000000 0.0000e+00
5.8350 0.00000000 0.0000e+00
5.8400 0.00000000 0.0000e+00
5.8450 0.00000000 0.0000e+00
5.8500 0.00000000 0.0000e+00
5.8550 0.00000000 0.0000e+00
5.8600 0.00000000 0.0000e+00
5.8650 0.00000000 0.0000e+00
5.8700 0.00000000 0.0000e+00
5.8750 0.00000000 0.0000e+00
5.8800 0.00000000 0.0000e+00
5.8850 0.00000000 0.0000e+00
5.8900 0.00000000 0.0000e+00
5.8950 0.00000000 0.0000e+00
5.9000 0.00000000 0.0000e+00
5.9050 0.00000000 0.0000e+00
5.9100 0.00000000 0.0000e+00
5.9150 0.00000000 0.0000e+00
5.9200 0.00000000 0.0000e+00
5.9250 0.00000000 0.0000e+00
5.9300 0.00000000 0.0000e+00
5.9350 0.00000000 0.0000e+00
5.9400 0.00000000 0.0000e+00
5.9450 0.00000000 0.0000e+00
5.9500 0.00000000 0.0000e+00
5.9550 0.00000000 0.0000e+00
5.9600 0.00000000 0.0000e+00
5.9650 0.00000000 0.0000e+00
5.9700 0.00000000 0.0000e+00
5.9750 0.00000000 0.0000e+00
5.9800 0.00000000 0.0000e+00
5.9850 0.00000000 0.0000e+00
5.9900 0.00000000 0.0000e+00
5.9950 0.00000000 0.0000e+00
6.0000 0.00000000 0.0000e+00
6.0050 0.00000000 0.0000e+00
6.0100 0.00000000 0.0000e+00
6.0150 0.00000000 0.0000e+00
6.0200 0.00000000 0.0000e+00
6.0250 0.00000000 0.0000e+00
6.0300 0.00000000 0.0000e+00
6.0350 0.00000000 0.0000e+00
6.0400 0.00000000 0.0000e+00
6.0450 0.00000000 0.0000e+00
6.0500 0.00000000 0.0000e+00
6.0550 0.00000000 0.0000e+00
6.0600 0.00000000 0.0000e+00
6.0650 0.00000000 0.0000e+00
6.0700 0.00000000 0.0000e+00
6.0750 0.00000000 0.0000e+00
6.0800 0.00000000 0.0000e+00
6.0850 0.00000000 0.0000e+00
6.0900 0.00000000 0.0000e+00
6.0950 0.00000000 0.0000e+00
6.1000 0.00000000 0.0000e+00
6.1050 0.00000000 0.0000e+00
6.1100 0.00000000 0.0000e+00
6.1150 0.00000000 0.0000e+00
6.1200 0.00000000 0.0000e+00
6.1250 0.00000000 0.0000e+00
6.1300 0.00000000 0.0000e+00
6.1350 0.00000000 0.0000e+00
6.1400 0.00000000 0.0000e+00
6.1450 0.00000000 0.0000e+00
6.1500 0.00000000 0.0000e+00
6.1550 0.00000000 0.0000e+00
6.1600 0.00000000 0.0000e+00
6.1650 0.00000000 0.0000e+00
6.1700 0.00000000 0.0000e+00
6.1750 0.00000000 0.0000e+00
6.1800 0.00000000 0.0000e+00
6.1850 0.00000000 0.0000e+00
6.1900 0.00000000 0.0000e+00
6.1950 0.00000000 0.0000e+00
6.2000 0.00000000 0.0000e+00
6.2050 0.00000000 0.0000e+00
6.2100 0.00000000 0.0000e+00
6.2150 0.00000000 0.0000e+00
6.2200 0.00000000 0.0000e+00
6.2250 0.00000000 0.0000e+00
6.2300 0.00000000 0.0000e+00
6.2350 0.00000000 0.0000e+00
6.2400 0.00000000 0.0000e+00
6.2450 0.00000000 0.0000e+00
6.2500 0.00000000 0.0000e+00
6.2550 0.00000000 0.0000e+00
6.2600 0.00000000 0.0000e+00
6.2650 0.00000000 0.0000e+00
6.2700 0.00000000 0.0000e+00
6.2750 0.00000000 0.0000e+00
6.2800 0.00000000 0.0000e+00
6.2850 0.00000000 0.0000e+00
6.2900 0.00000000 0.0000e+00
6.2950 0.00000000 0.0000e+00
6.3000 0.00000000 0.0000e+00
6.3050 0.00000000 0.0000e+00
6.3100 0.00000000 0.0000e+00
6.3150 0.00000000 0.0000e+00
6.3200 0.00000000 0.0000e+00
6.3250 0.00000000 0.0000e+00
6.3300 0.00000000 0.0000e+00
6.3350 0.00000000 0.0000e+00
6.3400 0.00000000 0.0000e+00
6.3450 0.00000000 0.0000e+00
6.3500 0.00000000 0.0000e+00
6.3550 0.00000000 0.0000e+00
6.3600 0.00000000 0.0000e+00
6.3650 0.00000000 0.0000e+00
6.3700 0.00000000 0.0000e+00
6.3750 0.00000000 0.0000e+00
6.3800 0.00000000 0.0000e+00
6.3850 0.00000000 0.0000e+00
6.3900 0.00000000 0.0000e+00
6.3950 0.00000000 0.0000e+00
6.4000 0.00000000 0.0000e+00
6.4050 0.00000000 0.0000e+00
6.4100 0.00000000 0.0000e+00
6.4150 0.00000000 0.0000e+00
6.4200 0.00000000 0.0000e+00
6.4250 0.00000000 0.0000e+00
6.4300 0.00000000 0.0000e+00
6.4350 0.00000000 0.0000e+00
6.4400 0.00000000 0.0000e+00
6.4450 0.00000000 0.0000e+00
6.4500 0.00000000 0.0000e+00
6.4550 0.00000000 0.0000e+00
6.4600 0.00000000 0.0000e+00
6.4650 0.00000000 0.0000e+00
6.4700 0.00000000 0.0000e+00
6.4750 0.00000000 0.0000e+00
6.4800 0.00000000 0.0000e+00
6.4850 0.00000000 0.0000e+00
6.4900 0.00000000 0.0000e+00
6.4950 0.00000000 0.0000e+00
6.5000 0.00000000 0.0000e+00
6.5050 0.00000000 0.0000e+00
6.5100 0.00000000 0.0000e+00
6.5150 0.00000000 0.0000e+00
6.5200 0.00000000 0.0000e+00
6.5250 0.00000000 0.0000e+00
6.5300 0.00000000 0.0000e+00
6.5350 0.00000000 0.0000e+00
6.5400 0.00000000 0.0000e+00
6.5450 0.00000000 0.0000e+00
6.5500 0.00000000 0.0000e+00
6.5550 0.00000000 0.0000e+00
6.5600 0.00000000 0.0000e+00
6.5650 0.00000000 0.0000e+00
6.5700 0.00000000 0.0000e+00
6.5750 0.00000000 0.0000e+00
6.5800 0.00000000 0.0000e+00
6.5850 0.00000000 0.0000e+00
6.5900 0.00000000 0.0000e+00
6.5950 0.00000000 0.0000e+00
6.6000 0.00000000 0.0000e+00
6.6050 0.00000000 0.0000e+00
6.6100 0.00000000 0.0000e+00
6.6150 0.00000000 0.0000e+00
6.6200 0.00000000 0.0000e+00
6.6250 0.00000000 0.0000e+00
6.6300 0.00000000 0.0000e+00
6.6350 0.00000000 0.0000e+00
6.6400 0.00000000 0.0000e+00
6.6450 0.00000000 0.0000e+00
6.6500 0.00000000 0.0000e+00
6.6550 0.00000000 0.0000e+00
6.6600 0.00000000 0.0000e+00
6.6650 0.00000000 0.0000e+00
6.6700 0.00000000 0.0000e+00
6.6750 0.00000000 0.0000e+00
6.6800 0.00000000 0.0000e+00
6.6850 0.00000000 0.0000e+00
6.6900 0.00000000 0.0000e+00
6.6950 0.00000000 0.0000e+00
6.7000 0.00000000 0.0000e+00
6.7050 0.00000000 0.0000e+00
6.7100 0.00000000 0.0000e+00
6.7150 0.00000000 0.0000e+00
6.7200 0.00000000 0.0000e+00
6.7250 0.00000000 0.0000e+00
6.7300 0.00000000 0.0000e+00
6.7350 0.00000000 0.0000e+00
6.7400 0.00000000 0.0000e+00
6.7450 0.00000000 0.0000e+00
6.7500 0.00000000 0.0000e+00
6.7550 0.00000000 0.0000e+00
6.7600 0.00000000 0.0000e+00
6.7650 0.00000000 0.0000e+00
6.7700 0.00000000 0.0000e+00
6.7750 0.00000000 0.0000e+00
6.7800 0.00000000 0.0000e+00
6.7850 0.00000000 0.0000e+00
6.7900 0.00000000 0.0000e+00
6.7950 0.00000000 0.0000e+00
6.8000 0.00000000 0.0000e+00
6.8050 0.00000000 0.0000e+00
6.8100 0.00000000 0.0000e+00
6.8150 0.00000000 0.0000e+00
6.8200 0.00000000 0.0000e+00
6.8250 0.00000000 0.0000e+00
6.8300 0.00000000 0.0000e+00
6.8350 0.00000000 0.0000e+00
6.8400 0.00000000 0.0000e+00
6.8450 0.00000000 0.0000e+00
6.8500 0.00000000 0.0000e+00
6.8550 0.00000000 0.0000e+00
6.8600 0.00000000 0.0000e+00
6.8650 0.00000000 0.0000e+00
6.8700 0.00000000 0.0000e+00
6.8750 0.00000000 0.0000e+00
6.8800 0.00000000 0.0000e+00
6.8850 0.00000000 0.0000e+00
6.8900 0.00000000 0.0000e+00
6.8950 0.00000000 0.0000e+00
6.9000 0.00000000 0.0000e+00
6.9050 0.00000000 0.0000e+00
6.9100 0.00000000 0.0000e+00
6.9150 0.00000000 0.0000e+00
6.9200 0.00000000 0.0000e+00
6.9250 0.00000000 0.0000e+00
6.9300 0.00000000 0.0000e+00
6.9350 0.00000000 0.0000e+00
6.9400 0.00000000 0.0000e+00
6.9450 0.00000000 0.0000e+00
6.9500 0.00000000 0.0000e+00
6.9550 0.00000000 0.0000e+00
6.9600 0.00000000 0.0000e+00
6.9650 0.00000000 0.0000e+00
6.9700 0.00000000 0.0000e+00
6.9750 0.00000000 0.0000e+00
6.9800 0.00000000 0.0000e+00
6.9850 0.00000000 0.0000e+00
6.9900 0.00000000 0.0000e+00
6.9950 0.00000000 0.0000e+00
7.0000 0.00000000 0.0000e+00
7.0050 0.00000000 0.0000e+00
7.0100 0.00000000 0.0000e+00
7.0150 0.00000000 0.0000e+00
7.0200 0.00000000 0.0000e+00
7.0250 0.00000000 0.0000e+00
7.0300 0.00000000 0.0000e+00
7.0350 0.00000000 0.0000e+00
7.0400 0.00000000 0.0000e+00
7.0450 0.00000000 0.0000e+00
7.0500 0.00000000 0.0000e+00
7.0550 0.00000000 0.0000e+00
7.0600 0.00000000 0.0000e+00
7.0650 0.00000000 0.0000e+00
7.0700 0.00000000 0.0000e+00
7.0750 0.00000000 0.0000e+00
7.0800 0.00000000 0.0000e+00
7.0850 0.00000000 0.0000e+00
7.0900 0.00000000 0.0000e+00
7.0950 0.00000000 0.0000e+00
7.1000 0.00000000 0.0000e+00
7.1050 0.00000000 0.0000e+00
7.1100 0.00000000 0.0000e+00
7.1150 0.00000000 0.0000e+00
7.1200 0.00000000 0.0000e+00
7.1250 0.00000000 0.0000e+00
7.1300 0.00000000 0.0000e+00
7.1350 0.00000000 0.0000e+00
7.1400 0.00000000 0.0000e+00
7.1450 0.00000000 0.0000e+00
7.1500 0.00000000 0.0000e+00
7.1550 0.00000000 0.0000e+00
7.1600 0.00000000 0.0000e+00
7.1650 0.00000000 0.0000e+00
7.1700 0.00000000 0.0000e+00
7.1750 0.00000000 0.0000e+00
7.1800 0.00000000 0.0000e+00
7.1850 0.00000000 0.0000e+00
7.1900 0.00000000 0.0000e+00
7.1950 0.00000000 0.0000e+00
7.2000 0.00000000 0.0000e+00
7.2050 0.00000000 0.0000e+00
7.2100 0.00000000 0.0000e+00
7.2150 0.00000000 0.0000e+00
7.2200 0.00000000 0.0000e+00
7.2250 0.00000000 0.0000e+00
7.2300 0.00000000 0.0000e+00
7.2350 0.00000000 0.0000e+00
7.2400 0.00000000 0.0000e+00
7.2450 0.00000000 0.0000e+00
7.2500 0.00000000 0.0000e+00
7.2550 0.00000000 0.0000e+00
7.2600 0.00000000 0.0000e+00
7.2650 0.00000000 0.0000e+00
7.2700 0.00000000 0.0000e+00
7.2750 0.00000000 0.0000e+00
7.2800 0.00000000 0.0000e+00
7.2850 0.00000000 0.0000e+00
7.2900 0.00000000 0.0000e+00
7.2950 0.00000000 0.0000e+00
7.3000 0.00000000 0.0000e+00
7.3050 0.00000000 0.0000e+00
7.3100 0.00000000 0.0000e+00
7.3150 0.00000000 0.0000e+00
7.3200 0.00000000 0.0000e+00
7.3250 0.00000000 0.0000e+00
7.3300 0.00000000 0.0000e+00
7.3350 0.00000000 0.0000e+00
7.3400 0.00000000 0.0000e+00
7.3450 0.00000000 0.0000e+00
7.3500 0.00000000 0.0000e+00
7.3550 0.00000000 0.0000e+00
7.3600 0.00000000 0.0000e+00
7.3650 0.00000000 0.0000e+00
7.3700 0.00000000 0.0000e+00
7.3750 0.00000000 0.0000e+00
7.3800 0.00000000 0.0000e+00
7.3850 0.00000000 0.0000e+00
7.3900 0.00000000 0.0000e+00
7.3950 0.00000000 0.0000e+00
7.4000 0.00000000 0.0000e+00
7.4050 0.00000000 0.0000e+00
7.4100 0.00000000 0.0000e+00
7.4150 0.00000000 0.0000e+00
7.4200 0.00000000 0.0000e+00
7.4250 0.00000000 0.0000e+00
7.4300 0.00000000 0.0000e+00
7.4350 0.00000000 0.0000e+00
7.4400 0.00000000 0.0000e+00
7.4450 0.00000000 0.0000e+00
7.4500 0.00000000 0.0000e+00
7.4550 0.00000000 0.0000e+00
7.4600 0.00000000 0.0000e+00
7.4650 0.00000000 0.0000e+00
7.4700 0.00000000 0.0000e+00
7.4750 0.00000000 0.0000e+00
7.4800 0.00000000 0.0000e+00
7.4850 0.00000000 0.0000e+00
7.4900 0.00000000 0.0000e+00
7.4950 0.00000000 0.0000e+00
7.5000 0.00000000 0.0000e+00
7.5050 0.00000000 0.0000e+00
7.5100 0.00000000 0.0000e+00
7.5150 0.00000000 0.0000e+00
7.5200 0.00000000 0.0000e+00
7.5250 0.00000000 0.0000e+00
7.5300 0.00000000 0.0000e+00
7.5350 0.00000000 0.0000e+00
7.5400 0.00000000 0.0000e+00
7.5450 0.00000000 0.0000e+00
7.5500 0.00000000 0.0000e+00
7.5550 0.00000000 0.0000e+00
7.5600 0.00000000 0.0000e+00
7.5650 0.00000000 0.0000e+00
7.5700 0.00000000 0.0000e+00
7.5750 0.00000000 0.0000e+00
7.5800 0.00000000 0.0000e+00
7.5850 0.00000000 0.0000e+00
7.5900 0.00000000 0.0000e+00
7.5950 0.00000000 0.0000e+00
7.6000 0.00000000 0.0000e+00
7.6050 0.00000000 0.0000e+00
7.6100 0.00000000 0.0000e+00
7.6150 0.00000000 0.0000e+00
7.6200 0.00000000 0.0000e+00
7.6250 0.00000000 0.0000e+00
7.6300 0.00000000 0.0000e+00
7.6350 0.00000000 0.0000e+00
7.6400 0.00000000 0.0000e+00
7.6450 0.00000000 0.0000e+00
7.6500 0.00000000 0.0000e+00
7.6550 0.00000000 0.0000e+00
7.6600 0.00000000 0.0000e+00
7.6650 0.00000000 0.0000e+00
7.6700 0.00000000 0.0000e+00
7.6750 0.00000000 0.0000e+00
7.6800 0.00000000 0.0000e+00
7.6850 0.00000000 0.0000e+00
7.6900 0.00000000 0.0000e+00
7.6950 0.00000000 0.0000e+00
7.7000 0.00000000 0.0000e+00
7.7050 0.00000000 0.0000e+00
7.7100 0.00000000 0.0000e+00
7.7150 0.00000000 0.0000e+00
7.7200 0.00000000 0.0000e+00
7.7250 0.00000000 0.0000e+00
7.7300 0.00000000 0.0000e+00
7.7350 0.00000000 0.0000e+00
7.7400 0.00000000 0.0000e+00
7.7450 0.00000000 0.0000e+00
7.7500 0.00000000 0.0000e+00
7.7550 0.00000000 0.0000e+00
7.7600 0.00000000 0.0000e+00
7.7650 0.00000000 0.0000e+00
7.7700 0.00000000 0.0000e+00
7.7750 0.00000000 0.0000e+00
7.7800 0.00000000 0.0000e+00
7.7850 0.00000000 0.0000e+00
7.7900 0.00000000 0.0000e+00
7.7950 0.00000000 0.0000e+00
7.8000 0.00000000 0.0000e+00
7.8050 0.00000000 0.0000e+00
7.8100 0.00000000 0.0000e+00
7.8150 0.00000000 0.0000e+00
7.8200 0.00000000 0.0000e+00
7.8250 0.00000000 0.0000e+00
7.8300 0.00000000 0.0000e+00
7.8350 0.00000000 0.0000e+00
7.8400 0.00000000 0.0000e+00
7.8450 0.00000000 0.0000e+00
7.8500 0.00000000 0.0000e+00
7.8550 0.00000000 0.0000e+00
7.8600 0.00000000 0.0000e+00
7.8650 0.00000000 0.0000e+00
7.8700 0.00000000 0.0000e+00
7.8750 0.00000000 0.0000e+00
7.8800 0.00000000 0.0000e+00
7.8850 0.00000000 0.0000e+00
7.8900 0.00000000 0.0000e+00
7.8950 0.00000000 0.0000e+00
7.9000 0.00000000 0.0000e+00
7.9050 0.00000000 0.0000e+00
7.9100 0.00000000 0.0000e+00
7.9150 0.00000000 0.0000e+00
7.9200 0.00000000 0.0000e+00
7.9250 0.00000000 0.0000e+00
7.9300 0.00000000 0.0000e+00
7.9350 0.00000000 0.0000e+00
7.9400 0.00000000 0.0000e+00
7.9450 0.00000000 0.0000e+00
7.9500 0.00000000 0.0000e+00
7.9550 0.00000000 0.0000e+00
7.9600 0.00000000 0.0000e+00
7.9650 0.00000000 0.0000e+00
7.9700 0.00000000 0.0000e+00
7.9750 0.00000000 0.0000e+00
7.9800 0.00000000 0.0000e+00
7.9850 0.00000000 0.0000e+00
7.9900 0.00000000 0.0000e+00
7.9950 0.00000000 0.0000e+00
8.0000 0.00000000 0.0000e+00
