0.0050 0.00000000 0.0000e+00
0.0100 0.00000000 0.0000e+00
0.0150 0.00000000 0.0000e+00
0.0200 0.00000000 0.0000e+00
0.0250 0.00000000 0.0000e+00
0.0300 0.00000000 0.0000e+00
0.0350 0.00000000 0.0000e+00
0.0400 0.00000000 0.0000e+00
0.0450 0.00000000 0.0000e+00
0.0500 0.00000000 0.0000e+00
0.0550 0.00000000 0.0000e+00
0.0600 0.00000000 0.0000e+00
0.0650 0.00000000 0.0000e+00
0.0700 0.00000000 0.0000e+00
0.0750 0.00000000 0.0000e+00
0.0800 0.00000000 0.0000e+00
0.0850 0.00000000 0.0000e+00
0.0900 0.00000000 0.0000e+00
0.0950 0.00000000 0.0000e+00
0.1000 0.00000000 0.0000e+00
0.1050 0.00000000 0.0000e+00
0.1100 0.00000000 0.0000e+00
0.1150 0.00000000 0.0000e+00
0.1200 0.00000000 0.0000e+00
0.1250 0.00000000 0.0000e+00
0.1300 0.00000000 0.0000e+00
0.1350 0.00000000 0.0000e+00
0.1400 0.00000000 0.0000e+00
0.1450 0.00000000 0.0000e+00
0.1500 0.00000000 0.0000e+00
0.1550 0.00000000 0.0000e+00
0.1600 0.00000000 0.0000e+00
0.1650 0.00000000 0.0000e+00
0.1700 0.00000000 0.0000e+00
0.1750 0.00000000 0.0000e+00
0.1800 0.00000000 0.0000e+00
0.1850 0.00000000 0.0000e+00
0.1900 0.00000000 0.0000e+00
0.1950 0.00000000 0.0000e+00
0.2000 0.00000000 0.0000e+00
0.2050 0.00000000 0.0000e+00
0.2100 0.00000000 0.0000e+00
0.2150 0.00000000 0.0000e+00
0.2200 0.00000000 0.0000e+00
0.2250 0.00000000 0.0000e+00
0.2300 0.00000000 0.0000e+00
0.2350 0.00000000 0.0000e+00
0.2400 0.00000000 0.0000e+00
0.2450 0.00000000 0.0000e+00
0.2500 0.00000000 0.0000e+00
0.2550 0.00000000 0.0000e+00
0.2600 0.00000000 0.0000e+00
0.2650 0.00000000 0.0000e+00
0.2700 0.00000000 0.0000e+00
0.2750 0.00000000 0.0000e+00
0.2800 0.00000000 0.0000e+00
0.2850 0.00000000 0.0000e+00
0.2900 0.00000000 0.0000e+00
0.2950 0.00000000 0.0000e+00
0.3000 0.00000000 0.0000e+00
0.3050 0.00000000 0.0000e+00
0.3100 0.00000000 0.0000e+00
0.3150 0.00000000 0.0000e+00
0.3200 0.00000000 0.0000e+00
0.3250 0.00000000 0.0000e+00
0.3300 0.00000000 0.0000e+00
0.3350 0.00000000 0.0000e+00
0.3400 0.00000000 0.0000e+00
0.3450 0.00000000 0.0000e+00
0.3500 0.00000000 0.0000e+00
0.3550 0.00000000 0.0000e+00
0.3600 0.00000000 0.0000e+00
0.3650 0.00000000 0.0000e+00
0.3700 0.00000000 0.0000e+00
0.3750 0.00000000 0.0000e+00
0.3800 0.00000000 0.0000e+00
0.3850 0.00000000 0.0000e+00
0.3900 0.00000000 0.0000e+00
0.3950 0.00000000 0.0000e+00
0.4000 0.00000000 0.0000e+00
0.4050 0.00000000 0.0000e+00
0.4100 0.00000000 0.0000e+00
0.4150 0.00000000 0.0000e+00
0.4200 0.00000000 0.0000e+00
0.4250 0.00000000 0.0000e+00
0.4300 0.00000000 0.0000e+00
0.4350 0.00000000 0.0000e+00
0.4400 0.00000000 0.0000e+00
0.4450 0.00000000 0.0000e+00
0.4500 0.00000000 0.0000e+00
0.4550 0.00000000 0.0000e+00
0.4600 0.00000000 0.0000e+00
0.4650 0.00000000 0.0000e+00
0.4700 0.00000000 0.0000e+00
0.4750 0.00000000 0.0000e+00
0.4800 0.00000000 0.0000e+00
0.4850 0.00000000 0.0000e+00
0.4900 0.00000000 0.0000e+00
0.4950 0.00000000 0.0000e+00
0.5000 0.00000000 0.0000e+00
0.5050 0.00000000 0.0000e+00
0.5100 0.00000000 0.0000e+00
0.5150 0.00000000 0.0000e+00
0.5200 0.00000000 0.0000e+00
0.5250 0.00000000 0.0000e+00
0.5300 0.00000000 0.0000e+00
0.5350 0.00000000 0.0000e+00
0.5400 0.00000000 0.0000e+00
0.5450 0.00000000 0.0000e+00
0.5500 0.00000000 0.0000e+00
0.5550 0.00000000 0.0000e+00
0.5600 0.00000000 0.0000e+00
0.5650 0.00000000 0.0000e+00
0.5700 0.00000000 0.0000e+00
0.5750 0.00000000 0.0000e+00
0.5800 0.00000000 0.0000e+00
0.5850 0.00000000 0.0000e+00
0.5900 0.00000000 0.0000e+00
0.5950 0.00000000 0.0000e+00
0.6000 0.00000000 0.0000e+00
0.6050 0.00000000 0.0000e+00
0.6100 0.00000000 0.0000e+00
0.6150 0.00000000 0.0000e+00
0.6200 0.00000000 0.0000e+00
0.6250 0.00000000 0.0000e+00
0.6300 0.00000000 0.0000e+00
0.6350 0.00000000 0.0000e+00
0.6400 0.00000000 0.0000e+00
0.6450 0.00000000 0.0000e+00
0.6500 0.00000000 0.0000e+00
0.6550 0.00000000 0.0000e+00
0.6600 0.00000000 0.0000e+00
0.6650 0.00000000 0.0000e+00
0.6700 0.00000000 0.0000e+00
0.6750 0.00000000 0.0000e+00
0.6800 0.00000000 0.0000e+00
0.6850 0.00000000 0.0000e+00
0.6900 0.00000000 0.0000e+00
0.6950 0.00000000 0.0000e+00
0.7000 0.00000000 0.0000e+00
0.7050 0.00000000 0.0000e+00
0.7100 0.00000000 0.0000e+00
0.7150 0.00000000 0.0000e+00
0.7200 0.00000000 0.0000e+00
0.7250 0.00000000 0.0000e+00
0.7300 0.00000000 0.0000e+00
0.7350 0.00000000 0.0000e+00
0.7400 0.00000000 0.0000e+00
0.7450 0.00000000 0.0000e+00
0.7500 0.00000000 0.0000e+00
0.7550 0.00000000 0.0000e+00
0.7600 0.00000000 0.0000e+00
0.7650 0.00000000 0.0000e+00
0.7700 0.00000000 0.0000e+00
0.7750 0.00000000 0.0000e+00
0.7800 0.00000000 0.0000e+00
0.7850 0.00000000 0.0000e+00
0.7900 0.00000000 0.0000e+00
0.7950 0.00000000 0.0000e+00
0.8000 0.00000000 0.0000e+00
0.8050 0.00000000 0.0000e+00
0.8100 0.00000000 0.0000e+00
0.8150 0.00000000 0.0000e+00
0.8200 0.00000000 0.0000e+00
0.8250 0.00000000 0.0000e+00
0.8300 0.00000000 0.0000e+00
0.8350 0.00000000 0.0000e+00
0.8400 0.00000000 0.0000e+00
0.8450 0.00000000 0.0000e+00
0.8500 0.00000000 0.0000e+00
0.8550 0.00000000 0.0000e+00
0.8600 0.00000000 0.0000e+00
0.8650 0.00000000 0.0000e+00
0.8700 0.00000000 0.0000e+00
0.8750 0.00000000 0.0000e+00
0.8800 0.00000000 0.0000e+00
0.8850 0.00000000 0.0000e+00
0.8900 0.00000000 0.0000e+00
0.8950 0.00000000 0.0000e+00
0.9000 0.00000000 0.0000e+00
0.9050 0.00000000 0.0000e+00
0.9100 0.00000000 0.0000e+00
0.9150 0.00000000 0.0000e+00
0.9200 0.00000000 0.0000e+00
0.9250 0.00000000 0.0000e+00
0.9300 0.00000000 0.0000e+00
0.9350 0.00000000 0.0000e+00
0.9400 0.00000000 0.0000e+00
0.9450 0.00000000 0.0000e+00
0.9500 0.00000000 0.0000e+00
0.9550 0.00000000 0.0000e+00
0.9600 0.00000000 0.0000e+00
0.9650 0.00000000 0.0000e+00
0.9700 0.00000000 0.0000e+00
0.9750 0.00000000 0.0000e+00
0.9800 0.00000000 0.0000e+00
0.9850 0.00000000 0.0000e+00
0.9900 0.00000000 0.0000e+00
0.9950 0.00000000 0.0000e+00
1.0000 0.00000000 0.0000e+00
1.0050 0.00000000 0.0000e+00
1.0100 0.00000000 0.0000e+00
1.0150 0.00000000 0.0000e+00
1.0200 0.00000000 0.0000e+00
1.0250 0.00000000 0.0000e+00
1.0300 0.00000000 0.0000e+00
1.0350 0.00000000 0.0000e+00
1.0400 0.00000000 0.0000e+00
1.0450 0.00000000 0.0000e+00
1.0500 0.00000000 0.0000e+00
1.0550 0.00000000 0.0000e+00
1.0600 0.00000000 0.0000e+00
1.0650 0.00000000 0.0000e+00
1.0700 0.00000000 0.0000e+00
1.0750 0.00000000 0.0000e+00
1.0800 0.00000000 0.0000e+00
1.0850 0.00000000 0.0000e+00
1.0900 0.00000000 0.0000e+00
1.0950 0.00000000 0.0000e+00
1.1000 0.00000000 0.0000e+00
1.1050 0.00000000 0.0000e+00
1.1100 0.00000000 0.0000e+00
1.1150 0.00000000 0.0000e+00
1.1200 0.00000000 0.0000e+00
1.1250 0.00000000 0.0000e+00
1.1300 0.00000000 0.0000e+00
1.1350 0.00000000 0.0000e+00
1.1400 0.00000000 0.0000e+00
1.1450 0.00000000 0.0000e+00
1.1500 0.00000000 0.0000e+00
1.1550 0.00000000 0.0000e+00
1.1600 0.00000000 0.0000e+00
1.1650 0.00000000 0.0000e+00
1.1700 0.00000000 0.0000e+00
1.1750 0.00000000 0.0000e+00
1.1800 0.00000000 0.0000e+00
1.1850 0.00000000 0.0000e+00
1.1900 0.00000000 0.0000e+00
1.1950 0.00000000 0.0000e+00
1.2000 0.00000000 0.0000e+00
1.2050 0.00000000 0.0000e+00
1.2100 0.00000000 0.0000e+00
1.2150 0.00000000 0.0000e+00
1.2200 0.00000000 0.0000e+00
1.2250 0.00000000 0.0000e+00
1.2300 0.00000000 0.0000e+00
1.2350 0.00000000 0.0000e+00
1.2400 0.00000000 0.0000e+00
1.2450 0.00000000 0.0000e+00
1.2500 0.00000000 0.0000e+00
1.2550 0.00000000 0.0000e+00
1.2600 0.00000000 0.0000e+00
1.2650 0.00000000 0.0000e+00
1.2700 0.00000000 0.0000e+00
1.2750 0.00000000 0.0000e+00
1.2800 0.00000000 0.0000e+00
1.2850 0.00000000 0.0000e+00
1.2900 0.00000000 0.0000e+00
1.2950 0.00000000 0.0000e+00
1.3000 0.00000000 0.0000e+00
1.3050 0.00000000 0.0000e+00
1.3100 0.00000000 0.0000e+00
1.3150 0.00000000 0.0000e+00
1.3200 0.00000000 0.0000e+00
1.3250 0.00000000 0.0000e+00
1.3300 0.00000000 0.0000e+00
1.3350 0.00000000 0.0000e+00
1.3400 0.00000000 0.0000e+00
1.3450 0.00000000 0.0000e+00
1.3500 0.00000000 0.0000e+00
1.3550 0.00000000 0.0000e+00
1.3600 0.00000000 0.0000e+00
1.3650 0.00000000 0.0000e+00
1.3700 0.00000000 0.0000e+00
1.3750 0.00000000 0.0000e+00
1.3800 0.00000000 0.0000e+00
1.3850 0.00000000 0.0000e+00
1.3900 0.00000000 0.0000e+00
1.3950 0.00000000 0.0000e+00
1.4000 0.00000000 0.0000e+00
1.4050 0.00000000 0.0000e+00
1.4100 0.00000000 0.0000e+00
1.4150 0.00000000 0.0000e+00
1.4200 0.00000000 0.0000e+00
1.4250 0.00000000 0.0000e+00
1.4300 0.00000000 0.0000e+00
1.4350 0.00000000 0.0000e+00
1.4400 0.00000000 0.0000e+00
1.4450 0.00000000 0.0000e+00
1.4500 0.00000000 0.0000e+00
1.4550 0.00000000 0.0000e+00
1.4600 0.00000000 0.0000e+00
1.4650 0.00000000 0.0000e+00
1.4700 0.00000000 0.0000e+00
1.4750 0.00000000 0.0000e+00
1.4800 0.00000000 0.0000e+00
1.4850 0.00000000 0.0000e+00
1.4900 0.00000000 0.0000e+00
1.4950 0.00000000 0.0000e+00
1.5000 0.00000000 0.0000e+00
1.5050 0.00000000 0.0000e+00
1.5100 0.00000000 0.0000e+00
1.5150 0.00000000 0.0000e+00
1.5200 0.00000000 0.0000e+00
1.5250 0.00000000 0.0000e+00
1.5300 0.00000000 0.0000e+00
1.5350 0.00000000 0.0000e+00
1.5400 0.00000000 0.0000e+00
1.5450 0.00000000 0.0000e+00
1.5500 0.00000000 0.0000e+00
1.5550 0.00000000 0.0000e+00
1.5600 0.00000000 0.0000e+00
1.5650 0.00000000 0.0000e+00
1.5700 0.00000000 0.0000e+00
1.5750 0.00000000 0.0000e+00
1.5800 0.00000000 0.0000e+00
1.5850 0.00000000 0.0000e+00
1.5900 0.00000000 0.0000e+00
1.5950 0.00000000 0.0000e+00
1.6000 0.00000000 0.0000e+00
1.6050 0.00000000 0.0000e+00
1.6100 0.00000000 0.0000e+00
1.6150 0.00000000 0.0000e+00
1.6200 0.00000000 0.0000e+00
1.6250 0.00000000 0.0000e+00
1.6300 0.00000000 0.0000e+00
1.6350 0.00000000 0.0000e+00
1.6400 0.00000000 0.0000e+00
1.6450 0.00000000 0.0000e+00
1.6500 0.00000000 0.0000e+00
1.6550 0.00000000 0.0000e+00
1.6600 0.00000000 0.0000e+00
1.6650 0.00000000 0.0000e+00
1.6700 0.00000000 0.0000e+00
1.6750 0.00000000 0.0000e+00
1.6800 0.00000000 0.0000e+00
1.6850 0.00000000 0.0000e+00
1.6900 0.00000000 0.0000e+00
1.6950 0.00000000 0.0000e+00
1.7000 0.00000000 0.0000e+00
1.7050 0.00000000 0.0000e+00
1.7100 0.00000000 0.0000e+00
1.7150 0.00000000 0.0000e+00
1.7200 0.00000000 0.0000e+00
1.7250 0.00000000 0.0000e+00
1.7300 0.00000000 0.0000e+00
1.7350 0.00000000 0.0000e+00
1.7400 0.00000000 0.0000e+00
1.7450 0.00000000 0.0000e+00
1.7500 0.00000000 0.0000e+00
1.7550 0.00000000 0.0000e+00
1.7600 0.00000000 0.0000e+00
1.7650 0.00000000 0.0000e+00
1.7700 0.00000000 0.0000e+00
1.7750 0.00000000 0.0000e+00
1.7800 0.00000000 0.0000e+00
1.7850 0.00000000 0.0000e+00
1.7900 0.00000000 0.0000e+00
1.7950 0.00000000 0.0000e+00
1.8000 0.00000000 0.0000e+00
1.8050 0.00000000 0.0000e+00
1.8100 0.00000000 0.0000e+00
1.8150 0.00000000 0.0000e+00
1.8200 0.00000000 0.0000e+00
1.8250 0.00000000 0.0000e+00
1.8300 0.00000000 0.0000e+00
1.8350 0.00000000 0.0000e+00
1.8400 0.00000000 0.0000e+00
1.8450 0.00000000 0.0000e+00
1.8500 0.00000000 0.0000e+00
1.8550 0.00000000 0.0000e+00
1.8600 0.00000000 0.0000e+00
1.8650 0.00000000 0.0000e+00
1.8700 0.00000000 0.0000e+00
1.8750 0.00000000 0.0000e+00
1.8800 0.00000000 0.0000e+00
1.8850 0.00000000 0.0000e+00
1.8900 0.00000000 0.0000e+00
1.8950 0.00000000 0.0000e+00
1.9000 0.00000000 0.0000e+00
1.9050 0.00000000 0.0000e+00
1.9100 0.00000000 0.0000e+00
1.9150 0.00000000 0.0000e+00
1.9200 0.00000000 0.0000e+00
1.9250 0.00000000 0.0000e+00
1.9300 0.00000000 0.0000e+00
1.9350 0.00000000 0.0000e+00
1.9400 0.00000000 0.0000e+00
1.9450 0.00000000 0.0000e+00
1.9500 0.00000000 0.0000e+00
1.9550 0.00000000 0.0000e+00
1.9600 0.00000000 0.0000e+00
1.9650 0.00000000 0.0000e+00
1.9700 0.00000000 0.0000e+00
1.9750 0.00000000 0.0000e+00
1.9800 0.00000000 0.0000e+00
1.9850 0.00000000 0.0000e+00
1.9900 0.00000000 0.0000e+00
1.9950 0.00000000 0.0000e+00
2.0000 0.00000000 0.0000e+00
2.0050 0.00000000 0.0000e+00
2.0100 0.00000000 0.0000e+00
2.0150 0.00000000 0.0000e+00
2.0200 0.00000000 0.0000e+00
2.0250 0.00000000 0.0000e+00
2.0300 0.00000000 0.0000e+00
2.0350 0.00000000 0.0000e+00
2.0400 0.00000000 0.0000e+00
2.0450 0.00000000 0.0000e+00
2.0500 0.00000000 0.0000e+00
2.0550 0.00000000 0.0000e+00
2.0600 0.00000000 0.0000e+00
2.0650 0.00000000 0.0000e+00
2.0700 0.00000000 0.0000e+00
2.0750 0.00000000 0.0000e+00
2.0800 0.00000000 0.0000e+00
2.0850 0.00000000 0.0000e+00
2.0900 0.00000000 0.0000e+00
2.0950 0.00000000 0.0000e+00
2.1000 0.00000000 0.0000e+00
2.1050 0.00000000 0.0000e+00
2.1100 0.00000000 0.0000e+00
2.1150 0.00355183 1.3314e+10
2.1200 0.00372026 1.3945e+10
2.1250 0.00388869 1.4576e+10
2.1300 0.00405712 1.5207e+10
2.1350 0.00422554 1.5839e+10
2.1400 0.00439397 1.6470e+10
2.1450 0.00456240 1.7101e+10
2.1500 0.00473083 1.7733e+10
2.1550 0.00489925 1.8364e+10
2.1600 0.00506768 1.8995e+10
2.1650 0.00523611 1.9627e+10
2.1700 0.00540454 2.0258e+10
2.1750 0.00557297 2.0889e+10
2.1800 0.00574139 2.1521e+10
2.1850 0.00590982 2.2152e+10
2.1900 0.00607825 2.2783e+10
2.1950 0.00624668 2.3415e+10
2.2000 0.00641510 2.4046e+10
2.2050 0.00658353 2.4677e+10
2.2100 0.00675196 2.5309e+10
2.2150 0.00692039 2.5940e+10
2.2200 0.00708882 2.6571e+10
2.2250 0.00725724 2.7203e+10
2.2300 0.00742567 2.7834e+10
2.2350 0.00759410 2.8465e+10
2.2400 0.00776253 2.9097e+10
2.2450 0.00793095 2.9728e+10
2.2500 0.00809938 3.0359e+10
2.2550 0.00826781 3.0991e+10
2.2600 0.00843624 3.1622e+10
2.2650 0.00860466 3.2253e+10
2.2700 0.00877309 3.2885e+10
2.2750 0.00894152 3.3516e+10
2.2800 0.00910995 3.4147e+10
2.2850 0.00927838 3.4779e+10
2.2900 0.00944680 3.5410e+10
2.2950 0.00961523 3.6041e+10
2.3000 0.00978366 3.6673e+10
2.3050 0.00995209 3.7304e+10
2.3100 0.01012051 3.7935e+10
2.3150 0.01028894 3.8567e+10
2.3200 0.01045737 3.9198e+10
2.3250 0.01062580 3.9829e+10
2.3300 0.01079423 4.0461e+10
2.3350 0.01096265 4.1092e+10
2.3400 0.01113108 4.1723e+10
2.3450 0.01129951 4.2354e+10
2.3500 0.01146794 4.2986e+10
2.3550 0.01163636 4.3617e+10
2.3600 0.01180479 4.4248e+10
2.3650 0.01197322 4.4880e+10
2.3700 0.01214165 4.5511e+10
2.3750 0.01231008 4.6142e+10
2.3800 0.01247850 4.6774e+10
2.3850 0.01264693 4.7405e+10
2.3900 0.01281536 4.8036e+10
2.3950 0.01298379 4.8668e+10
2.4000 0.01315221 4.9299e+10
2.4050 0.01332064 4.9930e+10
2.4100 0.01348907 5.0562e+10
2.4150 0.01365904 5.1199e+10
2.4200 0.01411728 5.2916e+10
2.4250 0.01457551 5.4634e+10
2.4300 0.01503375 5.6352e+10
2.4350 0.01549199 5.8069e+10
2.4400 0.01595022 5.9787e+10
2.4450 0.01640846 6.1505e+10
2.4500 0.01686669 6.3222e+10
2.4550 0.01732493 6.4940e+10
2.4600 0.01778317 6.6658e+10
2.4650 0.01824140 6.8375e+10
2.4700 0.01869964 7.0093e+10
2.4750 0.01915787 7.1810e+10
2.4800 0.01961611 7.3528e+10
2.4850 0.02007435 7.5246e+10
2.4900 0.02053258 7.6963e+10
2.4950 0.02099082 7.8681e+10
2.5000 0.02144905 8.0399e+10
2.5050 0.02190729 8.2116e+10
2.5100 0.02236553 8.3834e+10
2.5150 0.02282376 8.5551e+10
2.5200 0.02328200 8.7269e+10
2.5250 0.02374023 8.8987e+10
2.5300 0.02419847 9.0704e+10
2.5350 0.02465670 9.2422e+10
2.5400 0.02511494 9.4140e+10
2.5450 0.02557318 9.5857e+10
2.5500 0.02603141 9.7575e+10
2.5550 0.02648965 9.9292e+10
2.5600 0.02694788 1.0101e+11
2.5650 0.02740612 1.0273e+11
2.5700 0.02786436 1.0445e+11
2.5750 0.02832259 1.0616e+11
2.5800 0.02878083 1.0788e+11
2.5850 0.02923906 1.0960e+11
2.5900 0.02969730 1.1132e+11
2.5950 0.03047510 1.1423e+11
2.6000 0.03133935 1.1747e+11
2.6050 0.03220360 1.2071e+11
2.6100 0.03306784 1.2395e+11
2.6150 0.03393209 1.2719e+11
2.6200 0.03479634 1.3043e+11
2.6250 0.03566059 1.3367e+11
2.6300 0.03652484 1.3691e+11
2.6350 0.03738909 1.4015e+11
2.6400 0.03825333 1.4339e+11
2.6450 0.03911758 1.4663e+11
2.6500 0.03998183 1.4987e+11
2.6550 0.04084608 1.5311e+11
2.6600 0.04171033 1.5634e+11
2.6650 0.04257457 1.5958e+11
2.6700 0.04343882 1.6282e+11
2.6750 0.04430307 1.6606e+11
2.6800 0.04516732 1.6930e+11
2.6850 0.04603157 1.7254e+11
2.6900 0.04689581 1.7578e+11
2.6950 0.04776006 1.7902e+11
2.7000 0.04862431 1.8226e+11
2.7050 0.04948856 1.8550e+11
2.7100 0.05035281 1.8874e+11
2.7150 0.05121706 1.9198e+11
2.7200 0.05248040 1.9671e+11
2.7250 0.05384395 2.0183e+11
2.7300 0.05520749 2.0694e+11
2.7350 0.05657103 2.1205e+11
2.7400 0.05793457 2.1716e+11
2.7450 0.05929812 2.2227e+11
2.7500 0.06066166 2.2738e+11
2.7550 0.06202520 2.3249e+11
2.7600 0.06338874 2.3760e+11
2.7650 0.06475228 2.4271e+11
2.7700 0.06611583 2.4783e+11
2.7750 0.06747937 2.5294e+11
2.7800 0.06884291 2.5805e+11
2.7850 0.07020645 2.6316e+11
2.7900 0.07156999 2.6827e+11
2.7950 0.07293354 2.7338e+11
2.8000 0.07429708 2.7849e+11
2.8050 0.07566062 2.8360e+11
2.8100 0.07702416 2.8871e+11
2.8150 0.07862835 2.9473e+11
2.8200 0.08056852 3.0200e+11
2.8250 0.08250869 3.0927e+11
2.8300 0.08444886 3.1654e+11
2.8350 0.08638903 3.2382e+11
2.8400 0.08832920 3.3109e+11
2.8450 0.09026937 3.3836e+11
2.8500 0.09220955 3.4563e+11
2.8550 0.09414972 3.5291e+11
2.8600 0.09608989 3.6018e+11
2.8650 0.09803006 3.6745e+11
2.8700 0.09997023 3.7472e+11
2.8750 0.10191040 3.8200e+11
2.8800 0.10385057 3.8927e+11
2.8850 0.10579074 3.9654e+11
2.8900 0.10773091 4.0381e+11
2.8950 0.11004231 4.1248e+11
2.9000 0.11262134 4.2214e+11
2.9050 0.11520037 4.3181e+11
2.9100 0.11777939 4.4148e+11
2.9150 0.12035842 4.5115e+11
2.9200 0.12293745 4.6081e+11
2.9250 0.12551648 4.7048e+11
2.9300 0.12809550 4.8015e+11
2.9350 0.13067453 4.8981e+11
2.9400 0.13325356 4.9948e+11
2.9450 0.13583259 5.0915e+11
2.9500 0.13841161 5.1881e+11
2.9550 0.14099064 5.2848e+11
2.9600 0.14369152 5.3861e+11
2.9650 0.14690612 5.5066e+11
2.9700 0.15012072 5.6270e+11
2.9750 0.15333531 5.7475e+11
2.9800 0.15654991 5.8680e+11
2.9850 0.15976451 5.9885e+11
2.9900 0.16297910 6.1090e+11
2.9950 0.16619370 6.2295e+11
3.0000 0.16940830 6.3500e+11
3.0050 0.17262289 6.4705e+11
3.0100 0.17583749 6.5910e+11
3.0150 0.17905209 6.7115e+11
3.0200 0.18269501 6.8480e+11
3.0250 0.18663151 6.9956e+11
3.0300 0.19056800 7.1432e+11
3.0350 0.19450450 7.2907e+11
3.0400 0.19844099 7.4383e+11
3.0450 0.20237749 7.5858e+11
3.0500 0.20631398 7.7334e+11
3.0550 0.21025048 7.8809e+11
3.0600 0.21418697 8.0285e+11
3.0650 0.21812347 8.1760e+11
3.0700 0.22230560 8.3328e+11
3.0750 0.22691911 8.5057e+11
3.0800 0.23153261 8.6786e+11
3.0850 0.23614611 8.8516e+11
3.0900 0.24075962 9.0245e+11
3.0950 0.24537312 9.1974e+11
3.1000 0.24998663 9.3704e+11
3.1050 0.25460013 9.5433e+11
3.1100 0.25921363 9.7162e+11
3.1150 0.26398838 9.8952e+11
3.1200 0.26936487 1.0097e+12
3.1250 0.27474137 1.0298e+12
3.1300 0.28011786 1.0500e+12
3.1350 0.28549436 1.0701e+12
3.1400 0.29087085 1.0903e+12
3.1450 0.29624735 1.1104e+12
3.1500 0.30162384 1.1306e+12
3.1550 0.30700034 1.1507e+12
3.1600 0.31304891 1.1734e+12
3.1650 0.31914591 1.1963e+12
3.1700 0.32524291 1.2191e+12
3.1750 0.33133991 1.2420e+12
3.1800 0.33743690 1.2648e+12
3.1850 0.34353390 1.2877e+12
3.1900 0.34963090 1.3105e+12
3.1950 0.35592577 1.3341e+12
3.2000 0.36255029 1.3590e+12
3.2050 0.36917482 1.3838e+12
3.2100 0.37579935 1.4086e+12
3.2150 0.38242388 1.4335e+12
3.2200 0.38904841 1.4583e+12
3.2250 0.39567294 1.4831e+12
3.2300 0.40263815 1.5092e+12
3.2350 0.41006873 1.5371e+12
3.2400 0.41749931 1.5649e+12
3.2450 0.42492989 1.5928e+12
3.2500 0.43236046 1.6206e+12
3.2550 0.43979104 1.6485e+12
3.2600 0.44722162 1.6763e+12
3.2650 0.45506869 1.7058e+12
3.2700 0.46292180 1.7352e+12
3.2750 0.47077491 1.7646e+12
3.2800 0.47862801 1.7941e+12
3.2850 0.48648112 1.8235e+12
3.2900 0.49433423 1.8529e+12
3.2950 0.50279097 1.8846e+12
3.3000 0.51125192 1.9164e+12
3.3050 0.51971287 1.9481e+12
3.3100 0.52817382 1.9798e+12
3.3150 0.53663476 2.0115e+12
3.3200 0.54531733 2.0440e+12
3.3250 0.55435043 2.0779e+12
3.3300 0.56338353 2.1118e+12
3.3350 0.57241663 2.1456e+12
3.3400 0.58144973 2.1795e+12
3.3450 0.59054862 2.2136e+12
3.3500 0.60012301 2.2495e+12
3.3550 0.60969739 2.2854e+12
3.3600 0.61927177 2.3212e+12
3.3650 0.62884616 2.3571e+12
3.3700 0.63838458 2.3929e+12
3.3750 0.64772967 2.4279e+12
3.3800 0.65707476 2.4629e+12
3.3850 0.66641984 2.4980e+12
3.3900 0.67576493 2.5330e+12
3.3950 0.68543768 2.5693e+12
3.4000 0.69549412 2.6070e+12
3.4050 0.70555057 2.6446e+12
3.4100 0.71560701 2.6823e+12
3.4150 0.72566718 2.7201e+12
3.4200 0.73642172 2.7604e+12
3.4250 0.74717627 2.8007e+12
3.4300 0.75793081 2.8410e+12
3.4350 0.76868535 2.8813e+12
3.4400 0.77901164 2.9200e+12
3.4450 0.78920817 2.9582e+12
3.4500 0.79940471 2.9964e+12
3.4550 0.80960124 3.0347e+12
3.4600 0.82062929 3.0760e+12
3.4650 0.83196990 3.1185e+12
3.4700 0.84331052 3.1610e+12
3.4750 0.85465114 3.2035e+12
3.4800 0.86542442 3.2439e+12
3.4850 0.87610974 3.2840e+12
3.4900 0.88679506 3.3240e+12
3.4950 0.89741495 3.3638e+12
3.5000 0.90771333 3.4024e+12
3.5050 0.91801171 3.4410e+12
3.5100 0.92831008 3.4796e+12
3.5150 0.93875329 3.5188e+12
3.5200 0.94928400 3.5582e+12
3.5250 0.95981472 3.5977e+12
3.5300 0.97045103 3.6376e+12
3.5350 0.98146914 3.6789e+12
3.5400 0.99248725 3.7202e+12
3.5450 1.00350535 3.7615e+12
3.5500 1.01283123 3.7964e+12
3.5550 1.02204637 3.8310e+12
3.5600 1.03126151 3.8655e+12
3.5650 1.04097518 3.9019e+12
3.5700 1.05082969 3.9389e+12
3.5750 1.06068421 3.9758e+12
3.5800 1.07136609 4.0159e+12
3.5850 1.08235131 4.0570e+12
3.5900 1.09333653 4.0982e+12
3.5950 1.10272159 4.1334e+12
3.6000 1.11167378 4.1669e+12
3.6050 1.12062597 4.2005e+12
3.6100 1.12897266 4.2318e+12
3.6150 1.13728000 4.2629e+12
3.6200 1.14567985 4.2944e+12
3.6250 1.15449733 4.3275e+12
3.6300 1.16331482 4.3605e+12
3.6350 1.17268898 4.3956e+12
3.6400 1.18260112 4.4328e+12
3.6450 1.19251326 4.4700e+12
3.6500 1.19774390 4.4896e+12
3.6550 1.20254269 4.5075e+12
3.6600 1.20803978 4.5282e+12
3.6650 1.21459431 4.5527e+12
3.6700 1.22114884 4.5773e+12
3.6750 1.22942867 4.6083e+12
3.6800 1.23779771 4.6397e+12
3.6850 1.24457221 4.6651e+12
3.6900 1.25014861 4.6860e+12
3.6950 1.25517837 4.7048e+12
3.7000 1.25860775 4.7177e+12
3.7050 1.26203713 4.7306e+12
3.7100 1.26810061 4.7533e+12
3.7150 1.27416829 4.7760e+12
3.7200 1.27584084 4.7823e+12
3.7250 1.27641002 4.7844e+12
3.7300 1.28058965 4.8001e+12
3.7350 1.28667468 4.8229e+12
3.7400 1.29025131 4.8363e+12
3.7450 1.29186880 4.8424e+12
3.7500 1.29328269 4.8477e+12
3.7550 1.29450684 4.8523e+12
3.7600 1.29730771 4.8628e+12
3.7650 1.30155940 4.8787e+12
3.7700 1.30146942 4.8784e+12
3.7750 1.29808843 4.8657e+12
3.7800 1.29734708 4.8629e+12
3.7850 1.29796698 4.8652e+12
3.7900 1.29775019 4.8644e+12
3.7950 1.29731334 4.8628e+12
3.8000 1.29555278 4.8562e+12
3.8050 1.29369369 4.8492e+12
3.8100 1.29160471 4.8414e+12
3.8150 1.28829462 4.8290e+12
3.8200 1.28327963 4.8102e+12
3.8250 1.28186955 4.8049e+12
3.8300 1.28193747 4.8051e+12
3.8350 1.27393666 4.7752e+12
3.8400 1.26738112 4.7506e+12
3.8450 1.26343826 4.7358e+12
3.8500 1.25421450 4.7012e+12
3.8550 1.24391363 4.6626e+12
3.8600 1.23889100 4.6438e+12
3.8650 1.23469014 4.6280e+12
3.8700 1.23081801 4.6135e+12
3.8750 1.21947577 4.5710e+12
3.8800 1.21508285 4.5546e+12
3.8850 1.21630475 4.5591e+12
3.8900 1.20219511 4.5062e+12
3.8950 1.18753656 4.4513e+12
3.9000 1.17428609 4.4016e+12
3.9050 1.17164082 4.3917e+12
3.9100 1.16213637 4.3561e+12
3.9150 1.15022139 4.3114e+12
3.9200 1.13847495 4.2674e+12
3.9250 1.11432834 4.1769e+12
3.9300 1.10330768 4.1356e+12
3.9350 1.09658819 4.1104e+12
3.9400 1.08148324 4.0538e+12
3.9450 1.07240441 4.0197e+12
3.9500 1.05728860 3.9631e+12
3.9550 1.03957291 3.8967e+12
3.9600 1.02379054 3.8375e+12
3.9650 1.01679709 3.8113e+12
3.9700 1.00445339 3.7650e+12
3.9750 0.99250216 3.7202e+12
3.9800 0.97870503 3.6685e+12
3.9850 0.95959928 3.5969e+12
3.9900 0.93763693 3.5146e+12
3.9950 0.92864488 3.4809e+12
4.0000 0.90482731 3.3916e+12
4.0050 0.90140455 3.3788e+12
4.0100 0.88099337 3.3023e+12
4.0150 0.85691710 3.2120e+12
4.0200 0.83795861 3.1410e+12
4.0250 0.82707369 3.1002e+12
4.0300 0.81554485 3.0569e+12
4.0350 0.79795740 2.9910e+12
4.0400 0.78209140 2.9316e+12
4.0450 0.76518845 2.8682e+12
4.0500 0.74601679 2.7963e+12
4.0550 0.73308089 2.7478e+12
4.0600 0.71738632 2.6890e+12
4.0650 0.70267384 2.6339e+12
4.0700 0.68859408 2.5811e+12
4.0750 0.67186292 2.5184e+12
4.0800 0.65287791 2.4472e+12
4.0850 0.63791817 2.3911e+12
4.0900 0.62139003 2.3292e+12
4.0950 0.59756549 2.2399e+12
4.1000 0.59026234 2.2125e+12
4.1050 0.57040263 2.1381e+12
4.1100 0.54831196 2.0553e+12
4.1150 0.54528113 2.0439e+12
4.1200 0.52088349 1.9525e+12
4.1250 0.50730733 1.9016e+12
4.1300 0.49265907 1.8467e+12
4.1350 0.47398745 1.7767e+12
4.1400 0.46362650 1.7378e+12
4.1450 0.43544684 1.6322e+12
4.1500 0.42629158 1.5979e+12
4.1550 0.41794701 1.5666e+12
4.1600 0.39618627 1.4850e+12
4.1650 0.39051724 1.4638e+12
4.1700 0.37099885 1.3906e+12
4.1750 0.36813314 1.3799e+12
4.1800 0.34392855 1.2892e+12
4.1850 0.33267649 1.2470e+12
4.1900 0.32274683 1.2098e+12
4.1950 0.31075470 1.1648e+12
4.2000 0.30086542 1.1277e+12
4.2050 0.28821574 1.0803e+12
4.2100 0.26539944 9.9481e+11
4.2150 0.26148119 9.8012e+11
4.2200 0.25002723 9.3719e+11
4.2250 0.24124768 9.0428e+11
4.2300 0.22788242 8.5418e+11
4.2350 0.22237760 8.3355e+11
4.2400 0.20792468 7.7937e+11
4.2450 0.20114136 7.5395e+11
4.2500 0.19172938 7.1867e+11
4.2550 0.18304115 6.8610e+11
4.2600 0.17279249 6.4769e+11
4.2650 0.16321964 6.1180e+11
4.2700 0.15522923 5.8185e+11
4.2750 0.14565253 5.4596e+11
4.2800 0.14171772 5.3121e+11
4.2850 0.13934575 5.2232e+11
4.2900 0.12442661 4.6639e+11
4.2950 0.12005349 4.5000e+11
4.3000 0.11107472 4.1635e+11
4.3050 0.10657677 3.9949e+11
4.3100 0.10072696 3.7756e+11
4.3150 0.09510339 3.5648e+11
4.3200 0.08597050 3.2225e+11
4.3250 0.08289346 3.1071e+11
4.3300 0.07506106 2.8136e+11
4.3350 0.07402180 2.7746e+11
4.3400 0.06729779 2.5226e+11
4.3450 0.06485191 2.4309e+11
4.3500 0.06242703 2.3400e+11
4.3550 0.05494266 2.0594e+11
4.3600 0.05310674 1.9906e+11
4.3650 0.04719481 1.7690e+11
4.3700 0.04732910 1.7741e+11
4.3750 0.04193212 1.5718e+11
4.3800 0.04041149 1.5148e+11
4.3850 0.03499077 1.3116e+11
4.3900 0.03560784 1.3347e+11
4.3950 0.03142080 1.1778e+11
4.4000 0.02593229 9.7203e+10
4.4050 0.02756282 1.0332e+11
4.4100 0.02358457 8.8403e+10
4.4150 0.02253932 8.4485e+10
4.4200 0.02079167 7.7934e+10
4.4250 0.01531942 5.7423e+10
4.4300 0.01509906 5.6597e+10
4.4350 0.01568293 5.8785e+10
4.4400 0.01479619 5.5461e+10
4.4450 0.01550622 5.8123e+10
4.4500 0.01212089 4.5433e+10
4.4550 0.01093853 4.1001e+10
4.4600 0.00890929 3.3395e+10
4.4650 0.00934622 3.5033e+10
4.4700 0.01133647 4.2493e+10
4.4750 0.00706316 2.6475e+10
4.4800 0.01076501 4.0351e+10
4.4850 0.00524049 1.9643e+10
4.4900 0.00626396 2.3479e+10
4.4950 0.00631764 2.3681e+10
4.5000 0.00499681 1.8730e+10
4.5050 0.00452713 1.6969e+10
4.5100 0.00305030 1.1434e+10
4.5150 0.00228390 8.5609e+09
4.5200 0.00330020 1.2370e+10
4.5250 0.00349156 1.3088e+10
4.5300 0.00272899 1.0229e+10
4.5350 0.00261391 9.7978e+09
4.5400 0.00187072 7.0121e+09
4.5450 0.00131287 4.9211e+09
4.5500 0.00138782 5.2020e+09
4.5550 0.00171843 6.4413e+09
4.5600 0.00130384 4.8873e+09
4.5650 0.00090945 3.4089e+09
4.5700 0.00250338 9.3835e+09
4.5750 0.00109039 4.0872e+09
4.5800 0.00059559 2.2325e+09
4.5850 0.00112106 4.2021e+09
4.5900 0.00080760 3.0272e+09
4.5950 0.00046802 1.7543e+09
4.6000 0.00047350 1.7749e+09
4.6050 0.00052626 1.9726e+09
4.6100 0.00104035 3.8996e+09
4.6150 0.00113133 4.2406e+09
4.6200 0.00046364 1.7379e+09
4.6250 0.00094887 3.5567e+09
4.6300 0.00097107 3.6399e+09
4.6350 0.00082830 3.1048e+09
4.6400 0.00052609 1.9720e+09
4.6450 0.00054031 2.0253e+09
4.6500 0.00066966 2.5101e+09
4.6550 0.00079901 2.9949e+09
4.6600 0.00092835 3.4798e+09
4.6650 0.00105770 3.9646e+09
4.6700 0.00112216 4.2062e+09
4.6750 0.00091429 3.4271e+09
4.6800 0.00070641 2.6479e+09
4.6850 0.00000000 0.0000e+00
4.6900 0.00000000 0.0000e+00
4.6950 0.00000000 0.0000e+00
4.7000 0.00000000 0.0000e+00
4.7050 0.00000000 0.0000e+00
4.7100 0.00000000 0.0000e+00
4.7150 0.00000000 0.0000e+00
4.7200 0.00000000 0.0000e+00
4.7250 0.00000000 0.0000e+00
4.7300 0.00000000 0.0000e+00
4.7350 0.00000000 0.0000e+00
4.7400 0.00000000 0.0000e+00
4.7450 0.00000000 0.0000e+00
4.7500 0.00000000 0.0000e+00
4.7550 0.00000000 0.0000e+00
4.7600 0.00000000 0.0000e+00
4.7650 0.00000000 0.0000e+00
4.7700 0.00000000 0.0000e+00
4.7750 0.00000000 0.0000e+00
4.7800 0.00000000 0.0000e+00
4.7850 0.00000000 0.0000e+00
4.7900 0.00000000 0.0000e+00
4.7950 0.00000000 0.0000e+00
4.8000 0.00000000 0.0000e+00
4.8050 0.00000000 0.0000e+00
4.8100 0.00000000 0.0000e+00
4.8150 0.00000000 0.0000e+00
4.8200 0.00000000 0.0000e+00
4.8250 0.00000000 0.0000e+00
4.8300 0.00000000 0.0000e+00
4.8350 0.00000000 0.0000e+00
4.8400 0.00000000 0.0000e+00
4.8450 0.00000000 0.0000e+00
4.8500 0.00000000 0.0000e+00
4.8550 0.00000000 0.0000e+00
4.8600 0.00000000 0.0000e+00
4.8650 0.00000000 0.0000e+00
4.8700 0.00000000 0.0000e+00
4.8750 0.00000000 0.0000e+00
4.8800 0.00000000 0.0000e+00
4.8850 0.00000000 0.0000e+00
4.8900 0.00000000 0.0000e+00
4.8950 0.00000000 0.0000e+00
4.9000 0.00000000 0.0000e+00
4.9050 0.00000000 0.0000e+00
4.9100 0.00000000 0.0000e+00
4.9150 0.00000000 0.0000e+00
4.9200 0.00000000 0.0000e+00
4.9250 0.00000000 0.0000e+00
4.9300 0.00000000 0.0000e+00
4.9350 0.00000000 0.0000e+00
4.9400 0.00000000 0.0000e+00
4.9450 0.00000000 0.0000e+00
4.9500 0.00000000 0.0000e+00
4.9550 0.00000000 0.0000e+00
4.9600 0.00000000 0.0000e+00
4.9650 0.00000000 0.0000e+00
4.9700 0.00000000 0.0000e+00
4.9750 0.00000000 0.0000e+00
4.9800 0.00000000 0.0000e+00
4.9850 0.00000000 0.0000e+00
4.9900 0.00000000 0.0000e+00
4.9950 0.00000000 0.0000e+00
5.0000 0.00000000 0.0000e+00
5.0050 0.00000000 0.0000e+00
5.0100 0.00000000 0.0000e+00
5.0150 0.00000000 0.0000e+00
5.0200 0.00000000 0.0000e+00
5.0250 0.00000000 0.0000e+00
5.0300 0.00000000 0.0000e+00
5.0350 0.00000000 0.0000e+00
5.0400 0.00000000 0.0000e+00
5.0450 0.00000000 0.0000e+00
5.0500 0.00000000 0.0000e+00
5.0550 0.00000000 0.0000e+00
5.0600 0.00000000 0.0000e+00
5.0650 0.00000000 0.0000e+00
5.0700 0.00000000 0.0000e+00
5.0750 0.00000000 0.0000e+00
5.0800 0.00000000 0.0000e+00
5.0850 0.00000000 0.0000e+00
5.0900 0.00000000 0.0000e+00
5.0950 0.00000000 0.0000e+00
5.1000 0.00000000 0.0000e+00
5.1050 0.00000000 0.0000e+00
5.1100 0.00000000 0.0000e+00
5.1150 0.00000000 0.0000e+00
5.1200 0.00000000 0.0000e+00
5.1250 0.00000000 0.0000e+00
5.1300 0.00000000 0.0000e+00
5.1350 0.00000000 0.0000e+00
5.1400 0.00000000 0.0000e+00
5.1450 0.00000000 0.0000e+00
5.1500 0.00000000 0.0000e+00
5.1550 0.00000000 0.0000e+00
5.1600 0.00000000 0.0000e+00
5.1650 0.00000000 0.0000e+00
5.1700 0.00000000 0.0000e+00
5.1750 0.00000000 0.0000e+00
5.1800 0.00000000 0.0000e+00
5.1850 0.00000000 0.0000e+00
5.1900 0.00000000 0.0000e+00
5.1950 0.00000000 0.0000e+00
5.2000 0.00000000 0.0000e+00
5.2050 0.00000000 0.0000e+00
5.2100 0.00000000 0.0000e+00
5.2150 0.00000000 0.0000e+00
5.2200 0.00000000 0.0000e+00
5.2250 0.00000000 0.0000e+00
5.2300 0.00000000 0.0000e+00
5.2350 0.00000000 0.0000e+00
5.2400 0.00000000 0.0000e+00
5.2450 0.00000000 0.0000e+00
5.2500 0.00000000 0.0000e+00
5.2550 0.00000000 0.0000e+00
5.2600 0.00000000 0.0000e+00
5.2650 0.00000000 0.0000e+00
5.2700 0.00000000 0.0000e+00
5.2750 0.00000000 0.0000e+00
5.2800 0.00000000 0.0000e+00
5.2850 0.00000000 0.0000e+00
5.2900 0.00000000 0.0000e+00
5.2950 0.00000000 0.0000e+00
5.3000 0.00000000 0.0000e+00
5.3050 0.00000000 0.0000e+00
5.3100 0.00000000 0.0000e+00
5.3150 0.00000000 0.0000e+00
5.3200 0.00000000 0.0000e+00
5.3250 0.00000000 0.0000e+00
5.3300 0.00000000 0.0000e+00
5.3350 0.00000000 0.0000e+00
5.3400 0.00000000 0.0000e+00
5.3450 0.00000000 0.0000e+00
5.3500 0.00000000 0.0000e+00
5.3550 0.00000000 0.0000e+00
5.3600 0.00000000 0.0000e+00
5.3650 0.00000000 0.0000e+00
5.3700 0.00000000 0.0000e+00
5.3750 0.00000000 0.0000e+00
5.3800 0.00000000 0.0000e+00
5.3850 0.00000000 0.0000e+00
5.3900 0.00000000 0.0000e+00
5.3950 0.00000000 0.0000e+00
5.4000 0.00000000 0.0000e+00
5.4050 0.00000000 0.0000e+00
5.4100 0.00000000 0.0000e+00
5.4150 0.00000000 0.0000e+00
5.4200 0.00000000 0.0000e+00
5.4250 0.00000000 0.0000e+00
5.4300 0.00000000 0.0000e+00
5.4350 0.00000000 0.0000e+00
5.4400 0.00000000 0.0000e+00
5.4450 0.00000000 0.0000e+00
5.4500 0.00000000 0.0000e+00
5.4550 0.00000000 0.0000e+00
5.4600 0.00000000 0.0000e+00
5.4650 0.00000000 0.0000e+00
5.4700 0.00000000 0.0000e+00
5.4750 0.00000000 0.0000e+00
5.4800 0.00000000 0.0000e+00
5.4850 0.00000000 0.0000e+00
5.4900 0.00000000 0.0000e+00
5.4950 0.00000000 0.0000e+00
5.5000 0.00000000 0.0000e+00
5.5050 0.00000000 0.0000e+00
5.5100 0.00000000 0.0000e+00
5.5150 0.00000000 0.0000e+00
5.5200 0.00000000 0.0000e+00
5.5250 0.00000000 0.0000e+00
5.5300 0.00000000 0.0000e+00
5.5350 0.00000000 0.0000e+00
5.5400 0.00000000 0.0000e+00
5.5450 0.00000000 0.0000e+00
5.5500 0.00000000 0.0000e+00
5.5550 0.00000000 0.0000e+00
5.5600 0.00000000 0.0000e+00
5.5650 0.00000000 0.0000e+00
5.5700 0.00000000 0.0000e+00
5.5750 0.00000000 0.0000e+00
5.5800 0.00000000 0.0000e+00
5.5850 0.00000000 0.0000e+00
5.5900 0.00000000 0.0000e+00
5.5950 0.00000000 0.0000e+00
5.6000 0.00000000 0.0000e+00
5.6050 0.00000000 0.0000e+00
5.6100 0.00000000 0.0000e+00
5.6150 0.00000000 0.0000e+00
5.6200 0.00000000 0.0000e+00
5.6250 0.00000000 0.0000e+00
5.6300 0.00000000 0.0000e+00
5.6350 0.00000000 0.0000e+00
5.6400 0.00000000 0.0000e+00
5.6450 0.00000000 0.0000e+00
5.6500 0.00000000 0.0000e+00
5.6550 0.00000000 0.0000e+00
5.6600 0.00000000 0.0000e+00
5.6650 0.00000000 0.0000e+00
5.6700 0.00000000 0.0000e+00
5.6750 0.00000000 0.0000e+00
5.6800 0.00000000 0.0000e+00
5.6850 0.00000000 0.0000e+00
5.6900 0.00000000 0.0000e+00
5.6950 0.00000000 0.0000e+00
5.7000 0.00000000 0.0000e+00
5.7050 0.00000000 0.0000e+00
5.7100 0.00000000 0.0000e+00
5.7150 0.00000000 0.0000e+00
5.7200 0.00000000 0.0000e+00
5.7250 0.00000000 0.0000e+00
5.7300 0.00000000 0.0000e+00
5.7350 0.00000000 0.0000e+00
5.7400 0.00000000 0.0000e+00
5.7450 0.00000000 0.0000e+00
5.7500 0.00000000 0.0000e+00
5.7550 0.00000000 0.0000e+00
5.7600 0.00000000 0.0000e+00
5.7650 0.00000000 0.0000e+00
5.7700 0.00000000 0.0000e+00
5.7750 0.00000000 0.0000e+00
5.7800 0.00000000 0.0000e+00
5.7850 0.00000000 0.0000e+00
5.7900 0.00000000 0.0000e+00
5.7950 0.00000000 0.0000e+00
5.8000 0.00000000 0.0000e+00
5.8050 0.00000000 0.0000e+00
5.8100 0.00000000 0.0000e+00
5.8150 0.00000000 0.0000e+00
5.8200 0.00000000 0.0000e+00
5.8250 0.00000000 0.0000e+00
5.8300 0.00000000 0.0000e+00
5.8350 0.00000000 0.0000e+00
5.8400 0.00000000 0.0000e+00
5.8450 0.00000000 0.0000e+00
5.8500 0.00000000 0.0000e+00
5.8550 0.00000000 0.0000e+00
5.8600 0.00000000 0.0000e+00
5.8650 0.00000000 0.0000e+00
5.8700 0.00000000 0.0000e+00
5.8750 0.00000000 0.0000e+00
5.8800 0.00000000 0.0000e+00
5.8850 0.00000000 0.0000e+00
5.8900 0.00000000 0.0000e+00
5.8950 0.00000000 0.0000e+00
5.9000 0.00000000 0.0000e+00
5.9050 0.00000000 0.0000e+00
5.9100 0.00000000 0.0000e+00
5.9150 0.00000000 0.0000e+00
5.9200 0.00000000 0.0000e+00
5.9250 0.00000000 0.0000e+00
5.9300 0.00000000 0.0000e+00
5.9350 0.00000000 0.0000e+00
5.9400 0.00000000 0.0000e+00
5.9450 0.00000000 0.0000e+00
5.9500 0.00000000 0.0000e+00
5.9550 0.00000000 0.0000e+00
5.9600 0.00000000 0.0000e+00
5.9650 0.00000000 0.0000e+00
5.9700 0.00000000 0.0000e+00
5.9750 0.00000000 0.0000e+00
5.9800 0.00000000 0.0000e+00
5.9850 0.00000000 0.0000e+00
5.9900 0.00000000 0.0000e+00
5.9950 0.00000000 0.0000e+00
6.0000 0.00000000 0.0000e+00
6.0050 0.00000000 0.0000e+00
6.0100 0.00000000 0.0000e+00
6.0150 0.00000000 0.0000e+00
6.0200 0.00000000 0.0000e+00
6.0250 0.00000000 0.0000e+00
6.0300 0.00000000 0.0000e+00
6.0350 0.00000000 0.0000e+00
6.0400 0.00000000 0.0000e+00
6.0450 0.00000000 0.0000e+00
6.0500 0.00000000 0.0000e+00
6.0550 0.00000000 0.0000e+00
6.0600 0.00000000 0.0000e+00
6.0650 0.00000000 0.0000e+00
6.0700 0.00000000 0.0000e+00
6.0750 0.00000000 0.0000e+00
6.0800 0.00000000 0.0000e+00
6.0850 0.00000000 0.0000e+00
6.0900 0.00000000 0.0000e+00
6.0950 0.00000000 0.0000e+00
6.1000 0.00000000 0.0000e+00
6.1050 0.00000000 0.0000e+00
6.1100 0.00000000 0.0000e+00
6.1150 0.00000000 0.0000e+00
6.1200 0.00000000 0.0000e+00
6.1250 0.00000000 0.0000e+00
6.1300 0.00000000 0.0000e+00
6.1350 0.00000000 0.0000e+00
6.1400 0.00000000 0.0000e+00
6.1450 0.00000000 0.0000e+00
6.1500 0.00000000 0.0000e+00
6.1550 0.00000000 0.0000e+00
6.1600 0.00000000 0.0000e+00
6.1650 0.00000000 0.0000e+00
6.1700 0.00000000 0.0000e+00
6.1750 0.00000000 0.0000e+00
6.1800 0.00000000 0.0000e+00
6.1850 0.00000000 0.0000e+00
6.1900 0.00000000 0.0000e+00
6.1950 0.00000000 0.0000e+00
6.2000 0.00000000 0.0000e+00
6.2050 0.00000000 0.0000e+00
6.2100 0.00000000 0.0000e+00
6.2150 0.00000000 0.0000e+00
6.2200 0.00000000 0.0000e+00
6.2250 0.00000000 0.0000e+00
6.2300 0.00000000 0.0000e+00
6.2350 0.00000000 0.0000e+00
6.2400 0.00000000 0.0000e+00
6.2450 0.00000000 0.0000e+00
6.2500 0.00000000 0.0000e+00
6.2550 0.00000000 0.0000e+00
6.2600 0.00000000 0.0000e+00
6.2650 0.00000000 0.0000e+00
6.2700 0.00000000 0.0000e+00
6.2750 0.00000000 0.0000e+00
6.2800 0.00000000 0.0000e+00
6.2850 0.00000000 0.0000e+00
6.2900 0.00000000 0.0000e+00
6.2950 0.00000000 0.0000e+00
6.3000 0.00000000 0.0000e+00
6.3050 0.00000000 0.0000e+00
6.3100 0.00000000 0.0000e+00
6.3150 0.00000000 0.0000e+00
6.3200 0.00000000 0.0000e+00
6.3250 0.00000000 0.0000e+00
6.3300 0.00000000 0.0000e+00
6.3350 0.00000000 0.0000e+00
6.3400 0.00000000 0.0000e+00
6.3450 0.00000000 0.0000e+00
6.3500 0.00000000 0.0000e+00
6.3550 0.00000000 0.0000e+00
6.3600 0.00000000 0.0000e+00
6.3650 0.00000000 0.0000e+00
6.3700 0.00000000 0.0000e+00
6.3750 0.00000000 0.0000e+00
6.3800 0.00000000 0.0000e+00
6.3850 0.00000000 0.0000e+00
6.3900 0.00000000 0.0000e+00
6.3950 0.00000000 0.0000e+00
6.4000 0.00000000 0.0000e+00
6.4050 0.00000000 0.0000e+00
6.4100 0.00000000 0.0000e+00
6.4150 0.00000000 0.0000e+00
6.4200 0.00000000 0.0000e+00
6.4250 0.00000000 0.0000e+00
6.4300 0.00000000 0.0000e+00
6.4350 0.00000000 0.0000e+00
6.4400 0.00000000 0.0000e+00
6.4450 0.00000000 0.0000e+00
6.4500 0.00000000 0.0000e+00
6.4550 0.00000000 0.0000e+00
6.4600 0.00000000 0.0000e+00
6.4650 0.00000000 0.0000e+00
6.4700 0.00000000 0.0000e+00
6.4750 0.00000000 0.0000e+00
6.4800 0.00000000 0.0000e+00
6.4850 0.00000000 0.0000e+00
6.4900 0.00000000 0.0000e+00
6.4950 0.00000000 0.0000e+00
6.5000 0.00000000 0.0000e+00
6.5050 0.00000000 0.0000e+00
6.5100 0.00000000 0.0000e+00
6.5150 0.00000000 0.0000e+00
6.5200 0.00000000 0.0000e+00
6.5250 0.00000000 0.0000e+00
6.5300 0.00000000 0.0000e+00
6.5350 0.00000000 0.0000e+00
6.5400 0.00000000 0.0000e+00
6.5450 0.00000000 0.0000e+00
6.5500 0.00000000 0.0000e+00
6.5550 0.00000000 0.0000e+00
6.5600 0.00000000 0.0000e+00
6.5650 0.00000000 0.0000e+00
6.5700 0.00000000 0.0000e+00
6.5750 0.00000000 0.0000e+00
6.5800 0.00000000 0.0000e+00
6.5850 0.00000000 0.0000e+00
6.5900 0.00000000 0.0000e+00
6.5950 0.00000000 0.0000e+00
6.6000 0.00000000 0.0000e+00
6.6050 0.00000000 0.0000e+00
6.6100 0.00000000 0.0000e+00
6.6150 0.00000000 0.0000e+00
6.6200 0.00000000 0.0000e+00
6.6250 0.00000000 0.0000e+00
6.6300 0.00000000 0.0000e+00
6.6350 0.00000000 0.0000e+00
6.6400 0.00000000 0.0000e+00
6.6450 0.00000000 0.0000e+00
6.6500 0.00000000 0.0000e+00
6.6550 0.00000000 0.0000e+00
6.6600 0.00000000 0.0000e+00
6.6650 0.00000000 0.0000e+00
6.6700 0.00000000 0.0000e+00
6.6750 0.00000000 0.0000e+00
6.6800 0.00000000 0.0000e+00
6.6850 0.00000000 0.0000e+00
6.6900 0.00000000 0.0000e+00
6.6950 0.00000000 0.0000e+00
6.7000 0.00000000 0.0000e+00
6.7050 0.00000000 0.0000e+00
6.7100 0.00000000 0.0000e+00
6.7150 0.00000000 0.0000e+00
6.7200 0.00000000 0.0000e+00
6.7250 0.00000000 0.0000e+00
6.7300 0.00000000 0.0000e+00
6.7350 0.00000000 0.0000e+00
6.7400 0.00000000 0.0000e+00
6.7450 0.00000000 0.0000e+00
6.7500 0.00000000 0.0000e+00
6.7550 0.00000000 0.0000e+00
6.7600 0.00000000 0.0000e+00
6.7650 0.00000000 0.0000e+00
6.7700 0.00000000 0.0000e+00
6.7750 0.00000000 0.0000e+00
6.7800 0.00000000 0.0000e+00
6.7850 0.00000000 0.0000e+00
6.7900 0.00000000 0.0000e+00
6.7950 0.00000000 0.0000e+00
6.8000 0.00000000 0.0000e+00
6.8050 0.00000000 0.0000e+00
6.8100 0.00000000 0.0000e+00
6.8150 0.00000000 0.0000e+00
6.8200 0.00000000 0.0000e+00
6.8250 0.00000000 0.0000e+00
6.8300 0.00000000 0.0000e+00
6.8350 0.00000000 0.0000e+00
6.8400 0.00000000 0.0000e+00
6.8450 0.00000000 0.0000e+00
6.8500 0.00000000 0.0000e+00
6.8550 0.00000000 0.0000e+00
6.8600 0.00000000 0.0000e+00
6.8650 0.00000000 0.0000e+00
6.8700 0.00000000 0.0000e+00
6.8750 0.00000000 0.0000e+00
6.8800 0.00000000 0.0000e+00
6.8850 0.00000000 0.0000e+00
6.8900 0.00000000 0.0000e+00
6.8950 0.00000000 0.0000e+00
6.9000 0.00000000 0.0000e+00
6.9050 0.00000000 0.0000e+00
6.9100 0.00000000 0.0000e+00
6.9150 0.00000000 0.0000e+00
6.9200 0.00000000 0.0000e+00
6.9250 0.00000000 0.0000e+00
6.9300 0.00000000 0.0000e+00
6.9350 0.00000000 0.0000e+00
6.9400 0.00000000 0.0000e+00
6.9450 0.00000000 0.0000e+00
6.9500 0.00000000 0.0000e+00
6.9550 0.00000000 0.0000e+00
6.9600 0.00000000 0.0000e+00
6.9650 0.00000000 0.0000e+00
6.9700 0.00000000 0.0000e+00
6.9750 0.00000000 0.0000e+00
6.9800 0.00000000 0.0000e+00
6.9850 0.00000000 0.0000e+00
6.9900 0.00000000 0.0000e+00
6.9950 0.00000000 0.0000e+00
7.0000 0.00000000 0.0000e+00
7.0050 0.00000000 0.0000e+00
7.0100 0.00000000 0.0000e+00
7.0150 0.00000000 0.0000e+00
7.0200 0.00000000 0.0000e+00
7.0250 0.00000000 0.0000e+00
7.0300 0.00000000 0.0000e+00
7.0350 0.00000000 0.0000e+00
7.0400 0.00000000 0.0000e+00
7.0450 0.00000000 0.0000e+00
7.0500 0.00000000 0.0000e+00
7.0550 0.00000000 0.0000e+00
7.0600 0.00000000 0.0000e+00
7.0650 0.00000000 0.0000e+00
7.0700 0.00000000 0.0000e+00
7.0750 0.00000000 0.0000e+00
7.0800 0.00000000 0.0000e+00
7.0850 0.00000000 0.0000e+00
7.0900 0.00000000 0.0000e+00
7.0950 0.00000000 0.0000e+00
7.1000 0.00000000 0.0000e+00
7.1050 0.00000000 0.0000e+00
7.1100 0.00000000 0.0000e+00
7.1150 0.00000000 0.0000e+00
7.1200 0.00000000 0.0000e+00
7.1250 0.00000000 0.0000e+00
7.1300 0.00000000 0.0000e+00
7.1350 0.00000000 0.0000e+00
7.1400 0.00000000 0.0000e+00
7.1450 0.00000000 0.0000e+00
7.1500 0.00000000 0.0000e+00
7.1550 0.00000000 0.0000e+00
7.1600 0.00000000 0.0000e+00
7.1650 0.00000000 0.0000e+00
7.1700 0.00000000 0.0000e+00
7.1750 0.00000000 0.0000e+00
7.1800 0.00000000 0.0000e+00
7.1850 0.00000000 0.0000e+00
7.1900 0.00000000 0.0000e+00
7.1950 0.00000000 0.0000e+00
7.2000 0.00000000 0.0000e+00
7.2050 0.00000000 0.0000e+00
7.2100 0.00000000 0.0000e+00
7.2150 0.00000000 0.0000e+00
7.2200 0.00000000 0.0000e+00
7.2250 0.00000000 0.0000e+00
7.2300 0.00000000 0.0000e+00
7.2350 0.00000000 0.0000e+00
7.2400 0.00000000 0.0000e+00
7.2450 0.00000000 0.0000e+00
7.2500 0.00000000 0.0000e+00
7.2550 0.00000000 0.0000e+00
7.2600 0.00000000 0.0000e+00
7.2650 0.00000000 0.0000e+00
7.2700 0.00000000 0.0000e+00
7.2750 0.00000000 0.0000e+00
7.2800 0.00000000 0.0000e+00
7.2850 0.00000000 0.0000e+00
7.2900 0.00000000 0.0000e+00
7.2950 0.00000000 0.0000e+00
7.3000 0.00000000 0.0000e+00
7.3050 0.00000000 0.0000e+00
7.3100 0.00000000 0.0000e+00
7.3150 0.00000000 0.0000e+00
7.3200 0.00000000 0.0000e+00
7.3250 0.00000000 0.0000e+00
7.3300 0.00000000 0.0000e+00
7.3350 0.00000000 0.0000e+00
7.3400 0.00000000 0.0000e+00
7.3450 0.00000000 0.0000e+00
7.3500 0.00000000 0.0000e+00
7.3550 0.00000000 0.0000e+00
7.3600 0.00000000 0.0000e+00
7.3650 0.00000000 0.0000e+00
7.3700 0.00000000 0.0000e+00
7.3750 0.00000000 0.0000e+00
7.3800 0.00000000 0.0000e+00
7.3850 0.00000000 0.0000e+00
7.3900 0.00000000 0.0000e+00
7.3950 0.00000000 0.0000e+00
7.4000 0.00000000 0.0000e+00
7.4050 0.00000000 0.0000e+00
7.4100 0.00000000 0.0000e+00
7.4150 0.00000000 0.0000e+00
7.4200 0.00000000 0.0000e+00
7.4250 0.00000000 0.0000e+00
7.4300 0.00000000 0.0000e+00
7.4350 0.00000000 0.0000e+00
7.4400 0.00000000 0.0000e+00
7.4450 0.00000000 0.0000e+00
7.4500 0.00000000 0.0000e+00
7.4550 0.00000000 0.0000e+00
7.4600 0.00000000 0.0000e+00
7.4650 0.00000000 0.0000e+00
7.4700 0.00000000 0.0000e+00
7.4750 0.00000000 0.0000e+00
7.4800 0.00000000 0.0000e+00
7.4850 0.00000000 0.0000e+00
7.4900 0.00000000 0.0000e+00
7.4950 0.00000000 0.0000e+00
7.5000 0.00000000 0.0000e+00
7.5050 0.00000000 0.0000e+00
7.5100 0.00000000 0.0000e+00
7.5150 0.00000000 0.0000e+00
7.5200 0.00000000 0.0000e+00
7.5250 0.00000000 0.0000e+00
7.5300 0.00000000 0.0000e+00
7.5350 0.00000000 0.0000e+00
7.5400 0.00000000 0.0000e+00
7.5450 0.00000000 0.0000e+00
7.5500 0.00000000 0.0000e+00
7.5550 0.00000000 0.0000e+00
7.5600 0.00000000 0.0000e+00
7.5650 0.00000000 0.0000e+00
7.5700 0.00000000 0.0000e+00
7.5750 0.00000000 0.0000e+00
7.5800 0.00000000 0.0000e+00
7.5850 0.00000000 0.0000e+00
7.5900 0.00000000 0.0000e+00
7.5950 0.00000000 0.0000e+00
7.6000 0.00000000 0.0000e+00
7.6050 0.00000000 0.0000e+00
7.6100 0.00000000 0.0000e+00
7.6150 0.00000000 0.0000e+00
7.6200 0.00000000 0.0000e+00
7.6250 0.00000000 0.0000e+00
7.6300 0.00000000 0.0000e+00
7.6350 0.00000000 0.0000e+00
7.6400 0.00000000 0.0000e+00
7.6450 0.00000000 0.0000e+00
7.6500 0.00000000 0.0000e+00
7.6550 0.00000000 0.0000e+00
7.6600 0.00000000 0.0000e+00
7.6650 0.00000000 0.0000e+00
7.6700 0.00000000 0.0000e+00
7.6750 0.00000000 0.0000e+00
7.6800 0.00000000 0.0000e+00
7.6850 0.00000000 0.0000e+00
7.6900 0.00000000 0.0000e+00
7.6950 0.00000000 0.0000e+00
7.7000 0.00000000 0.0000e+00
7.7050 0.00000000 0.0000e+00
7.7100 0.00000000 0.0000e+00
7.7150 0.00000000 0.0000e+00
7.7200 0.00000000 0.0000e+00
7.7250 0.00000000 0.0000e+00
7.7300 0.00000000 0.0000e+00
7.7350 0.00000000 0.0000e+00
7.7400 0.00000000 0.0000e+00
7.7450 0.00000000 0.0000e+00
7.7500 0.00000000 0.0000e+00
7.7550 0.00000000 0.0000e+00
7.7600 0.00000000 0.0000e+00
7.7650 0.00000000 0.0000e+00
7.7700 0.00000000 0.0000e+00
7.7750 0.00000000 0.0000e+00
7.7800 0.00000000 0.0000e+00
7.7850 0.00000000 0.0000e+00
7.7900 0.00000000 0.0000e+00
7.7950 0.00000000 0.0000e+00
7.8000 0.00000000 0.0000e+00
7.8050 0.00000000 0.0000e+00
7.8100 0.00000000 0.0000e+00
7.8150 0.00000000 0.0000e+00
7.8200 0.00000000 0.0000e+00
7.8250 0.00000000 0.0000e+00
7.8300 0.00000000 0.0000e+00
7.8350 0.00000000 0.0000e+00
7.8400 0.00000000 0.0000e+00
7.8450 0.00000000 0.0000e+00
7.8500 0.00000000 0.0000e+00
7.8550 0.00000000 0.0000e+00
7.8600 0.00000000 0.0000e+00
7.8650 0.00000000 0.0000e+00
7.8700 0.00000000 0.0000e+00
7.8750 0.00000000 0.0000e+00
7.8800 0.00000000 0.0000e+00
7.8850 0.00000000 0.0000e+00
7.8900 0.00000000 0.0000e+00
7.8950 0.00000000 0.0000e+00
7.9000 0.00000000 0.0000e+00
7.9050 0.00000000 0.0000e+00
7.9100 0.00000000 0.0000e+00
7.9150 0.00000000 0.0000e+00
7.9200 0.00000000 0.0000e+00
7.9250 0.00000000 0.0000e+00
7.9300 0.00000000 0.0000e+00
7.9350 0.00000000 0.0000e+00
7.9400 0.00000000 0.0000e+00
7.9450 0.00000000 0.0000e+00
7.9500 0.00000000 0.0000e+00
7.9550 0.00000000 0.0000e+00
7.9600 0.00000000 0.0000e+00
7.9650 0.00000000 0.0000e+00
7.9700 0.00000000 0.0000e+00
7.9750 0.00000000 0.0000e+00
7.9800 0.00000000 0.0000e+00
7.9850 0.00000000 0.0000e+00
7.9900 0.00000000 0.0000e+00
7.9950 0.00000000 0.0000e+00
8.0000 0.00000000 0.0000e+00
