0.0050 0.00000000 0.0000e+00
0.0100 0.00000000 0.0000e+00
0.0150 0.00000000 0.0000e+00
0.0200 0.00000000 0.0000e+00
0.0250 0.00000000 0.0000e+00
0.0300 0.00000000 0.0000e+00
0.0350 0.00000000 0.0000e+00
0.0400 0.00000000 0.0000e+00
0.0450 0.00000000 0.0000e+00
0.0500 0.00000000 0.0000e+00
0.0550 0.00000000 0.0000e+00
0.0600 0.00000000 0.0000e+00
0.0650 0.00000000 0.0000e+00
0.0700 0.00000000 0.0000e+00
0.0750 0.00000000 0.0000e+00
0.0800 0.00000000 0.0000e+00
0.0850 0.00000000 0.0000e+00
0.0900 0.00000000 0.0000e+00
0.0950 0.00000000 0.0000e+00
0.1000 0.00000000 0.0000e+00
0.1050 0.00000000 0.0000e+00
0.1100 0.00000000 0.0000e+00
0.1150 0.00000000 0.0000e+00
0.1200 0.00000000 0.0000e+00
0.1250 0.00000000 0.0000e+00
0.1300 0.00000000 0.0000e+00
0.1350 0.00000000 0.0000e+00
0.1400 0.00000000 0.0000e+00
0.1450 0.00000000 0.0000e+00
0.1500 0.00000000 0.0000e+00
0.1550 0.00000000 0.0000e+00
0.1600 0.00000000 0.0000e+00
0.1650 0.00000000 0.0000e+00
0.1700 0.00000000 0.0000e+00
0.1750 0.00000000 0.0000e+00
0.1800 0.00000000 0.0000e+00
0.1850 0.00000000 0.0000e+00
0.1900 0.00000000 0.0000e+00
0.1950 0.00000000 0.0000e+00
0.2000 0.00000000 0.0000e+00
0.2050 0.00000000 0.0000e+00
0.2100 0.00000000 0.0000e+00
0.2150 0.00000000 0.0000e+00
0.2200 0.00000000 0.0000e+00
0.2250 0.00000000 0.0000e+00
0.2300 0.00000000 0.0000e+00
0.2350 0.00000000 0.0000e+00
0.2400 0.00000000 0.0000e+00
0.2450 0.00000000 0.0000e+00
0.2500 0.00000000 0.0000e+00
0.2550 0.00000000 0.0000e+00
0.2600 0.00000000 0.0000e+00
0.2650 0.00000000 0.0000e+00
0.2700 0.00000000 0.0000e+00
0.2750 0.00000000 0.0000e+00
0.2800 0.00000000 0.0000e+00
0.2850 0.00000000 0.0000e+00
0.2900 0.00000000 0.0000e+00
0.2950 0.00000000 0.0000e+00
0.3000 0.00000000 0.0000e+00
0.3050 0.00000000 0.0000e+00
0.3100 0.00000000 0.0000e+00
0.3150 0.00000000 0.0000e+00
0.3200 0.00000000 0.0000e+00
0.3250 0.00000000 0.0000e+00
0.3300 0.00000000 0.0000e+00
0.3350 0.00000000 0.0000e+00
0.3400 0.00000000 0.0000e+00
0.3450 0.00000000 0.0000e+00
0.3500 0.00000000 0.0000e+00
0.3550 0.00000000 0.0000e+00
0.3600 0.00000000 0.0000e+00
0.3650 0.00000000 0.0000e+00
0.3700 0.00000000 0.0000e+00
0.3750 0.00000000 0.0000e+00
0.3800 0.00000000 0.0000e+00
0.3850 0.00000000 0.0000e+00
0.3900 0.00000000 0.0000e+00
0.3950 0.00000000 0.0000e+00
0.4000 0.00000000 0.0000e+00
0.4050 0.00000000 0.0000e+00
0.4100 0.00000000 0.0000e+00
0.4150 0.00000000 0.0000e+00
0.4200 0.00000000 0.0000e+00
0.4250 0.00000000 0.0000e+00
0.4300 0.00000000 0.0000e+00
0.4350 0.00000000 0.0000e+00
0.4400 0.00000000 0.0000e+00
0.4450 0.00000000 0.0000e+00
0.4500 0.00000000 0.0000e+00
0.4550 0.00000000 0.0000e+00
0.4600 0.00000000 0.0000e+00
0.4650 0.00000000 0.0000e+00
0.4700 0.00000000 0.0000e+00
0.4750 0.00000000 0.0000e+00
0.4800 0.00000000 0.0000e+00
0.4850 0.00000000 0.0000e+00
0.4900 0.00000000 0.0000e+00
0.4950 0.00000000 0.0000e+00
0.5000 0.00000000 0.0000e+00
0.5050 0.00000000 0.0000e+00
0.5100 0.00000000 0.0000e+00
0.5150 0.00000000 0.0000e+00
0.5200 0.00000000 0.0000e+00
0.5250 0.00000000 0.0000e+00
0.5300 0.00000000 0.0000e+00
0.5350 0.00000000 0.0000e+00
0.5400 0.00000000 0.0000e+00
0.5450 0.00000000 0.0000e+00
0.5500 0.00000000 0.0000e+00
0.5550 0.00000000 0.0000e+00
0.5600 0.00000000 0.0000e+00
0.5650 0.00000000 0.0000e+00
0.5700 0.00000000 0.0000e+00
0.5750 0.00000000 0.0000e+00
0.5800 0.00000000 0.0000e+00
0.5850 0.00000000 0.0000e+00
0.5900 0.00000000 0.0000e+00
0.5950 0.00000000 0.0000e+00
0.6000 0.00000000 0.0000e+00
0.6050 0.00000000 0.0000e+00
0.6100 0.00000000 0.0000e+00
0.6150 0.00000000 0.0000e+00
0.6200 0.00000000 0.0000e+00
0.6250 0.00000000 0.0000e+00
0.6300 0.00000000 0.0000e+00
0.6350 0.00000000 0.0000e+00
0.6400 0.00000000 0.0000e+00
0.6450 0.00000000 0.0000e+00
0.6500 0.00000000 0.0000e+00
0.6550 0.00000000 0.0000e+00
0.6600 0.00000000 0.0000e+00
0.6650 0.00000000 0.0000e+00
0.6700 0.00000000 0.0000e+00
0.6750 0.00000000 0.0000e+00
0.6800 0.00000000 0.0000e+00
0.6850 0.00000000 0.0000e+00
0.6900 0.00000000 0.0000e+00
0.6950 0.00000000 0.0000e+00
0.7000 0.00000000 0.0000e+00
0.7050 0.00000000 0.0000e+00
0.7100 0.00000000 0.0000e+00
0.7150 0.00000000 0.0000e+00
0.7200 0.00000000 0.0000e+00
0.7250 0.00000000 0.0000e+00
0.7300 0.00000000 0.0000e+00
0.7350 0.00000000 0.0000e+00
0.7400 0.00000000 0.0000e+00
0.7450 0.00000000 0.0000e+00
0.7500 0.00000000 0.0000e+00
0.7550 0.00000000 0.0000e+00
0.7600 0.00000000 0.0000e+00
0.7650 0.00000000 0.0000e+00
0.7700 0.00000000 0.0000e+00
0.7750 0.00000000 0.0000e+00
0.7800 0.00000000 0.0000e+00
0.7850 0.00000000 0.0000e+00
0.7900 0.00000000 0.0000e+00
0.7950 0.00000000 0.0000e+00
0.8000 0.00000000 0.0000e+00
0.8050 0.00000000 0.0000e+00
0.8100 0.00000000 0.0000e+00
0.8150 0.00000000 0.0000e+00
0.8200 0.00000000 0.0000e+00
0.8250 0.00000000 0.0000e+00
0.8300 0.00000000 0.0000e+00
0.8350 0.00000000 0.0000e+00
0.8400 0.00000000 0.0000e+00
0.8450 0.00000000 0.0000e+00
0.8500 0.00000000 0.0000e+00
0.8550 0.00000000 0.0000e+00
0.8600 0.00000000 0.0000e+00
0.8650 0.00000000 0.0000e+00
0.8700 0.00000000 0.0000e+00
0.8750 0.00000000 0.0000e+00
0.8800 0.00000000 0.0000e+00
0.8850 0.00000000 0.0000e+00
0.8900 0.00000000 0.0000e+00
0.8950 0.00000000 0.0000e+00
0.9000 0.00000000 0.0000e+00
0.9050 0.00000000 0.0000e+00
0.9100 0.00000000 0.0000e+00
0.9150 0.00000000 0.0000e+00
0.9200 0.00000000 0.0000e+00
0.9250 0.00000000 0.0000e+00
0.9300 0.00000000 0.0000e+00
0.9350 0.00000000 0.0000e+00
0.9400 0.00000000 0.0000e+00
0.9450 0.00000000 0.0000e+00
0.9500 0.00000000 0.0000e+00
0.9550 0.00000000 0.0000e+00
0.9600 0.00000000 0.0000e+00
0.9650 0.00000000 0.0000e+00
0.9700 0.00000000 0.0000e+00
0.9750 0.00000000 0.0000e+00
0.9800 0.00000000 0.0000e+00
0.9850 0.00000000 0.0000e+00
0.9900 0.00000000 0.0000e+00
0.9950 0.00000000 0.0000e+00
1.0000 0.00000000 0.0000e+00
1.0050 0.00000000 0.0000e+00
1.0100 0.00000000 0.0000e+00
1.0150 0.00000000 0.0000e+00
1.0200 0.00000000 0.0000e+00
1.0250 0.00000000 0.0000e+00
1.0300 0.00000000 0.0000e+00
1.0350 0.00000000 0.0000e+00
1.0400 0.00000000 0.0000e+00
1.0450 0.00000000 0.0000e+00
1.0500 0.00000000 0.0000e+00
1.0550 0.00000000 0.0000e+00
1.0600 0.00000000 0.0000e+00
1.0650 0.00000000 0.0000e+00
1.0700 0.00000000 0.0000e+00
1.0750 0.00000000 0.0000e+00
1.0800 0.00000000 0.0000e+00
1.0850 0.00000000 0.0000e+00
1.0900 0.00000000 0.0000e+00
1.0950 0.00000000 0.0000e+00
1.1000 0.00000000 0.0000e+00
1.1050 0.00000000 0.0000e+00
1.1100 0.00000000 0.0000e+00
1.1150 0.00000000 0.0000e+00
1.1200 0.00000000 0.0000e+00
1.1250 0.00000000 0.0000e+00
1.1300 0.00000000 0.0000e+00
1.1350 0.00000000 0.0000e+00
1.1400 0.00000000 0.0000e+00
1.1450 0.00000000 0.0000e+00
1.1500 0.00000000 0.0000e+00
1.1550 0.00000000 0.0000e+00
1.1600 0.00000000 0.0000e+00
1.1650 0.00000000 0.0000e+00
1.1700 0.00000000 0.0000e+00
1.1750 0.00000000 0.0000e+00
1.1800 0.00000000 0.0000e+00
1.1850 0.00000000 0.0000e+00
1.1900 0.00000000 0.0000e+00
1.1950 0.00000000 0.0000e+00
1.2000 0.00000000 0.0000e+00
1.2050 0.00000000 0.0000e+00
1.2100 0.00000000 0.0000e+00
1.2150 0.00000000 0.0000e+00
1.2200 0.00000000 0.0000e+00
1.2250 0.00000000 0.0000e+00
1.2300 0.00000000 0.0000e+00
1.2350 0.00000000 0.0000e+00
1.2400 0.00000000 0.0000e+00
1.2450 0.00000000 0.0000e+00
1.2500 0.00000000 0.0000e+00
1.2550 0.00000000 0.0000e+00
1.2600 0.00000000 0.0000e+00
1.2650 0.00000000 0.0000e+00
1.2700 0.00000000 0.0000e+00
1.2750 0.00000000 0.0000e+00
1.2800 0.00000000 0.0000e+00
1.2850 0.00000000 0.0000e+00
1.2900 0.00000000 0.0000e+00
1.2950 0.00000000 0.0000e+00
1.3000 0.00000000 0.0000e+00
1.3050 0.00000000 0.0000e+00
1.3100 0.00000000 0.0000e+00
1.3150 0.00000000 0.0000e+00
1.3200 0.00000000 0.0000e+00
1.3250 0.00000000 0.0000e+00
1.3300 0.00000000 0.0000e+00
1.3350 0.00000000 0.0000e+00
1.3400 0.00000000 0.0000e+00
1.3450 0.00000000 0.0000e+00
1.3500 0.00000000 0.0000e+00
1.3550 0.00000000 0.0000e+00
1.3600 0.00000000 0.0000e+00
1.3650 0.00000000 0.0000e+00
1.3700 0.00000000 0.0000e+00
1.3750 0.00000000 0.0000e+00
1.3800 0.00000000 0.0000e+00
1.3850 0.00000000 0.0000e+00
1.3900 0.00000000 0.0000e+00
1.3950 0.00000000 0.0000e+00
1.4000 0.00000000 0.0000e+00
1.4050 0.00000000 0.0000e+00
1.4100 0.00000000 0.0000e+00
1.4150 0.00000000 0.0000e+00
1.4200 0.00000000 0.0000e+00
1.4250 0.00000000 0.0000e+00
1.4300 0.00000000 0.0000e+00
1.4350 0.00000000 0.0000e+00
1.4400 0.00000000 0.0000e+00
1.4450 0.00000000 0.0000e+00
1.4500 0.00000000 0.0000e+00
1.4550 0.00000000 0.0000e+00
1.4600 0.00000000 0.0000e+00
1.4650 0.00000000 0.0000e+00
1.4700 0.00000000 0.0000e+00
1.4750 0.00000000 0.0000e+00
1.4800 0.00000000 0.0000e+00
1.4850 0.00000000 0.0000e+00
1.4900 0.00000000 0.0000e+00
1.4950 0.00000000 0.0000e+00
1.5000 0.00000000 0.0000e+00
1.5050 0.00000000 0.0000e+00
1.5100 0.00000000 0.0000e+00
1.5150 0.00000000 0.0000e+00
1.5200 0.00000000 0.0000e+00
1.5250 0.00000000 0.0000e+00
1.5300 0.00000000 0.0000e+00
1.5350 0.00000000 0.0000e+00
1.5400 0.00000000 0.0000e+00
1.5450 0.00000000 0.0000e+00
1.5500 0.00000000 0.0000e+00
1.5550 0.00000000 0.0000e+00
1.5600 0.00000000 0.0000e+00
1.5650 0.00000000 0.0000e+00
1.5700 0.00000000 0.0000e+00
1.5750 0.00000000 0.0000e+00
1.5800 0.00000000 0.0000e+00
1.5850 0.00000000 0.0000e+00
1.5900 0.00000000 0.0000e+00
1.5950 0.00000000 0.0000e+00
1.6000 0.00000000 0.0000e+00
1.6050 0.00000000 0.0000e+00
1.6100 0.00000000 0.0000e+00
1.6150 0.00000000 0.0000e+00
1.6200 0.00000000 0.0000e+00
1.6250 0.00000000 0.0000e+00
1.6300 0.00000000 0.0000e+00
1.6350 0.00000000 0.0000e+00
1.6400 0.00000000 0.0000e+00
1.6450 0.00000000 0.0000e+00
1.6500 0.00000000 0.0000e+00
1.6550 0.00000000 0.0000e+00
1.6600 0.00000000 0.0000e+00
1.6650 0.00000000 0.0000e+00
1.6700 0.00000000 0.0000e+00
1.6750 0.00000000 0.0000e+00
1.6800 0.00000000 0.0000e+00
1.6850 0.00000000 0.0000e+00
1.6900 0.00000000 0.0000e+00
1.6950 0.00000000 0.0000e+00
1.7000 0.00000000 0.0000e+00
1.7050 0.00000000 0.0000e+00
1.7100 0.00000000 0.0000e+00
1.7150 0.00000000 0.0000e+00
1.7200 0.00000000 0.0000e+00
1.7250 0.00000000 0.0000e+00
1.7300 0.00000000 0.0000e+00
1.7350 0.00000000 0.0000e+00
1.7400 0.00000000 0.0000e+00
1.7450 0.00000000 0.0000e+00
1.7500 0.00000000 0.0000e+00
1.7550 0.00000000 0.0000e+00
1.7600 0.00000000 0.0000e+00
1.7650 0.00000000 0.0000e+00
1.7700 0.00000000 0.0000e+00
1.7750 0.00000000 0.0000e+00
1.7800 0.00000000 0.0000e+00
1.7850 0.00000000 0.0000e+00
1.7900 0.00000000 0.0000e+00
1.7950 0.00000000 0.0000e+00
1.8000 0.00000000 0.0000e+00
1.8050 0.00000000 0.0000e+00
1.8100 0.00000000 0.0000e+00
1.8150 0.00000000 0.0000e+00
1.8200 0.00000000 0.0000e+00
1.8250 0.00000000 0.0000e+00
1.8300 0.00000000 0.0000e+00
1.8350 0.00000000 0.0000e+00
1.8400 0.00000000 0.0000e+00
1.8450 0.00000000 0.0000e+00
1.8500 0.00000000 0.0000e+00
1.8550 0.00000000 0.0000e+00
1.8600 0.00000000 0.0000e+00
1.8650 0.00000000 0.0000e+00
1.8700 0.00000000 0.0000e+00
1.8750 0.00000000 0.0000e+00
1.8800 0.00000000 0.0000e+00
1.8850 0.00000000 0.0000e+00
1.8900 0.00000000 0.0000e+00
1.8950 0.00000000 0.0000e+00
1.9000 0.00000000 0.0000e+00
1.9050 0.00000000 0.0000e+00
1.9100 0.00000000 0.0000e+00
1.9150 0.00000000 0.0000e+00
1.9200 0.00000000 0.0000e+00
1.9250 0.00000000 0.0000e+00
1.9300 0.00000000 0.0000e+00
1.9350 0.00000000 0.0000e+00
1.9400 0.00000000 0.0000e+00
1.9450 0.00000000 0.0000e+00
1.9500 0.00000000 0.0000e+00
1.9550 0.00000000 0.0000e+00
1.9600 0.00000000 0.0000e+00
1.9650 0.00000000 0.0000e+00
1.9700 0.00000000 0.0000e+00
1.9750 0.00000000 0.0000e+00
1.9800 0.00000000 0.0000e+00
1.9850 0.00000000 0.0000e+00
1.9900 0.00000000 0.0000e+00
1.9950 0.00000000 0.0000e+00
2.0000 0.00000000 0.0000e+00
2.0050 0.00000000 0.0000e+00
2.0100 0.00000000 0.0000e+00
2.0150 0.00000000 0.0000e+00
2.0200 0.00000000 0.0000e+00
2.0250 0.00000000 0.0000e+00
2.0300 0.00000000 0.0000e+00
2.0350 0.00000000 0.0000e+00
2.0400 0.00000000 0.0000e+00
2.0450 0.00000000 0.0000e+00
2.0500 0.00000000 0.0000e+00
2.0550 0.00000000 0.0000e+00
2.0600 0.00000000 0.0000e+00
2.0650 0.00000000 0.0000e+00
2.0700 0.00000000 0.0000e+00
2.0750 0.00000000 0.0000e+00
2.0800 0.00000000 0.0000e+00
2.0850 0.00000000 0.0000e+00
2.0900 0.00000000 0.0000e+00
2.0950 0.00000000 0.0000e+00
2.1000 0.00000000 0.0000e+00
2.1050 0.00000000 0.0000e+00
2.1100 0.00000000 0.0000e+00
2.1150 0.00941118 6.4318e+10
2.1200 0.00983893 6.7241e+10
2.1250 0.01026667 7.0164e+10
2.1300 0.01069441 7.3088e+10
2.1350 0.01112215 7.6011e+10
2.1400 0.01154989 7.8934e+10
2.1450 0.01197763 8.1858e+10
2.1500 0.01240537 8.4781e+10
2.1550 0.01283311 8.7704e+10
2.1600 0.01326086 9.0627e+10
2.1650 0.01368860 9.3551e+10
2.1700 0.01411634 9.6474e+10
2.1750 0.01454408 9.9397e+10
2.1800 0.01497182 1.0232e+11
2.1850 0.01539956 1.0524e+11
2.1900 0.01582730 1.0817e+11
2.1950 0.01625504 1.1109e+11
2.2000 0.01668279 1.1401e+11
2.2050 0.01711053 1.1694e+11
2.2100 0.01753827 1.1986e+11
2.2150 0.01796601 1.2278e+11
2.2200 0.01839375 1.2571e+11
2.2250 0.01882149 1.2863e+11
2.2300 0.01924923 1.3155e+11
2.2350 0.01967697 1.3448e+11
2.2400 0.02010471 1.3740e+11
2.2450 0.02053246 1.4032e+11
2.2500 0.02096020 1.4325e+11
2.2550 0.02138794 1.4617e+11
2.2600 0.02181568 1.4909e+11
2.2650 0.02224342 1.5202e+11
2.2700 0.02267116 1.5494e+11
2.2750 0.02309890 1.5786e+11
2.2800 0.02352664 1.6079e+11
2.2850 0.02395439 1.6371e+11
2.2900 0.02438213 1.6663e+11
2.2950 0.02480987 1.6956e+11
2.3000 0.02523761 1.7248e+11
2.3050 0.02566535 1.7540e+11
2.3100 0.02609309 1.7833e+11
2.3150 0.02652083 1.8125e+11
2.3200 0.02694857 1.8417e+11
2.3250 0.02737632 1.8710e+11
2.3300 0.02780406 1.9002e+11
2.3350 0.02823180 1.9294e+11
2.3400 0.02865954 1.9586e+11
2.3450 0.02908728 1.9879e+11
2.3500 0.02951502 2.0171e+11
2.3550 0.02994276 2.0463e+11
2.3600 0.03037050 2.0756e+11
2.3650 0.03079824 2.1048e+11
2.3700 0.03122599 2.1340e+11
2.3750 0.03165373 2.1633e+11
2.3800 0.03208147 2.1925e+11
2.3850 0.03250921 2.2217e+11
2.3900 0.03293695 2.2510e+11
2.3950 0.03336469 2.2802e+11
2.4000 0.03379243 2.3094e+11
2.4050 0.03422017 2.3387e+11
2.4100 0.03464792 2.3679e+11
2.4150 0.03507925 2.3974e+11
2.4200 0.03618131 2.4727e+11
2.4250 0.03728337 2.5480e+11
2.4300 0.03838543 2.6233e+11
2.4350 0.03948749 2.6987e+11
2.4400 0.04058955 2.7740e+11
2.4450 0.04169161 2.8493e+11
2.4500 0.04279367 2.9246e+11
2.4550 0.04389573 2.9999e+11
2.4600 0.04499779 3.0752e+11
2.4650 0.04609985 3.1506e+11
2.4700 0.04720191 3.2259e+11
2.4750 0.04830397 3.3012e+11
2.4800 0.04940603 3.3765e+11
2.4850 0.05050809 3.4518e+11
2.4900 0.05161015 3.5271e+11
2.4950 0.05271221 3.6025e+11
2.5000 0.05381427 3.6778e+11
2.5050 0.05491633 3.7531e+11
2.5100 0.05601839 3.8284e+11
2.5150 0.05712045 3.9037e+11
2.5200 0.05822251 3.9790e+11
2.5250 0.05932457 4.0544e+11
2.5300 0.06042663 4.1297e+11
2.5350 0.06152869 4.2050e+11
2.5400 0.06263075 4.2803e+11
2.5450 0.06373281 4.3556e+11
2.5500 0.06483487 4.4309e+11
2.5550 0.06593693 4.5063e+11
2.5600 0.06703899 4.5816e+11
2.5650 0.06814105 4.6569e+11
2.5700 0.06924310 4.7322e+11
2.5750 0.07034516 4.8075e+11
2.5800 0.07144722 4.8828e+11
2.5850 0.07254928 4.9582e+11
2.5900 0.07365134 5.0335e+11
2.5950 0.07542122 5.1544e+11
2.6000 0.07737175 5.2877e+11
2.6050 0.07932228 5.4210e+11
2.6100 0.08127281 5.5543e+11
2.6150 0.08322335 5.6876e+11
2.6200 0.08517388 5.8210e+11
2.6250 0.08712441 5.9543e+11
2.6300 0.08907494 6.0876e+11
2.6350 0.09102547 6.2209e+11
2.6400 0.09297601 6.3542e+11
2.6450 0.09492654 6.4875e+11
2.6500 0.09687707 6.6208e+11
2.6550 0.09882760 6.7541e+11
2.6600 0.10077813 6.8874e+11
2.6650 0.10272867 7.0207e+11
2.6700 0.10467920 7.1540e+11
2.6750 0.10662973 7.2873e+11
2.6800 0.10858026 7.4206e+11
2.6850 0.11053079 7.5539e+11
2.6900 0.11248133 7.6872e+11
2.6950 0.11443186 7.8205e+11
2.7000 0.11638239 7.9538e+11
2.7050 0.11833292 8.0871e+11
2.7100 0.12028345 8.2204e+11
2.7150 0.12223399 8.3537e+11
2.7200 0.12492918 8.5379e+11
2.7250 0.12781131 8.7349e+11
2.7300 0.13069345 8.9319e+11
2.7350 0.13357558 9.1288e+11
2.7400 0.13645772 9.3258e+11
2.7450 0.13933985 9.5228e+11
2.7500 0.14222199 9.7197e+11
2.7550 0.14510412 9.9167e+11
2.7600 0.14798626 1.0114e+12
2.7650 0.15086840 1.0311e+12
2.7700 0.15375053 1.0508e+12
2.7750 0.15663267 1.0705e+12
2.7800 0.15951480 1.0902e+12
2.7850 0.16239694 1.1099e+12
2.7900 0.16527907 1.1296e+12
2.7950 0.16816121 1.1492e+12
2.8000 0.17104334 1.1689e+12
2.8050 0.17392548 1.1886e+12
2.8100 0.17680761 1.2083e+12
2.8150 0.18008674 1.2307e+12
2.8200 0.18392016 1.2569e+12
2.8250 0.18775357 1.2831e+12
2.8300 0.19158699 1.3093e+12
2.8350 0.19542040 1.3355e+12
2.8400 0.19925381 1.3617e+12
2.8450 0.20308723 1.3879e+12
2.8500 0.20692064 1.4141e+12
2.8550 0.21075405 1.4403e+12
2.8600 0.21458747 1.4665e+12
2.8650 0.21842088 1.4927e+12
2.8700 0.22225429 1.5189e+12
2.8750 0.22608771 1.5451e+12
2.8800 0.22992112 1.5713e+12
2.8850 0.23375454 1.5975e+12
2.8900 0.23758795 1.6237e+12
2.8950 0.24193324 1.6534e+12
2.9000 0.24664756 1.6856e+12
2.9050 0.25136188 1.7179e+12
2.9100 0.25607619 1.7501e+12
2.9150 0.26079051 1.7823e+12
2.9200 0.26550483 1.8145e+12
2.9250 0.27021915 1.8467e+12
2.9300 0.27493347 1.8790e+12
2.9350 0.27964779 1.9112e+12
2.9400 0.28436211 1.9434e+12
2.9450 0.28907642 1.9756e+12
2.9500 0.29379074 2.0078e+12
2.9550 0.29850506 2.0400e+12
2.9600 0.30336828 2.0733e+12
2.9650 0.30885923 2.1108e+12
2.9700 0.31435018 2.1483e+12
2.9750 0.31984113 2.1859e+12
2.9800 0.32533208 2.2234e+12
2.9850 0.33082303 2.2609e+12
2.9900 0.33631398 2.2984e+12
2.9950 0.34180493 2.3360e+12
3.0000 0.34729588 2.3735e+12
3.0050 0.35278683 2.4110e+12
3.0100 0.35827778 2.4485e+12
3.0150 0.36376873 2.4861e+12
3.0200 0.36969082 2.5265e+12
3.0250 0.37590840 2.5690e+12
3.0300 0.38212599 2.6115e+12
3.0350 0.38834357 2.6540e+12
3.0400 0.39456116 2.6965e+12
3.0450 0.40077874 2.7390e+12
3.0500 0.40699632 2.7815e+12
3.0550 0.41321391 2.8240e+12
3.0600 0.41943149 2.8665e+12
3.0650 0.42564908 2.9090e+12
3.0700 0.43206708 2.9528e+12
3.0750 0.43883703 2.9991e+12
3.0800 0.44560698 3.0454e+12
3.0850 0.45237694 3.0916e+12
3.0900 0.45914689 3.1379e+12
3.0950 0.46591684 3.1842e+12
3.1000 0.47268680 3.2304e+12
3.1050 0.47945675 3.2767e+12
3.1100 0.48622670 3.3230e+12
3.1150 0.49308821 3.3699e+12
3.1200 0.50029141 3.4191e+12
3.1250 0.50749460 3.4683e+12
3.1300 0.51469780 3.5175e+12
3.1350 0.52190100 3.5668e+12
3.1400 0.52910419 3.6160e+12
3.1450 0.53630739 3.6652e+12
3.1500 0.54351058 3.7145e+12
3.1550 0.55071378 3.7637e+12
3.1600 0.55825793 3.8152e+12
3.1650 0.56582665 3.8670e+12
3.1700 0.57339536 3.9187e+12
3.1750 0.58096408 3.9704e+12
3.1800 0.58853280 4.0222e+12
3.1850 0.59610151 4.0739e+12
3.1900 0.60367023 4.1256e+12
3.1950 0.61130750 4.1778e+12
3.2000 0.61905898 4.2308e+12
3.2050 0.62681046 4.2837e+12
3.2100 0.63456194 4.3367e+12
3.2150 0.64231343 4.3897e+12
3.2200 0.65006491 4.4427e+12
3.2250 0.65781639 4.4956e+12
3.2300 0.66560724 4.5489e+12
3.2350 0.67345186 4.6025e+12
3.2400 0.68129648 4.6561e+12
3.2450 0.68914110 4.7097e+12
3.2500 0.69698571 4.7633e+12
3.2550 0.70483033 4.8170e+12
3.2600 0.71267495 4.8706e+12
3.2650 0.72052696 4.9242e+12
3.2700 0.72837907 4.9779e+12
3.2750 0.73623118 5.0316e+12
3.2800 0.74408329 5.0852e+12
3.2850 0.75193541 5.1389e+12
3.2900 0.75978752 5.1925e+12
3.2950 0.76736376 5.2443e+12
3.3000 0.77493809 5.2961e+12
3.3050 0.78251241 5.3478e+12
3.3100 0.79008674 5.3996e+12
3.3150 0.79766106 5.4514e+12
3.3200 0.80526749 5.5034e+12
3.3250 0.81292468 5.5557e+12
3.3300 0.82058187 5.6080e+12
3.3350 0.82823907 5.6604e+12
3.3400 0.83589626 5.7127e+12
3.3450 0.84349637 5.7646e+12
3.3500 0.85068386 5.8137e+12
3.3550 0.85787135 5.8629e+12
3.3600 0.86505884 5.9120e+12
3.3650 0.87224634 5.9611e+12
3.3700 0.87937507 6.0098e+12
3.3750 0.88618789 6.0564e+12
3.3800 0.89300071 6.1029e+12
3.3850 0.89981353 6.1495e+12
3.3900 0.90662635 6.1961e+12
3.3950 0.91350534 6.2431e+12
3.4000 0.92046181 6.2906e+12
3.4050 0.92741828 6.3382e+12
3.4100 0.93437476 6.3857e+12
3.4150 0.94132632 6.4332e+12
3.4200 0.94736231 6.4745e+12
3.4250 0.95339829 6.5157e+12
3.4300 0.95943428 6.5570e+12
3.4350 0.96547026 6.5982e+12
3.4400 0.97110459 6.6367e+12
3.4450 0.97661723 6.6744e+12
3.4500 0.98212987 6.7121e+12
3.4550 0.98764251 6.7497e+12
3.4600 0.99321923 6.7879e+12
3.4650 0.99882004 6.8261e+12
3.4700 1.00442085 6.8644e+12
3.4750 1.01002167 6.9027e+12
3.4800 1.01462825 6.9342e+12
3.4850 1.01908068 6.9646e+12
3.4900 1.02353310 6.9950e+12
3.4950 1.02802749 7.0257e+12
3.5000 1.03272805 7.0579e+12
3.5050 1.03742861 7.0900e+12
3.5100 1.04212917 7.1221e+12
3.5150 1.04593128 7.1481e+12
3.5200 1.04919047 7.1704e+12
3.5250 1.05244966 7.1927e+12
3.5300 1.05592986 7.2164e+12
3.5350 1.06020911 7.2457e+12
3.5400 1.06448836 7.2749e+12
3.5450 1.06876761 7.3042e+12
3.5500 1.07083786 7.3183e+12
3.5550 1.07276354 7.3315e+12
3.5600 1.07468922 7.3446e+12
3.5650 1.07680802 7.3591e+12
3.5700 1.07898137 7.3740e+12
3.5750 1.08115473 7.3888e+12
3.5800 1.08380759 7.4070e+12
3.5850 1.08663625 7.4263e+12
3.5900 1.08946490 7.4456e+12
3.5950 1.09045519 7.4524e+12
3.6000 1.09094816 7.4558e+12
3.6050 1.09144113 7.4591e+12
3.6100 1.09173615 7.4611e+12
3.6150 1.09201832 7.4631e+12
3.6200 1.09213876 7.4639e+12
3.6250 1.09152911 7.4597e+12
3.6300 1.09091946 7.4556e+12
3.6350 1.09105305 7.4565e+12
3.6400 1.09190493 7.4623e+12
3.6450 1.09275681 7.4681e+12
3.6500 1.09032411 7.4515e+12
3.6550 1.08758843 7.4328e+12
3.6600 1.08549500 7.4185e+12
3.6650 1.08437415 7.4108e+12
3.6700 1.08325329 7.4032e+12
3.6750 1.08238102 7.3972e+12
3.6800 1.08152160 7.3913e+12
3.6850 1.08001340 7.3810e+12
3.6900 1.07801773 7.3674e+12
3.6950 1.07521496 7.3482e+12
3.7000 1.07004934 7.3129e+12
3.7050 1.06488372 7.2776e+12
3.7100 1.06288525 7.2640e+12
3.7150 1.06089183 7.2503e+12
3.7200 1.05628465 7.2189e+12
3.7250 1.05102130 7.1829e+12
3.7300 1.04741209 7.1582e+12
3.7350 1.04467583 7.1395e+12
3.7400 1.04050378 7.1110e+12
3.7450 1.03521032 7.0748e+12
3.7500 1.02992697 7.0387e+12
3.7550 1.02465306 7.0027e+12
3.7600 1.01996606 6.9707e+12
3.7650 1.01581913 6.9423e+12
3.7700 1.00927534 6.8976e+12
3.7750 1.00091473 6.8405e+12
3.7800 0.99434334 6.7955e+12
3.7850 0.98869463 6.7569e+12
3.7900 0.98292027 6.7175e+12
3.7950 0.97711287 6.6778e+12
3.8000 0.97195300 6.6425e+12
3.8050 0.96635215 6.6042e+12
3.8100 0.95851077 6.5507e+12
3.8150 0.95006678 6.4929e+12
3.8200 0.94078143 6.4295e+12
3.8250 0.93455654 6.3869e+12
3.8300 0.92960847 6.3531e+12
3.8350 0.91985701 6.2865e+12
3.8400 0.90963521 6.2166e+12
3.8450 0.89856317 6.1410e+12
3.8500 0.88768851 6.0666e+12
3.8550 0.87715993 5.9947e+12
3.8600 0.86833166 5.9344e+12
3.8650 0.86101993 5.8844e+12
3.8700 0.85464145 5.8408e+12
3.8750 0.84313352 5.7621e+12
3.8800 0.83518727 5.7078e+12
3.8850 0.83019248 5.6737e+12
3.8900 0.81906811 5.5977e+12
3.8950 0.80533535 5.5038e+12
3.9000 0.79113285 5.4068e+12
3.9050 0.78522450 5.3664e+12
3.9100 0.77569258 5.3012e+12
3.9150 0.76446839 5.2245e+12
3.9200 0.75253178 5.1430e+12
3.9250 0.73640414 5.0327e+12
3.9300 0.72620571 4.9630e+12
3.9350 0.71750305 4.9036e+12
3.9400 0.70403037 4.8115e+12
3.9450 0.69450388 4.7464e+12
3.9500 0.68282632 4.6666e+12
3.9550 0.66939439 4.5748e+12
3.9600 0.65621888 4.4847e+12
3.9650 0.64875307 4.4337e+12
3.9700 0.63900310 4.3671e+12
3.9750 0.62928113 4.3006e+12
3.9800 0.61859111 4.2276e+12
3.9850 0.60451595 4.1314e+12
3.9900 0.58816384 4.0196e+12
3.9950 0.58005645 3.9642e+12
4.0000 0.56361101 3.8518e+12
4.0050 0.55827141 3.8153e+12
4.0100 0.54462766 3.7221e+12
4.0150 0.52793345 3.6080e+12
4.0200 0.51461724 3.5170e+12
4.0250 0.50638107 3.4607e+12
4.0300 0.49726466 3.3984e+12
4.0350 0.48509775 3.3153e+12
4.0400 0.47420455 3.2408e+12
4.0450 0.46247460 3.1606e+12
4.0500 0.45112471 3.0831e+12
4.0550 0.44137189 3.0164e+12
4.0600 0.43000410 2.9387e+12
4.0650 0.41947110 2.8667e+12
4.0700 0.41036190 2.8045e+12
4.0750 0.39989235 2.7329e+12
4.0800 0.38770813 2.6497e+12
4.0850 0.37778235 2.5818e+12
4.0900 0.36632927 2.5036e+12
4.0950 0.35195707 2.4053e+12
4.1000 0.34672965 2.3696e+12
4.1050 0.33496063 2.2892e+12
4.1100 0.32094378 2.1934e+12
4.1150 0.31787325 2.1724e+12
4.1200 0.30253831 2.0676e+12
4.1250 0.29433626 2.0116e+12
4.1300 0.28670338 1.9594e+12
4.1350 0.27440771 1.8754e+12
4.1400 0.26704055 1.8250e+12
4.1450 0.25205675 1.7226e+12
4.1500 0.24641373 1.6840e+12
4.1550 0.24023032 1.6418e+12
4.1600 0.22739915 1.5541e+12
4.1650 0.22352585 1.5276e+12
4.1700 0.21178176 1.4474e+12
4.1750 0.20903093 1.4286e+12
4.1800 0.19586839 1.3386e+12
4.1850 0.18901693 1.2918e+12
4.1900 0.18289886 1.2500e+12
4.1950 0.17607522 1.2033e+12
4.2000 0.16980301 1.1605e+12
4.2050 0.16270453 1.1120e+12
4.2100 0.14974547 1.0234e+12
4.2150 0.14704713 1.0049e+12
4.2200 0.14077441 9.6208e+11
4.2250 0.13623679 9.3107e+11
4.2300 0.12841397 8.7761e+11
4.2350 0.12457119 8.5134e+11
4.2400 0.11647912 7.9604e+11
4.2450 0.11274742 7.7054e+11
4.2500 0.10723473 7.3286e+11
4.2550 0.10234380 6.9944e+11
4.2600 0.09684606 6.6187e+11
4.2650 0.09129527 6.2393e+11
4.2700 0.08643130 5.9069e+11
4.2750 0.08128773 5.5554e+11
4.2800 0.07871483 5.3795e+11
4.2850 0.07759305 5.3029e+11
4.2900 0.06935679 4.7400e+11
4.2950 0.06660119 4.5517e+11
4.3000 0.06159679 4.2096e+11
4.3050 0.05913817 4.0416e+11
4.3100 0.05568669 3.8057e+11
4.3150 0.05262891 3.5968e+11
4.3200 0.04741579 3.2405e+11
4.3250 0.04567763 3.1217e+11
4.3300 0.04159011 2.8424e+11
4.3350 0.04095917 2.7992e+11
4.3400 0.03712948 2.5375e+11
4.3450 0.03592496 2.4552e+11
4.3500 0.03445932 2.3550e+11
4.3550 0.03054046 2.0872e+11
4.3600 0.02923846 1.9982e+11
4.3650 0.02602133 1.7783e+11
4.3700 0.02617219 1.7887e+11
4.3750 0.02306705 1.5764e+11
4.3800 0.02233775 1.5266e+11
4.3850 0.01922020 1.3135e+11
4.3900 0.01956055 1.3368e+11
4.3950 0.01723334 1.1778e+11
4.4000 0.01422307 9.7203e+10
4.4050 0.01511736 1.0332e+11
4.4100 0.01293541 8.8403e+10
4.4150 0.01246105 8.5161e+10
4.4200 0.01147131 7.8397e+10
4.4250 0.00847204 5.7900e+10
4.4300 0.00838296 5.7291e+10
4.4350 0.00860161 5.8785e+10
4.4400 0.00811526 5.5461e+10
4.4450 0.00858198 5.8651e+10
4.4500 0.00674098 4.6069e+10
4.4550 0.00599945 4.1001e+10
4.4600 0.00488647 3.3395e+10
4.4650 0.00512611 3.5033e+10
4.4700 0.00621770 4.2493e+10
4.4750 0.00387393 2.6475e+10
4.4800 0.00594515 4.0630e+10
4.4850 0.00287425 1.9643e+10
4.4900 0.00343559 2.3479e+10
4.4950 0.00346503 2.3681e+10
4.5000 0.00274060 1.8730e+10
4.5050 0.00248299 1.6969e+10
4.5100 0.00167299 1.1434e+10
4.5150 0.00125265 8.5609e+09
4.5200 0.00181006 1.2370e+10
4.5250 0.00191501 1.3088e+10
4.5300 0.00149677 1.0229e+10
4.5350 0.00143365 9.7978e+09
4.5400 0.00102603 7.0121e+09
4.5450 0.00072007 4.9211e+09
4.5500 0.00076118 5.2020e+09
4.5550 0.00094250 6.4413e+09
4.5600 0.00071512 4.8873e+09
4.5650 0.00049880 3.4089e+09
4.5700 0.00137303 9.3835e+09
4.5750 0.00059805 4.0872e+09
4.5800 0.00032667 2.2325e+09
4.5850 0.00061487 4.2021e+09
4.5900 0.00044294 3.0272e+09
4.5950 0.00025670 1.7543e+09
4.6000 0.00025970 1.7749e+09
4.6050 0.00028864 1.9726e+09
4.6100 0.00057060 3.8996e+09
4.6150 0.00062050 4.2406e+09
4.6200 0.00025429 1.7379e+09
4.6250 0.00052043 3.5567e+09
4.6300 0.00053260 3.6399e+09
4.6350 0.00045430 3.1048e+09
4.6400 0.00028854 1.9720e+09
4.6450 0.00029634 2.0253e+09
4.6500 0.00036729 2.5101e+09
4.6550 0.00043823 2.9949e+09
4.6600 0.00050917 3.4798e+09
4.6650 0.00058012 3.9646e+09
4.6700 0.00061547 4.2062e+09
4.6750 0.00050146 3.4271e+09
4.6800 0.00038745 2.6479e+09
4.6850 0.00000000 0.0000e+00
4.6900 0.00000000 0.0000e+00
4.6950 0.00000000 0.0000e+00
4.7000 0.00000000 0.0000e+00
4.7050 0.00000000 0.0000e+00
4.7100 0.00000000 0.0000e+00
4.7150 0.00000000 0.0000e+00
4.7200 0.00000000 0.0000e+00
4.7250 0.00000000 0.0000e+00
4.7300 0.00000000 0.0000e+00
4.7350 0.00000000 0.0000e+00
4.7400 0.00000000 0.0000e+00
4.7450 0.00000000 0.0000e+00
4.7500 0.00000000 0.0000e+00
4.7550 0.00000000 0.0000e+00
4.7600 0.00000000 0.0000e+00
4.7650 0.00000000 0.0000e+00
4.7700 0.00000000 0.0000e+00
4.7750 0.00000000 0.0000e+00
4.7800 0.00000000 0.0000e+00
4.7850 0.00000000 0.0000e+00
4.7900 0.00000000 0.0000e+00
4.7950 0.00000000 0.0000e+00
4.8000 0.00000000 0.0000e+00
4.8050 0.00000000 0.0000e+00
4.8100 0.00000000 0.0000e+00
4.8150 0.00000000 0.0000e+00
4.8200 0.00000000 0.0000e+00
4.8250 0.00000000 0.0000e+00
4.8300 0.00000000 0.0000e+00
4.8350 0.00000000 0.0000e+00
4.8400 0.00000000 0.0000e+00
4.8450 0.00000000 0.0000e+00
4.8500 0.00000000 0.0000e+00
4.8550 0.00000000 0.0000e+00
4.8600 0.00000000 0.0000e+00
4.8650 0.00000000 0.0000e+00
4.8700 0.00000000 0.0000e+00
4.8750 0.00000000 0.0000e+00
4.8800 0.00000000 0.0000e+00
4.8850 0.00000000 0.0000e+00
4.8900 0.00000000 0.0000e+00
4.8950 0.00000000 0.0000e+00
4.9000 0.00000000 0.0000e+00
4.9050 0.00000000 0.0000e+00
4.9100 0.00000000 0.0000e+00
4.9150 0.00000000 0.0000e+00
4.9200 0.00000000 0.0000e+00
4.9250 0.00000000 0.0000e+00
4.9300 0.00000000 0.0000e+00
4.9350 0.00000000 0.0000e+00
4.9400 0.00000000 0.0000e+00
4.9450 0.00000000 0.0000e+00
4.9500 0.00000000 0.0000e+00
4.9550 0.00000000 0.0000e+00
4.9600 0.00000000 0.0000e+00
4.9650 0.00000000 0.0000e+00
4.9700 0.00000000 0.0000e+00
4.9750 0.00000000 0.0000e+00
4.9800 0.00000000 0.0000e+00
4.9850 0.00000000 0.0000e+00
4.9900 0.00000000 0.0000e+00
4.9950 0.00000000 0.0000e+00
5.0000 0.00000000 0.0000e+00
5.0050 0.00000000 0.0000e+00
5.0100 0.00000000 0.0000e+00
5.0150 0.00000000 0.0000e+00
5.0200 0.00000000 0.0000e+00
5.0250 0.00000000 0.0000e+00
5.0300 0.00000000 0.0000e+00
5.0350 0.00000000 0.0000e+00
5.0400 0.00000000 0.0000e+00
5.0450 0.00000000 0.0000e+00
5.0500 0.00000000 0.0000e+00
5.0550 0.00000000 0.0000e+00
5.0600 0.00000000 0.0000e+00
5.0650 0.00000000 0.0000e+00
5.0700 0.00000000 0.0000e+00
5.0750 0.00000000 0.0000e+00
5.0800 0.00000000 0.0000e+00
5.0850 0.00000000 0.0000e+00
5.0900 0.00000000 0.0000e+00
5.0950 0.00000000 0.0000e+00
5.1000 0.00000000 0.0000e+00
5.1050 0.00000000 0.0000e+00
5.1100 0.00000000 0.0000e+00
5.1150 0.00000000 0.0000e+00
5.1200 0.00000000 0.0000e+00
5.1250 0.00000000 0.0000e+00
5.1300 0.00000000 0.0000e+00
5.1350 0.00000000 0.0000e+00
5.1400 0.00000000 0.0000e+00
5.1450 0.00000000 0.0000e+00
5.1500 0.00000000 0.0000e+00
5.1550 0.00000000 0.0000e+00
5.1600 0.00000000 0.0000e+00
5.1650 0.00000000 0.0000e+00
5.1700 0.00000000 0.0000e+00
5.1750 0.00000000 0.0000e+00
5.1800 0.00000000 0.0000e+00
5.1850 0.00000000 0.0000e+00
5.1900 0.00000000 0.0000e+00
5.1950 0.00000000 0.0000e+00
5.2000 0.00000000 0.0000e+00
5.2050 0.00000000 0.0000e+00
5.2100 0.00000000 0.0000e+00
5.2150 0.00000000 0.0000e+00
5.2200 0.00000000 0.0000e+00
5.2250 0.00000000 0.0000e+00
5.2300 0.00000000 0.0000e+00
5.2350 0.00000000 0.0000e+00
5.2400 0.00000000 0.0000e+00
5.2450 0.00000000 0.0000e+00
5.2500 0.00000000 0.0000e+00
5.2550 0.00000000 0.0000e+00
5.2600 0.00000000 0.0000e+00
5.2650 0.00000000 0.0000e+00
5.2700 0.00000000 0.0000e+00
5.2750 0.00000000 0.0000e+00
5.2800 0.00000000 0.0000e+00
5.2850 0.00000000 0.0000e+00
5.2900 0.00000000 0.0000e+00
5.2950 0.00000000 0.0000e+00
5.3000 0.00000000 0.0000e+00
5.3050 0.00000000 0.0000e+00
5.3100 0.00000000 0.0000e+00
5.3150 0.00000000 0.0000e+00
5.3200 0.00000000 0.0000e+00
5.3250 0.00000000 0.0000e+00
5.3300 0.00000000 0.0000e+00
5.3350 0.00000000 0.0000e+00
5.3400 0.00000000 0.0000e+00
5.3450 0.00000000 0.0000e+00
5.3500 0.00000000 0.0000e+00
5.3550 0.00000000 0.0000e+00
5.3600 0.00000000 0.0000e+00
5.3650 0.00000000 0.0000e+00
5.3700 0.00000000 0.0000e+00
5.3750 0.00000000 0.0000e+00
5.3800 0.00000000 0.0000e+00
5.3850 0.00000000 0.0000e+00
5.3900 0.00000000 0.0000e+00
5.3950 0.00000000 0.0000e+00
5.4000 0.00000000 0.0000e+00
5.4050 0.00000000 0.0000e+00
5.4100 0.00000000 0.0000e+00
5.4150 0.00000000 0.0000e+00
5.4200 0.00000000 0.0000e+00
5.4250 0.00000000 0.0000e+00
5.4300 0.00000000 0.0000e+00
5.4350 0.00000000 0.0000e+00
5.4400 0.00000000 0.0000e+00
5.4450 0.00000000 0.0000e+00
5.4500 0.00000000 0.0000e+00
5.4550 0.00000000 0.0000e+00
5.4600 0.00000000 0.0000e+00
5.4650 0.00000000 0.0000e+00
5.4700 0.00000000 0.0000e+00
5.4750 0.00000000 0.0000e+00
5.4800 0.00000000 0.0000e+00
5.4850 0.00000000 0.0000e+00
5.4900 0.00000000 0.0000e+00
5.4950 0.00000000 0.0000e+00
5.5000 0.00000000 0.0000e+00
5.5050 0.00000000 0.0000e+00
5.5100 0.00000000 0.0000e+00
5.5150 0.00000000 0.0000e+00
5.5200 0.00000000 0.0000e+00
5.5250 0.00000000 0.0000e+00
5.5300 0.00000000 0.0000e+00
5.5350 0.00000000 0.0000e+00
5.5400 0.00000000 0.0000e+00
5.5450 0.00000000 0.0000e+00
5.5500 0.00000000 0.0000e+00
5.5550 0.00000000 0.0000e+00
5.5600 0.00000000 0.0000e+00
5.5650 0.00000000 0.0000e+00
5.5700 0.00000000 0.0000e+00
5.5750 0.00000000 0.0000e+00
5.5800 0.00000000 0.0000e+00
5.5850 0.00000000 0.0000e+00
5.5900 0.00000000 0.0000e+00
5.5950 0.00000000 0.0000e+00
5.6000 0.00000000 0.0000e+00
5.6050 0.00000000 0.0000e+00
5.6100 0.00000000 0.0000e+00
5.6150 0.00000000 0.0000e+00
5.6200 0.00000000 0.0000e+00
5.6250 0.00000000 0.0000e+00
5.6300 0.00000000 0.0000e+00
5.6350 0.00000000 0.0000e+00
5.6400 0.00000000 0.0000e+00
5.6450 0.00000000 0.0000e+00
5.6500 0.00000000 0.0000e+00
5.6550 0.00000000 0.0000e+00
5.6600 0.00000000 0.0000e+00
5.6650 0.00000000 0.0000e+00
5.6700 0.00000000 0.0000e+00
5.6750 0.00000000 0.0000e+00
5.6800 0.00000000 0.0000e+00
5.6850 0.00000000 0.0000e+00
5.6900 0.00000000 0.0000e+00
5.6950 0.00000000 0.0000e+00
5.7000 0.00000000 0.0000e+00
5.7050 0.00000000 0.0000e+00
5.7100 0.00000000 0.0000e+00
5.7150 0.00000000 0.0000e+00
5.7200 0.00000000 0.0000e+00
5.7250 0.00000000 0.0000e+00
5.7300 0.00000000 0.0000e+00
5.7350 0.00000000 0.0000e+00
5.7400 0.00000000 0.0000e+00
5.7450 0.00000000 0.0000e+00
5.7500 0.00000000 0.0000e+00
5.7550 0.00000000 0.0000e+00
5.7600 0.00000000 0.0000e+00
5.7650 0.00000000 0.0000e+00
5.7700 0.00000000 0.0000e+00
5.7750 0.00000000 0.0000e+00
5.7800 0.00000000 0.0000e+00
5.7850 0.00000000 0.0000e+00
5.7900 0.00000000 0.0000e+00
5.7950 0.00000000 0.0000e+00
5.8000 0.00000000 0.0000e+00
5.8050 0.00000000 0.0000e+00
5.8100 0.00000000 0.0000e+00
5.8150 0.00000000 0.0000e+00
5.8200 0.00000000 0.0000e+00
5.8250 0.00000000 0.0000e+00
5.8300 0.00000000 0.0000e+00
5.8350 0.00000000 0.0000e+00
5.8400 0.00000000 0.0000e+00
5.8450 0.00000000 0.0000e+00
5.8500 0.00000000 0.0000e+00
5.8550 0.00000000 0.0000e+00
5.8600 0.00000000 0.0000e+00
5.8650 0.00000000 0.0000e+00
5.8700 0.00000000 0.0000e+00
5.8750 0.00000000 0.0000e+00
5.8800 0.00000000 0.0000e+00
5.8850 0.00000000 0.0000e+00
5.8900 0.00000000 0.0000e+00
5.8950 0.00000000 0.0000e+00
5.9000 0.00000000 0.0000e+00
5.9050 0.00000000 0.0000e+00
5.9100 0.00000000 0.0000e+00
5.9150 0.00000000 0.0000e+00
5.9200 0.00000000 0.0000e+00
5.9250 0.00000000 0.0000e+00
5.9300 0.00000000 0.0000e+00
5.9350 0.00000000 0.0000e+00
5.9400 0.00000000 0.0000e+00
5.9450 0.00000000 0.0000e+00
5.9500 0.00000000 0.0000e+00
5.9550 0.00000000 0.0000e+00
5.9600 0.00000000 0.0000e+00
5.9650 0.00000000 0.0000e+00
5.9700 0.00000000 0.0000e+00
5.9750 0.00000000 0.0000e+00
5.9800 0.00000000 0.0000e+00
5.9850 0.00000000 0.0000e+00
5.9900 0.00000000 0.0000e+00
5.9950 0.00000000 0.0000e+00
6.0000 0.00000000 0.0000e+00
6.0050 0.00000000 0.0000e+00
6.0100 0.00000000 0.0000e+00
6.0150 0.00000000 0.0000e+00
6.0200 0.00000000 0.0000e+00
6.0250 0.00000000 0.0000e+00
6.0300 0.00000000 0.0000e+00
6.0350 0.00000000 0.0000e+00
6.0400 0.00000000 0.0000e+00
6.0450 0.00000000 0.0000e+00
6.0500 0.00000000 0.0000e+00
6.0550 0.00000000 0.0000e+00
6.0600 0.00000000 0.0000e+00
6.0650 0.00000000 0.0000e+00
6.0700 0.00000000 0.0000e+00
6.0750 0.00000000 0.0000e+00
6.0800 0.00000000 0.0000e+00
6.0850 0.00000000 0.0000e+00
6.0900 0.00000000 0.0000e+00
6.0950 0.00000000 0.0000e+00
6.1000 0.00000000 0.0000e+00
6.1050 0.00000000 0.0000e+00
6.1100 0.00000000 0.0000e+00
6.1150 0.00000000 0.0000e+00
6.1200 0.00000000 0.0000e+00
6.1250 0.00000000 0.0000e+00
6.1300 0.00000000 0.0000e+00
6.1350 0.00000000 0.0000e+00
6.1400 0.00000000 0.0000e+00
6.1450 0.00000000 0.0000e+00
6.1500 0.00000000 0.0000e+00
6.1550 0.00000000 0.0000e+00
6.1600 0.00000000 0.0000e+00
6.1650 0.00000000 0.0000e+00
6.1700 0.00000000 0.0000e+00
6.1750 0.00000000 0.0000e+00
6.1800 0.00000000 0.0000e+00
6.1850 0.00000000 0.0000e+00
6.1900 0.00000000 0.0000e+00
6.1950 0.00000000 0.0000e+00
6.2000 0.00000000 0.0000e+00
6.2050 0.00000000 0.0000e+00
6.2100 0.00000000 0.0000e+00
6.2150 0.00000000 0.0000e+00
6.2200 0.00000000 0.0000e+00
6.2250 0.00000000 0.0000e+00
6.2300 0.00000000 0.0000e+00
6.2350 0.00000000 0.0000e+00
6.2400 0.00000000 0.0000e+00
6.2450 0.00000000 0.0000e+00
6.2500 0.00000000 0.0000e+00
6.2550 0.00000000 0.0000e+00
6.2600 0.00000000 0.0000e+00
6.2650 0.00000000 0.0000e+00
6.2700 0.00000000 0.0000e+00
6.2750 0.00000000 0.0000e+00
6.2800 0.00000000 0.0000e+00
6.2850 0.00000000 0.0000e+00
6.2900 0.00000000 0.0000e+00
6.2950 0.00000000 0.0000e+00
6.3000 0.00000000 0.0000e+00
6.3050 0.00000000 0.0000e+00
6.3100 0.00000000 0.0000e+00
6.3150 0.00000000 0.0000e+00
6.3200 0.00000000 0.0000e+00
6.3250 0.00000000 0.0000e+00
6.3300 0.00000000 0.0000e+00
6.3350 0.00000000 0.0000e+00
6.3400 0.00000000 0.0000e+00
6.3450 0.00000000 0.0000e+00
6.3500 0.00000000 0.0000e+00
6.3550 0.00000000 0.0000e+00
6.3600 0.00000000 0.0000e+00
6.3650 0.00000000 0.0000e+00
6.3700 0.00000000 0.0000e+00
6.3750 0.00000000 0.0000e+00
6.3800 0.00000000 0.0000e+00
6.3850 0.00000000 0.0000e+00
6.3900 0.00000000 0.0000e+00
6.3950 0.00000000 0.0000e+00
6.4000 0.00000000 0.0000e+00
6.4050 0.00000000 0.0000e+00
6.4100 0.00000000 0.0000e+00
6.4150 0.00000000 0.0000e+00
6.4200 0.00000000 0.0000e+00
6.4250 0.00000000 0.0000e+00
6.4300 0.00000000 0.0000e+00
6.4350 0.00000000 0.0000e+00
6.4400 0.00000000 0.0000e+00
6.4450 0.00000000 0.0000e+00
6.4500 0.00000000 0.0000e+00
6.4550 0.00000000 0.0000e+00
6.4600 0.00000000 0.0000e+00
6.4650 0.00000000 0.0000e+00
6.4700 0.00000000 0.0000e+00
6.4750 0.00000000 0.0000e+00
6.4800 0.00000000 0.0000e+00
6.4850 0.00000000 0.0000e+00
6.4900 0.00000000 0.0000e+00
6.4950 0.00000000 0.0000e+00
6.5000 0.00000000 0.0000e+00
6.5050 0.00000000 0.0000e+00
6.5100 0.00000000 0.0000e+00
6.5150 0.00000000 0.0000e+00
6.5200 0.00000000 0.0000e+00
6.5250 0.00000000 0.0000e+00
6.5300 0.00000000 0.0000e+00
6.5350 0.00000000 0.0000e+00
6.5400 0.00000000 0.0000e+00
6.5450 0.00000000 0.0000e+00
6.5500 0.00000000 0.0000e+00
6.5550 0.00000000 0.0000e+00
6.5600 0.00000000 0.0000e+00
6.5650 0.00000000 0.0000e+00
6.5700 0.00000000 0.0000e+00
6.5750 0.00000000 0.0000e+00
6.5800 0.00000000 0.0000e+00
6.5850 0.00000000 0.0000e+00
6.5900 0.00000000 0.0000e+00
6.5950 0.00000000 0.0000e+00
6.6000 0.00000000 0.0000e+00
6.6050 0.00000000 0.0000e+00
6.6100 0.00000000 0.0000e+00
6.6150 0.00000000 0.0000e+00
6.6200 0.00000000 0.0000e+00
6.6250 0.00000000 0.0000e+00
6.6300 0.00000000 0.0000e+00
6.6350 0.00000000 0.0000e+00
6.6400 0.00000000 0.0000e+00
6.6450 0.00000000 0.0000e+00
6.6500 0.00000000 0.0000e+00
6.6550 0.00000000 0.0000e+00
6.6600 0.00000000 0.0000e+00
6.6650 0.00000000 0.0000e+00
6.6700 0.00000000 0.0000e+00
6.6750 0.00000000 0.0000e+00
6.6800 0.00000000 0.0000e+00
6.6850 0.00000000 0.0000e+00
6.6900 0.00000000 0.0000e+00
6.6950 0.00000000 0.0000e+00
6.7000 0.00000000 0.0000e+00
6.7050 0.00000000 0.0000e+00
6.7100 0.00000000 0.0000e+00
6.7150 0.00000000 0.0000e+00
6.7200 0.00000000 0.0000e+00
6.7250 0.00000000 0.0000e+00
6.7300 0.00000000 0.0000e+00
6.7350 0.00000000 0.0000e+00
6.7400 0.00000000 0.0000e+00
6.7450 0.00000000 0.0000e+00
6.7500 0.00000000 0.0000e+00
6.7550 0.00000000 0.0000e+00
6.7600 0.00000000 0.0000e+00
6.7650 0.00000000 0.0000e+00
6.7700 0.00000000 0.0000e+00
6.7750 0.00000000 0.0000e+00
6.7800 0.00000000 0.0000e+00
6.7850 0.00000000 0.0000e+00
6.7900 0.00000000 0.0000e+00
6.7950 0.00000000 0.0000e+00
6.8000 0.00000000 0.0000e+00
6.8050 0.00000000 0.0000e+00
6.8100 0.00000000 0.0000e+00
6.8150 0.00000000 0.0000e+00
6.8200 0.00000000 0.0000e+00
6.8250 0.00000000 0.0000e+00
6.8300 0.00000000 0.0000e+00
6.8350 0.00000000 0.0000e+00
6.8400 0.00000000 0.0000e+00
6.8450 0.00000000 0.0000e+00
6.8500 0.00000000 0.0000e+00
6.8550 0.00000000 0.0000e+00
6.8600 0.00000000 0.0000e+00
6.8650 0.00000000 0.0000e+00
6.8700 0.00000000 0.0000e+00
6.8750 0.00000000 0.0000e+00
6.8800 0.00000000 0.0000e+00
6.8850 0.00000000 0.0000e+00
6.8900 0.00000000 0.0000e+00
6.8950 0.00000000 0.0000e+00
6.9000 0.00000000 0.0000e+00
6.9050 0.00000000 0.0000e+00
6.9100 0.00000000 0.0000e+00
6.9150 0.00000000 0.0000e+00
6.9200 0.00000000 0.0000e+00
6.9250 0.00000000 0.0000e+00
6.9300 0.00000000 0.0000e+00
6.9350 0.00000000 0.0000e+00
6.9400 0.00000000 0.0000e+00
6.9450 0.00000000 0.0000e+00
6.9500 0.00000000 0.0000e+00
6.9550 0.00000000 0.0000e+00
6.9600 0.00000000 0.0000e+00
6.9650 0.00000000 0.0000e+00
6.9700 0.00000000 0.0000e+00
6.9750 0.00000000 0.0000e+00
6.9800 0.00000000 0.0000e+00
6.9850 0.00000000 0.0000e+00
6.9900 0.00000000 0.0000e+00
6.9950 0.00000000 0.0000e+00
7.0000 0.00000000 0.0000e+00
7.0050 0.00000000 0.0000e+00
7.0100 0.00000000 0.0000e+00
7.0150 0.00000000 0.0000e+00
7.0200 0.00000000 0.0000e+00
7.0250 0.00000000 0.0000e+00
7.0300 0.00000000 0.0000e+00
7.0350 0.00000000 0.0000e+00
7.0400 0.00000000 0.0000e+00
7.0450 0.00000000 0.0000e+00
7.0500 0.00000000 0.0000e+00
7.0550 0.00000000 0.0000e+00
7.0600 0.00000000 0.0000e+00
7.0650 0.00000000 0.0000e+00
7.0700 0.00000000 0.0000e+00
7.0750 0.00000000 0.0000e+00
7.0800 0.00000000 0.0000e+00
7.0850 0.00000000 0.0000e+00
7.0900 0.00000000 0.0000e+00
7.0950 0.00000000 0.0000e+00
7.1000 0.00000000 0.0000e+00
7.1050 0.00000000 0.0000e+00
7.1100 0.00000000 0.0000e+00
7.1150 0.00000000 0.0000e+00
7.1200 0.00000000 0.0000e+00
7.1250 0.00000000 0.0000e+00
7.1300 0.00000000 0.0000e+00
7.1350 0.00000000 0.0000e+00
7.1400 0.00000000 0.0000e+00
7.1450 0.00000000 0.0000e+00
7.1500 0.00000000 0.0000e+00
7.1550 0.00000000 0.0000e+00
7.1600 0.00000000 0.0000e+00
7.1650 0.00000000 0.0000e+00
7.1700 0.00000000 0.0000e+00
7.1750 0.00000000 0.0000e+00
7.1800 0.00000000 0.0000e+00
7.1850 0.00000000 0.0000e+00
7.1900 0.00000000 0.0000e+00
7.1950 0.00000000 0.0000e+00
7.2000 0.00000000 0.0000e+00
7.2050 0.00000000 0.0000e+00
7.2100 0.00000000 0.0000e+00
7.2150 0.00000000 0.0000e+00
7.2200 0.00000000 0.0000e+00
7.2250 0.00000000 0.0000e+00
7.2300 0.00000000 0.0000e+00
7.2350 0.00000000 0.0000e+00
7.2400 0.00000000 0.0000e+00
7.2450 0.00000000 0.0000e+00
7.2500 0.00000000 0.0000e+00
7.2550 0.00000000 0.0000e+00
7.2600 0.00000000 0.0000e+00
7.2650 0.00000000 0.0000e+00
7.2700 0.00000000 0.0000e+00
7.2750 0.00000000 0.0000e+00
7.2800 0.00000000 0.0000e+00
7.2850 0.00000000 0.0000e+00
7.2900 0.00000000 0.0000e+00
7.2950 0.00000000 0.0000e+00
7.3000 0.00000000 0.0000e+00
7.3050 0.00000000 0.0000e+00
7.3100 0.00000000 0.0000e+00
7.3150 0.00000000 0.0000e+00
7.3200 0.00000000 0.0000e+00
7.3250 0.00000000 0.0000e+00
7.3300 0.00000000 0.0000e+00
7.3350 0.00000000 0.0000e+00
7.3400 0.00000000 0.0000e+00
7.3450 0.00000000 0.0000e+00
7.3500 0.00000000 0.0000e+00
7.3550 0.00000000 0.0000e+00
7.3600 0.00000000 0.0000e+00
7.3650 0.00000000 0.0000e+00
7.3700 0.00000000 0.0000e+00
7.3750 0.00000000 0.0000e+00
7.3800 0.00000000 0.0000e+00
7.3850 0.00000000 0.0000e+00
7.3900 0.00000000 0.0000e+00
7.3950 0.00000000 0.0000e+00
7.4000 0.00000000 0.0000e+00
7.4050 0.00000000 0.0000e+00
7.4100 0.00000000 0.0000e+00
7.4150 0.00000000 0.0000e+00
7.4200 0.00000000 0.0000e+00
7.4250 0.00000000 0.0000e+00
7.4300 0.00000000 0.0000e+00
7.4350 0.00000000 0.0000e+00
7.4400 0.00000000 0.0000e+00
7.4450 0.00000000 0.0000e+00
7.4500 0.00000000 0.0000e+00
7.4550 0.00000000 0.0000e+00
7.4600 0.00000000 0.0000e+00
7.4650 0.00000000 0.0000e+00
7.4700 0.00000000 0.0000e+00
7.4750 0.00000000 0.0000e+00
7.4800 0.00000000 0.0000e+00
7.4850 0.00000000 0.0000e+00
7.4900 0.00000000 0.0000e+00
7.4950 0.00000000 0.0000e+00
7.5000 0.00000000 0.0000e+00
7.5050 0.00000000 0.0000e+00
7.5100 0.00000000 0.0000e+00
7.5150 0.00000000 0.0000e+00
7.5200 0.00000000 0.0000e+00
7.5250 0.00000000 0.0000e+00
7.5300 0.00000000 0.0000e+00
7.5350 0.00000000 0.0000e+00
7.5400 0.00000000 0.0000e+00
7.5450 0.00000000 0.0000e+00
7.5500 0.00000000 0.0000e+00
7.5550 0.00000000 0.0000e+00
7.5600 0.00000000 0.0000e+00
7.5650 0.00000000 0.0000e+00
7.5700 0.00000000 0.0000e+00
7.5750 0.00000000 0.0000e+00
7.5800 0.00000000 0.0000e+00
7.5850 0.00000000 0.0000e+00
7.5900 0.00000000 0.0000e+00
7.5950 0.00000000 0.0000e+00
7.6000 0.00000000 0.0000e+00
7.6050 0.00000000 0.0000e+00
7.6100 0.00000000 0.0000e+00
7.6150 0.00000000 0.0000e+00
7.6200 0.00000000 0.0000e+00
7.6250 0.00000000 0.0000e+00
7.6300 0.00000000 0.0000e+00
7.6350 0.00000000 0.0000e+00
7.6400 0.00000000 0.0000e+00
7.6450 0.00000000 0.0000e+00
7.6500 0.00000000 0.0000e+00
7.6550 0.00000000 0.0000e+00
7.6600 0.00000000 0.0000e+00
7.6650 0.00000000 0.0000e+00
7.6700 0.00000000 0.0000e+00
7.6750 0.00000000 0.0000e+00
7.6800 0.00000000 0.0000e+00
7.6850 0.00000000 0.0000e+00
7.6900 0.00000000 0.0000e+00
7.6950 0.00000000 0.0000e+00
7.7000 0.00000000 0.0000e+00
7.7050 0.00000000 0.0000e+00
7.7100 0.00000000 0.0000e+00
7.7150 0.00000000 0.0000e+00
7.7200 0.00000000 0.0000e+00
7.7250 0.00000000 0.0000e+00
7.7300 0.00000000 0.0000e+00
7.7350 0.00000000 0.0000e+00
7.7400 0.00000000 0.0000e+00
7.7450 0.00000000 0.0000e+00
7.7500 0.00000000 0.0000e+00
7.7550 0.00000000 0.0000e+00
7.7600 0.00000000 0.0000e+00
7.7650 0.00000000 0.0000e+00
7.7700 0.00000000 0.0000e+00
7.7750 0.00000000 0.0000e+00
7.7800 0.00000000 0.0000e+00
7.7850 0.00000000 0.0000e+00
7.7900 0.00000000 0.0000e+00
7.7950 0.00000000 0.0000e+00
7.8000 0.00000000 0.0000e+00
7.8050 0.00000000 0.0000e+00
7.8100 0.00000000 0.0000e+00
7.8150 0.00000000 0.0000e+00
7.8200 0.00000000 0.0000e+00
7.8250 0.00000000 0.0000e+00
7.8300 0.00000000 0.0000e+00
7.8350 0.00000000 0.0000e+00
7.8400 0.00000000 0.0000e+00
7.8450 0.00000000 0.0000e+00
7.8500 0.00000000 0.0000e+00
7.8550 0.00000000 0.0000e+00
7.8600 0.00000000 0.0000e+00
7.8650 0.00000000 0.0000e+00
7.8700 0.00000000 0.0000e+00
7.8750 0.00000000 0.0000e+00
7.8800 0.00000000 0.0000e+00
7.8850 0.00000000 0.0000e+00
7.8900 0.00000000 0.0000e+00
7.8950 0.00000000 0.0000e+00
7.9000 0.00000000 0.0000e+00
7.9050 0.00000000 0.0000e+00
7.9100 0.00000000 0.0000e+00
7.9150 0.00000000 0.0000e+00
7.9200 0.00000000 0.0000e+00
7.9250 0.00000000 0.0000e+00
7.9300 0.00000000 0.0000e+00
7.9350 0.00000000 0.0000e+00
7.9400 0.00000000 0.0000e+00
7.9450 0.00000000 0.0000e+00
7.9500 0.00000000 0.0000e+00
7.9550 0.00000000 0.0000e+00
7.9600 0.00000000 0.0000e+00
7.9650 0.00000000 0.0000e+00
7.9700 0.00000000 0.0000e+00
7.9750 0.00000000 0.0000e+00
7.9800 0.00000000 0.0000e+00
7.9850 0.00000000 0.0000e+00
7.9900 0.00000000 0.0000e+00
7.9950 0.00000000 0.0000e+00
8.0000 0.00000000 0.0000e+00
