0.0050 0.00000000 0.0000e+00
0.0100 0.00000000 0.0000e+00
0.0150 0.00000000 0.0000e+00
0.0200 0.00000000 0.0000e+00
0.0250 0.00000000 0.0000e+00
0.0300 0.00000000 0.0000e+00
0.0350 0.00000000 0.0000e+00
0.0400 0.00000000 0.0000e+00
0.0450 0.00000000 0.0000e+00
0.0500 0.00000000 0.0000e+00
0.0550 0.00000000 0.0000e+00
0.0600 0.00000000 0.0000e+00
0.0650 0.00000000 0.0000e+00
0.0700 0.00000000 0.0000e+00
0.0750 0.00000000 0.0000e+00
0.0800 0.00000000 0.0000e+00
0.0850 0.00000000 0.0000e+00
0.0900 0.00000000 0.0000e+00
0.0950 0.00000000 0.0000e+00
0.1000 0.00000000 0.0000e+00
0.1050 0.00000000 0.0000e+00
0.1100 0.00000000 0.0000e+00
0.1150 0.00000000 0.0000e+00
0.1200 0.00000000 0.0000e+00
0.1250 0.00000000 0.0000e+00
0.1300 0.00000000 0.0000e+00
0.1350 0.00000000 0.0000e+00
0.1400 0.00000000 0.0000e+00
0.1450 0.00000000 0.0000e+00
0.1500 0.00000000 0.0000e+00
0.1550 0.00000000 0.0000e+00
0.1600 0.00000000 0.0000e+00
0.1650 0.00000000 0.0000e+00
0.1700 0.00000000 0.0000e+00
0.1750 0.00000000 0.0000e+00
0.1800 0.00000000 0.0000e+00
0.1850 0.00000000 0.0000e+00
0.1900 0.00000000 0.0000e+00
0.1950 0.00000000 0.0000e+00
0.2000 0.00000000 0.0000e+00
0.2050 0.00000000 0.0000e+00
0.2100 0.00000000 0.0000e+00
0.2150 0.00000000 0.0000e+00
0.2200 0.00000000 0.0000e+00
0.2250 0.00000000 0.0000e+00
0.2300 0.00000000 0.0000e+00
0.2350 0.00000000 0.0000e+00
0.2400 0.00000000 0.0000e+00
0.2450 0.00000000 0.0000e+00
0.2500 0.00000000 0.0000e+00
0.2550 0.00000000 0.0000e+00
0.2600 0.00000000 0.0000e+00
0.2650 0.00000000 0.0000e+00
0.2700 0.00000000 0.0000e+00
0.2750 0.00000000 0.0000e+00
0.2800 0.00000000 0.0000e+00
0.2850 0.00000000 0.0000e+00
0.2900 0.00000000 0.0000e+00
0.2950 0.00000000 0.0000e+00
0.3000 0.00000000 0.0000e+00
0.3050 0.00000000 0.0000e+00
0.3100 0.00000000 0.0000e+00
0.3150 0.00000000 0.0000e+00
0.3200 0.00000000 0.0000e+00
0.3250 0.00000000 0.0000e+00
0.3300 0.00000000 0.0000e+00
0.3350 0.00000000 0.0000e+00
0.3400 0.00000000 0.0000e+00
0.3450 0.00000000 0.0000e+00
0.3500 0.00000000 0.0000e+00
0.3550 0.00000000 0.0000e+00
0.3600 0.00000000 0.0000e+00
0.3650 0.00000000 0.0000e+00
0.3700 0.00000000 0.0000e+00
0.3750 0.00000000 0.0000e+00
0.3800 0.00000000 0.0000e+00
0.3850 0.00000000 0.0000e+00
0.3900 0.00000000 0.0000e+00
0.3950 0.00000000 0.0000e+00
0.4000 0.00000000 0.0000e+00
0.4050 0.00000000 0.0000e+00
0.4100 0.00000000 0.0000e+00
0.4150 0.00000000 0.0000e+00
0.4200 0.00000000 0.0000e+00
0.4250 0.00000000 0.0000e+00
0.4300 0.00000000 0.0000e+00
0.4350 0.00000000 0.0000e+00
0.4400 0.00000000 0.0000e+00
0.4450 0.00000000 0.0000e+00
0.4500 0.00000000 0.0000e+00
0.4550 0.00000000 0.0000e+00
0.4600 0.00000000 0.0000e+00
0.4650 0.00000000 0.0000e+00
0.4700 0.00000000 0.0000e+00
0.4750 0.00000000 0.0000e+00
0.4800 0.00000000 0.0000e+00
0.4850 0.00000000 0.0000e+00
0.4900 0.00000000 0.0000e+00
0.4950 0.00000000 0.0000e+00
0.5000 0.00000000 0.0000e+00
0.5050 0.00000000 0.0000e+00
0.5100 0.00000000 0.0000e+00
0.5150 0.00000000 0.0000e+00
0.5200 0.00000000 0.0000e+00
0.5250 0.00000000 0.0000e+00
0.5300 0.00000000 0.0000e+00
0.5350 0.00000000 0.0000e+00
0.5400 0.00000000 0.0000e+00
0.5450 0.00000000 0.0000e+00
0.5500 0.00000000 0.0000e+00
0.5550 0.00000000 0.0000e+00
0.5600 0.00000000 0.0000e+00
0.5650 0.00000000 0.0000e+00
0.5700 0.00000000 0.0000e+00
0.5750 0.00000000 0.0000e+00
0.5800 0.00000000 0.0000e+00
0.5850 0.00000000 0.0000e+00
0.5900 0.00000000 0.0000e+00
0.5950 0.00000000 0.0000e+00
0.6000 0.00000000 0.0000e+00
0.6050 0.00000000 0.0000e+00
0.6100 0.00000000 0.0000e+00
0.6150 0.00000000 0.0000e+00
0.6200 0.00000000 0.0000e+00
0.6250 0.00000000 0.0000e+00
0.6300 0.00000000 0.0000e+00
0.6350 0.00000000 0.0000e+00
0.6400 0.00000000 0.0000e+00
0.6450 0.00000000 0.0000e+00
0.6500 0.00000000 0.0000e+00
0.6550 0.00000000 0.0000e+00
0.6600 0.00000000 0.0000e+00
0.6650 0.00000000 0.0000e+00
0.6700 0.00000000 0.0000e+00
0.6750 0.00000000 0.0000e+00
0.6800 0.00000000 0.0000e+00
0.6850 0.00000000 0.0000e+00
0.6900 0.00000000 0.0000e+00
0.6950 0.00000000 0.0000e+00
0.7000 0.00000000 0.0000e+00
0.7050 0.00000000 0.0000e+00
0.7100 0.00000000 0.0000e+00
0.7150 0.00000000 0.0000e+00
0.7200 0.00000000 0.0000e+00
0.7250 0.00000000 0.0000e+00
0.7300 0.00000000 0.0000e+00
0.7350 0.00000000 0.0000e+00
0.7400 0.00000000 0.0000e+00
0.7450 0.00000000 0.0000e+00
0.7500 0.00000000 0.0000e+00
0.7550 0.00000000 0.0000e+00
0.7600 0.00000000 0.0000e+00
0.7650 0.00000000 0.0000e+00
0.7700 0.00000000 0.0000e+00
0.7750 0.00000000 0.0000e+00
0.7800 0.00000000 0.0000e+00
0.7850 0.00000000 0.0000e+00
0.7900 0.00000000 0.0000e+00
0.7950 0.00000000 0.0000e+00
0.8000 0.00000000 0.0000e+00
0.8050 0.00000000 0.0000e+00
0.8100 0.00000000 0.0000e+00
0.8150 0.00000000 0.0000e+00
0.8200 0.00000000 0.0000e+00
0.8250 0.00000000 0.0000e+00
0.8300 0.00000000 0.0000e+00
0.8350 0.00000000 0.0000e+00
0.8400 0.00000000 0.0000e+00
0.8450 0.00000000 0.0000e+00
0.8500 0.00000000 0.0000e+00
0.8550 0.00000000 0.0000e+00
0.8600 0.00000000 0.0000e+00
0.8650 0.00000000 0.0000e+00
0.8700 0.00000000 0.0000e+00
0.8750 0.00000000 0.0000e+00
0.8800 0.00000000 0.0000e+00
0.8850 0.00000000 0.0000e+00
0.8900 0.00000000 0.0000e+00
0.8950 0.00000000 0.0000e+00
0.9000 0.00000000 0.0000e+00
0.9050 0.00000000 0.0000e+00
0.9100 0.00000000 0.0000e+00
0.9150 0.00000000 0.0000e+00
0.9200 0.00000000 0.0000e+00
0.9250 0.00000000 0.0000e+00
0.9300 0.00000000 0.0000e+00
0.9350 0.00000000 0.0000e+00
0.9400 0.00000000 0.0000e+00
0.9450 0.00000000 0.0000e+00
0.9500 0.00000000 0.0000e+00
0.9550 0.00000000 0.0000e+00
0.9600 0.00000000 0.0000e+00
0.9650 0.00000000 0.0000e+00
0.9700 0.00000000 0.0000e+00
0.9750 0.00000000 0.0000e+00
0.9800 0.00000000 0.0000e+00
0.9850 0.00000000 0.0000e+00
0.9900 0.00000000 0.0000e+00
0.9950 0.00000000 0.0000e+00
1.0000 0.00000000 0.0000e+00
1.0050 0.00000000 0.0000e+00
1.0100 0.00000000 0.0000e+00
1.0150 0.00000000 0.0000e+00
1.0200 0.00000000 0.0000e+00
1.0250 0.00000000 0.0000e+00
1.0300 0.00000000 0.0000e+00
1.0350 0.00000000 0.0000e+00
1.0400 0.00000000 0.0000e+00
1.0450 0.00000000 0.0000e+00
1.0500 0.00000000 0.0000e+00
1.0550 0.00000000 0.0000e+00
1.0600 0.00000000 0.0000e+00
1.0650 0.00000000 0.0000e+00
1.0700 0.00000000 0.0000e+00
1.0750 0.00000000 0.0000e+00
1.0800 0.00000000 0.0000e+00
1.0850 0.00000000 0.0000e+00
1.0900 0.00000000 0.0000e+00
1.0950 0.00000000 0.0000e+00
1.1000 0.00000000 0.0000e+00
1.1050 0.00000000 0.0000e+00
1.1100 0.00000000 0.0000e+00
1.1150 0.00000000 0.0000e+00
1.1200 0.00000000 0.0000e+00
1.1250 0.00000000 0.0000e+00
1.1300 0.00000000 0.0000e+00
1.1350 0.00000000 0.0000e+00
1.1400 0.00000000 0.0000e+00
1.1450 0.00000000 0.0000e+00
1.1500 0.00000000 0.0000e+00
1.1550 0.00000000 0.0000e+00
1.1600 0.00000000 0.0000e+00
1.1650 0.00000000 0.0000e+00
1.1700 0.00000000 0.0000e+00
1.1750 0.00000000 0.0000e+00
1.1800 0.00000000 0.0000e+00
1.1850 0.00000000 0.0000e+00
1.1900 0.00000000 0.0000e+00
1.1950 0.00000000 0.0000e+00
1.2000 0.00000000 0.0000e+00
1.2050 0.00000000 0.0000e+00
1.2100 0.00000000 0.0000e+00
1.2150 0.00000000 0.0000e+00
1.2200 0.00000000 0.0000e+00
1.2250 0.00000000 0.0000e+00
1.2300 0.00000000 0.0000e+00
1.2350 0.00000000 0.0000e+00
1.2400 0.00000000 0.0000e+00
1.2450 0.00000000 0.0000e+00
1.2500 0.00000000 0.0000e+00
1.2550 0.00000000 0.0000e+00
1.2600 0.00000000 0.0000e+00
1.2650 0.00000000 0.0000e+00
1.2700 0.00000000 0.0000e+00
1.2750 0.00000000 0.0000e+00
1.2800 0.00000000 0.0000e+00
1.2850 0.00000000 0.0000e+00
1.2900 0.00000000 0.0000e+00
1.2950 0.00000000 0.0000e+00
1.3000 0.00000000 0.0000e+00
1.3050 0.00000000 0.0000e+00
1.3100 0.00000000 0.0000e+00
1.3150 0.00000000 0.0000e+00
1.3200 0.00000000 0.0000e+00
1.3250 0.00000000 0.0000e+00
1.3300 0.00000000 0.0000e+00
1.3350 0.00000000 0.0000e+00
1.3400 0.00000000 0.0000e+00
1.3450 0.00000000 0.0000e+00
1.3500 0.00000000 0.0000e+00
1.3550 0.00000000 0.0000e+00
1.3600 0.00000000 0.0000e+00
1.3650 0.00000000 0.0000e+00
1.3700 0.00000000 0.0000e+00
1.3750 0.00000000 0.0000e+00
1.3800 0.00000000 0.0000e+00
1.3850 0.00000000 0.0000e+00
1.3900 0.00000000 0.0000e+00
1.3950 0.00000000 0.0000e+00
1.4000 0.00000000 0.0000e+00
1.4050 0.00000000 0.0000e+00
1.4100 0.00000000 0.0000e+00
1.4150 0.00000000 0.0000e+00
1.4200 0.00000000 0.0000e+00
1.4250 0.00000000 0.0000e+00
1.4300 0.00000000 0.0000e+00
1.4350 0.00000000 0.0000e+00
1.4400 0.00000000 0.0000e+00
1.4450 0.00000000 0.0000e+00
1.4500 0.00000000 0.0000e+00
1.4550 0.00000000 0.0000e+00
1.4600 0.00000000 0.0000e+00
1.4650 0.00000000 0.0000e+00
1.4700 0.00000000 0.0000e+00
1.4750 0.00000000 0.0000e+00
1.4800 0.00000000 0.0000e+00
1.4850 0.00000000 0.0000e+00
1.4900 0.00000000 0.0000e+00
1.4950 0.00000000 0.0000e+00
1.5000 0.00000000 0.0000e+00
1.5050 0.00000000 0.0000e+00
1.5100 0.00000000 0.0000e+00
1.5150 0.00000000 0.0000e+00
1.5200 0.00000000 0.0000e+00
1.5250 0.00000000 0.0000e+00
1.5300 0.00000000 0.0000e+00
1.5350 0.00000000 0.0000e+00
1.5400 0.00000000 0.0000e+00
1.5450 0.00000000 0.0000e+00
1.5500 0.00000000 0.0000e+00
1.5550 0.00000000 0.0000e+00
1.5600 0.00000000 0.0000e+00
1.5650 0.00000000 0.0000e+00
1.5700 0.00000000 0.0000e+00
1.5750 0.00000000 0.0000e+00
1.5800 0.00000000 0.0000e+00
1.5850 0.00000000 0.0000e+00
1.5900 0.00000000 0.0000e+00
1.5950 0.00000000 0.0000e+00
1.6000 0.00000000 0.0000e+00
1.6050 0.00000000 0.0000e+00
1.6100 0.00000000 0.0000e+00
1.6150 0.00000000 0.0000e+00
1.6200 0.00000000 0.0000e+00
1.6250 0.00000000 0.0000e+00
1.6300 0.00000000 0.0000e+00
1.6350 0.00000000 0.0000e+00
1.6400 0.00000000 0.0000e+00
1.6450 0.00000000 0.0000e+00
1.6500 0.00000000 0.0000e+00
1.6550 0.00000000 0.0000e+00
1.6600 0.00000000 0.0000e+00
1.6650 0.00000000 0.0000e+00
1.6700 0.00000000 0.0000e+00
1.6750 0.00000000 0.0000e+00
1.6800 0.00000000 0.0000e+00
1.6850 0.00000000 0.0000e+00
1.6900 0.00000000 0.0000e+00
1.6950 0.00000000 0.0000e+00
1.7000 0.00000000 0.0000e+00
1.7050 0.00000000 0.0000e+00
1.7100 0.00000000 0.0000e+00
1.7150 0.00000000 0.0000e+00
1.7200 0.00000000 0.0000e+00
1.7250 0.00000000 0.0000e+00
1.7300 0.00000000 0.0000e+00
1.7350 0.00000000 0.0000e+00
1.7400 0.00000000 0.0000e+00
1.7450 0.00000000 0.0000e+00
1.7500 0.00000000 0.0000e+00
1.7550 0.00000000 0.0000e+00
1.7600 0.00000000 0.0000e+00
1.7650 0.00000000 0.0000e+00
1.7700 0.00000000 0.0000e+00
1.7750 0.00000000 0.0000e+00
1.7800 0.00000000 0.0000e+00
1.7850 0.00000000 0.0000e+00
1.7900 0.00000000 0.0000e+00
1.7950 0.00000000 0.0000e+00
1.8000 0.00000000 0.0000e+00
1.8050 0.00000000 0.0000e+00
1.8100 0.00000000 0.0000e+00
1.8150 0.00000000 0.0000e+00
1.8200 0.00000000 0.0000e+00
1.8250 0.00000000 0.0000e+00
1.8300 0.00000000 0.0000e+00
1.8350 0.00000000 0.0000e+00
1.8400 0.00000000 0.0000e+00
1.8450 0.00000000 0.0000e+00
1.8500 0.00000000 0.0000e+00
1.8550 0.00000000 0.0000e+00
1.8600 0.00000000 0.0000e+00
1.8650 0.00000000 0.0000e+00
1.8700 0.00000000 0.0000e+00
1.8750 0.00000000 0.0000e+00
1.8800 0.00000000 0.0000e+00
1.8850 0.00000000 0.0000e+00
1.8900 0.00000000 0.0000e+00
1.8950 0.00000000 0.0000e+00
1.9000 0.00000000 0.0000e+00
1.9050 0.00000000 0.0000e+00
1.9100 0.00000000 0.0000e+00
1.9150 0.00000000 0.0000e+00
1.9200 0.00000000 0.0000e+00
1.9250 0.00000000 0.0000e+00
1.9300 0.00000000 0.0000e+00
1.9350 0.00000000 0.0000e+00
1.9400 0.00000000 0.0000e+00
1.9450 0.00000000 0.0000e+00
1.9500 0.00000000 0.0000e+00
1.9550 0.00000000 0.0000e+00
1.9600 0.00000000 0.0000e+00
1.9650 0.00000000 0.0000e+00
1.9700 0.00000000 0.0000e+00
1.9750 0.00000000 0.0000e+00
1.9800 0.00000000 0.0000e+00
1.9850 0.00000000 0.0000e+00
1.9900 0.00000000 0.0000e+00
1.9950 0.00000000 0.0000e+00
2.0000 0.00000000 0.0000e+00
2.0050 0.00000000 0.0000e+00
2.0100 0.00000000 0.0000e+00
2.0150 0.00000000 0.0000e+00
2.0200 0.00000000 0.0000e+00
2.0250 0.00000000 0.0000e+00
2.0300 0.00000000 0.0000e+00
2.0350 0.00000000 0.0000e+00
2.0400 0.00000000 0.0000e+00
2.0450 0.00000000 0.0000e+00
2.0500 0.00000000 0.0000e+00
2.0550 0.00000000 0.0000e+00
2.0600 0.00000000 0.0000e+00
2.0650 0.00000000 0.0000e+00
2.0700 0.00000000 0.0000e+00
2.0750 0.00000000 0.0000e+00
2.0800 0.00000000 0.0000e+00
2.0850 0.00000000 0.0000e+00
2.0900 0.00000000 0.0000e+00
2.0950 0.00000000 0.0000e+00
2.1000 0.00000000 0.0000e+00
2.1050 0.00000000 0.0000e+00
2.1100 0.00000000 0.0000e+00
2.1150 0.00500180 2.6349e+10
2.1200 0.00523701 2.7588e+10
2.1250 0.00547222 2.8827e+10
2.1300 0.00570743 3.0066e+10
2.1350 0.00594264 3.1305e+10
2.1400 0.00617785 3.2544e+10
2.1450 0.00641306 3.3784e+10
2.1500 0.00664827 3.5023e+10
2.1550 0.00688348 3.6262e+10
2.1600 0.00711870 3.7501e+10
2.1650 0.00735391 3.8740e+10
2.1700 0.00758912 3.9979e+10
2.1750 0.00782433 4.1218e+10
2.1800 0.00805954 4.2457e+10
2.1850 0.00829475 4.3696e+10
2.1900 0.00852996 4.4935e+10
2.1950 0.00876517 4.6174e+10
2.2000 0.00900038 4.7413e+10
2.2050 0.00923560 4.8652e+10
2.2100 0.00947081 4.9892e+10
2.2150 0.00970602 5.1131e+10
2.2200 0.00994123 5.2370e+10
2.2250 0.01017644 5.3609e+10
2.2300 0.01041165 5.4848e+10
2.2350 0.01064686 5.6087e+10
2.2400 0.01088207 5.7326e+10
2.2450 0.01111728 5.8565e+10
2.2500 0.01135249 5.9804e+10
2.2550 0.01158771 6.1043e+10
2.2600 0.01182292 6.2282e+10
2.2650 0.01205813 6.3521e+10
2.2700 0.01229334 6.4760e+10
2.2750 0.01252855 6.5999e+10
2.2800 0.01276376 6.7239e+10
2.2850 0.01299897 6.8478e+10
2.2900 0.01323418 6.9717e+10
2.2950 0.01346939 7.0956e+10
2.3000 0.01370460 7.2195e+10
2.3050 0.01393982 7.3434e+10
2.3100 0.01417503 7.4673e+10
2.3150 0.01441024 7.5912e+10
2.3200 0.01464545 7.7151e+10
2.3250 0.01488066 7.8390e+10
2.3300 0.01511587 7.9629e+10
2.3350 0.01535108 8.0868e+10
2.3400 0.01558629 8.2107e+10
2.3450 0.01582150 8.3347e+10
2.3500 0.01605671 8.4586e+10
2.3550 0.01629193 8.5825e+10
2.3600 0.01652714 8.7064e+10
2.3650 0.01676235 8.8303e+10
2.3700 0.01699756 8.9542e+10
2.3750 0.01723277 9.0781e+10
2.3800 0.01746798 9.2020e+10
2.3850 0.01770319 9.3259e+10
2.3900 0.01793840 9.4498e+10
2.3950 0.01817361 9.5737e+10
2.4000 0.01840882 9.6976e+10
2.4050 0.01864404 9.8215e+10
2.4100 0.01887925 9.9454e+10
2.4150 0.01911657 1.0070e+11
2.4200 0.01974845 1.0403e+11
2.4250 0.02038032 1.0736e+11
2.4300 0.02101219 1.1069e+11
2.4350 0.02164406 1.1402e+11
2.4400 0.02227594 1.1735e+11
2.4450 0.02290781 1.2068e+11
2.4500 0.02353968 1.2401e+11
2.4550 0.02417156 1.2733e+11
2.4600 0.02480343 1.3066e+11
2.4650 0.02543530 1.3399e+11
2.4700 0.02606717 1.3732e+11
2.4750 0.02669905 1.4065e+11
2.4800 0.02733092 1.4398e+11
2.4850 0.02796279 1.4731e+11
2.4900 0.02859467 1.5063e+11
2.4950 0.02922654 1.5396e+11
2.5000 0.02985841 1.5729e+11
2.5050 0.03049029 1.6062e+11
2.5100 0.03112216 1.6395e+11
2.5150 0.03175403 1.6728e+11
2.5200 0.03238590 1.7061e+11
2.5250 0.03301778 1.7394e+11
2.5300 0.03364965 1.7726e+11
2.5350 0.03428152 1.8059e+11
2.5400 0.03491340 1.8392e+11
2.5450 0.03554527 1.8725e+11
2.5500 0.03617714 1.9058e+11
2.5550 0.03680902 1.9391e+11
2.5600 0.03744089 1.9724e+11
2.5650 0.03807276 2.0056e+11
2.5700 0.03870463 2.0389e+11
2.5750 0.03933651 2.0722e+11
2.5800 0.03996838 2.1055e+11
2.5850 0.04060025 2.1388e+11
2.5900 0.04123213 2.1721e+11
2.5950 0.04229038 2.2278e+11
2.6000 0.04346397 2.2897e+11
2.6050 0.04463757 2.3515e+11
2.6100 0.04581116 2.4133e+11
2.6150 0.04698476 2.4751e+11
2.6200 0.04815835 2.5369e+11
2.6250 0.04933195 2.5988e+11
2.6300 0.05050554 2.6606e+11
2.6350 0.05167914 2.7224e+11
2.6400 0.05285273 2.7842e+11
2.6450 0.05402633 2.8461e+11
2.6500 0.05519992 2.9079e+11
2.6550 0.05637352 2.9697e+11
2.6600 0.05754711 3.0315e+11
2.6650 0.05872071 3.0934e+11
2.6700 0.05989430 3.1552e+11
2.6750 0.06106790 3.2170e+11
2.6800 0.06224149 3.2788e+11
2.6850 0.06341508 3.3407e+11
2.6900 0.06458868 3.4025e+11
2.6950 0.06576227 3.4643e+11
2.7000 0.06693587 3.5261e+11
2.7050 0.06810946 3.5880e+11
2.7100 0.06928306 3.6498e+11
2.7150 0.07045665 3.7116e+11
2.7200 0.07214719 3.8007e+11
2.7250 0.07396750 3.8966e+11
2.7300 0.07578781 3.9924e+11
2.7350 0.07760812 4.0883e+11
2.7400 0.07942843 4.1842e+11
2.7450 0.08124874 4.2801e+11
2.7500 0.08306905 4.3760e+11
2.7550 0.08488936 4.4719e+11
2.7600 0.08670968 4.5678e+11
2.7650 0.08852999 4.6637e+11
2.7700 0.09035030 4.7596e+11
2.7750 0.09217061 4.8555e+11
2.7800 0.09399092 4.9514e+11
2.7850 0.09581123 5.0473e+11
2.7900 0.09763154 5.1432e+11
2.7950 0.09945185 5.2391e+11
2.8000 0.10127216 5.3349e+11
2.8050 0.10309247 5.4308e+11
2.8100 0.10491278 5.5267e+11
2.8150 0.10704137 5.6389e+11
2.8200 0.10960036 5.7737e+11
2.8250 0.11215935 5.9085e+11
2.8300 0.11471834 6.0433e+11
2.8350 0.11727733 6.1781e+11
2.8400 0.11983632 6.3129e+11
2.8450 0.12239531 6.4477e+11
2.8500 0.12495430 6.5825e+11
2.8550 0.12751330 6.7173e+11
2.8600 0.13007229 6.8521e+11
2.8650 0.13263128 6.9869e+11
2.8700 0.13519027 7.1217e+11
2.8750 0.13774926 7.2565e+11
2.8800 0.14030825 7.3913e+11
2.8850 0.14286724 7.5261e+11
2.8900 0.14542623 7.6609e+11
2.8950 0.14843218 7.8193e+11
2.9000 0.15176035 7.9946e+11
2.9050 0.15508852 8.1699e+11
2.9100 0.15841669 8.3453e+11
2.9150 0.16174487 8.5206e+11
2.9200 0.16507304 8.6959e+11
2.9250 0.16840121 8.8713e+11
2.9300 0.17172938 9.0466e+11
2.9350 0.17505755 9.2219e+11
2.9400 0.17838572 9.3972e+11
2.9450 0.18171390 9.5726e+11
2.9500 0.18504207 9.7479e+11
2.9550 0.18837024 9.9232e+11
2.9600 0.19185231 1.0107e+12
2.9650 0.19598320 1.0324e+12
2.9700 0.20011410 1.0542e+12
2.9750 0.20424499 1.0759e+12
2.9800 0.20837589 1.0977e+12
2.9850 0.21250678 1.1195e+12
2.9900 0.21663768 1.1412e+12
2.9950 0.22076857 1.1630e+12
3.0000 0.22489947 1.1848e+12
3.0050 0.22903036 1.2065e+12
3.0100 0.23316125 1.2283e+12
3.0150 0.23729215 1.2500e+12
3.0200 0.24189032 1.2743e+12
3.0250 0.24680876 1.3002e+12
3.0300 0.25172720 1.3261e+12
3.0350 0.25664564 1.3520e+12
3.0400 0.26156408 1.3779e+12
3.0450 0.26648252 1.4038e+12
3.0500 0.27140096 1.4297e+12
3.0550 0.27631940 1.4556e+12
3.0600 0.28123784 1.4815e+12
3.0650 0.28615628 1.5075e+12
3.0700 0.29135340 1.5348e+12
3.0750 0.29703990 1.5648e+12
3.0800 0.30272641 1.5947e+12
3.0850 0.30841291 1.6247e+12
3.0900 0.31409942 1.6547e+12
3.0950 0.31978592 1.6846e+12
3.1000 0.32547243 1.7146e+12
3.1050 0.33115894 1.7445e+12
3.1100 0.33684544 1.7745e+12
3.1150 0.34269788 1.8053e+12
3.1200 0.34916958 1.8394e+12
3.1250 0.35564128 1.8735e+12
3.1300 0.36211298 1.9076e+12
3.1350 0.36858469 1.9417e+12
3.1400 0.37505639 1.9758e+12
3.1450 0.38152809 2.0099e+12
3.1500 0.38799979 2.0440e+12
3.1550 0.39447149 2.0780e+12
3.1600 0.40162846 2.1157e+12
3.1650 0.40883481 2.1537e+12
3.1700 0.41604116 2.1917e+12
3.1750 0.42324751 2.2296e+12
3.1800 0.43045386 2.2676e+12
3.1850 0.43766021 2.3056e+12
3.1900 0.44486656 2.3435e+12
3.1950 0.45221111 2.3822e+12
3.2000 0.45978593 2.4221e+12
3.2050 0.46736074 2.4620e+12
3.2100 0.47493556 2.5019e+12
3.2150 0.48251037 2.5418e+12
3.2200 0.49008519 2.5817e+12
3.2250 0.49766000 2.6216e+12
3.2300 0.50558661 2.6634e+12
3.2350 0.51399376 2.7077e+12
3.2400 0.52240090 2.7520e+12
3.2450 0.53080805 2.7963e+12
3.2500 0.53921520 2.8405e+12
3.2550 0.54762234 2.8848e+12
3.2600 0.55602949 2.9291e+12
3.2650 0.56492042 2.9760e+12
3.2700 0.57381836 3.0228e+12
3.2750 0.58271630 3.0697e+12
3.2800 0.59161425 3.1166e+12
3.2850 0.60051219 3.1635e+12
3.2900 0.60941013 3.2103e+12
3.2950 0.61838057 3.2576e+12
3.3000 0.62735151 3.3048e+12
3.3050 0.63632246 3.3521e+12
3.3100 0.64529341 3.3994e+12
3.3150 0.65426435 3.4466e+12
3.3200 0.66345622 3.4950e+12
3.3250 0.67299752 3.5453e+12
3.3300 0.68253882 3.5956e+12
3.3350 0.69208012 3.6458e+12
3.3400 0.70162142 3.6961e+12
3.3450 0.71118855 3.7465e+12
3.3500 0.72094236 3.7979e+12
3.3550 0.73069618 3.8493e+12
3.3600 0.74044999 3.9006e+12
3.3650 0.75020380 3.9520e+12
3.3700 0.75998316 4.0035e+12
3.3750 0.76989983 4.0558e+12
3.3800 0.77981650 4.1080e+12
3.3850 0.78973317 4.1603e+12
3.3900 0.79964984 4.2125e+12
3.3950 0.80941972 4.2640e+12
3.4000 0.81901770 4.3145e+12
3.4050 0.82861567 4.3651e+12
3.4100 0.83821365 4.4156e+12
3.4150 0.84781440 4.4662e+12
3.4200 0.85793285 4.5195e+12
3.4250 0.86805130 4.5728e+12
3.4300 0.87816975 4.6261e+12
3.4350 0.88828820 4.6794e+12
3.4400 0.89801792 4.7307e+12
3.4450 0.90762985 4.7813e+12
3.4500 0.91724179 4.8320e+12
3.4550 0.92685373 4.8826e+12
3.4600 0.93643876 4.9331e+12
3.4650 0.94601367 4.9835e+12
3.4700 0.95558858 5.0340e+12
3.4750 0.96516349 5.0844e+12
3.4800 0.97568225 5.1398e+12
3.4850 0.98634735 5.1960e+12
3.4900 0.99701246 5.2522e+12
3.4950 1.00714839 5.3056e+12
3.5000 1.01468380 5.3453e+12
3.5050 1.02221921 5.3850e+12
3.5100 1.02975462 5.4247e+12
3.5150 1.03826739 5.4695e+12
3.5200 1.04737078 5.5175e+12
3.5250 1.05647416 5.5654e+12
3.5300 1.06557589 5.6134e+12
3.5350 1.07467162 5.6613e+12
3.5400 1.08376735 5.7092e+12
3.5450 1.09286308 5.7571e+12
3.5500 1.10021407 5.7958e+12
3.5550 1.10745087 5.8340e+12
3.5600 1.11468768 5.8721e+12
3.5650 1.12291922 5.9155e+12
3.5700 1.13143179 5.9603e+12
3.5750 1.13994435 6.0051e+12
3.5800 1.14589833 6.0365e+12
3.5850 1.15091427 6.0629e+12
3.5900 1.15593021 6.0894e+12
3.5950 1.16182989 6.1204e+12
3.6000 1.16796864 6.1528e+12
3.6050 1.17410740 6.1851e+12
3.6100 1.18041688 6.2183e+12
3.6150 1.18673745 6.2516e+12
3.6200 1.19270122 6.2831e+12
3.6250 1.19705416 6.3060e+12
3.6300 1.20140710 6.3289e+12
3.6350 1.20574120 6.3518e+12
3.6400 1.21005709 6.3745e+12
3.6450 1.21437298 6.3972e+12
3.6500 1.21792383 6.4159e+12
3.6550 1.22140411 6.4343e+12
3.6600 1.22460980 6.4512e+12
3.6650 1.22739964 6.4659e+12
3.6700 1.23018949 6.4805e+12
3.6750 1.23087818 6.4842e+12
3.6800 1.23145822 6.4872e+12
3.6850 1.23300810 6.4954e+12
3.6900 1.23528669 6.5074e+12
3.6950 1.23752916 6.5192e+12
3.7000 1.23966588 6.5305e+12
3.7050 1.24180259 6.5417e+12
3.7100 1.24202655 6.5429e+12
3.7150 1.24224745 6.5441e+12
3.7200 1.24070205 6.5359e+12
3.7250 1.23871323 6.5255e+12
3.7300 1.23676043 6.5152e+12
3.7350 1.23482664 6.5050e+12
3.7400 1.23319982 6.4964e+12
3.7450 1.23181273 6.4891e+12
3.7500 1.22892975 6.4739e+12
3.7550 1.22465281 6.4514e+12
3.7600 1.22289557 6.4421e+12
3.7650 1.22345681 6.4451e+12
3.7700 1.22011223 6.4275e+12
3.7750 1.21380704 6.3942e+12
3.7800 1.20522069 6.3490e+12
3.7850 1.19545795 6.2976e+12
3.7900 1.19205760 6.2797e+12
3.7950 1.19033063 6.2706e+12
3.8000 1.18313721 6.2327e+12
3.8050 1.17621633 6.1962e+12
3.8100 1.17161438 6.1720e+12
3.8150 1.16696220 6.1475e+12
3.8200 1.16223990 6.1226e+12
3.8250 1.15443442 6.0815e+12
3.8300 1.14531669 6.0334e+12
3.8350 1.13863124 5.9982e+12
3.8400 1.13049734 5.9554e+12
3.8450 1.11974500 5.8987e+12
3.8500 1.10968791 5.8458e+12
3.8550 1.09955419 5.7924e+12
3.8600 1.08737017 5.7282e+12
3.8650 1.07766094 5.6770e+12
3.8700 1.06967159 5.6350e+12
3.8750 1.05853127 5.5763e+12
3.8800 1.04739679 5.5176e+12
3.8850 1.03632438 5.4593e+12
3.8900 1.02658343 5.4080e+12
3.8950 1.01531842 5.3486e+12
3.9000 1.00236098 5.2804e+12
3.9050 0.98591314 5.1937e+12
3.9100 0.97417242 5.1319e+12
3.9150 0.96380300 5.0772e+12
3.9200 0.95277653 5.0192e+12
3.9250 0.94027508 4.9533e+12
3.9300 0.92911284 4.8945e+12
3.9350 0.91705657 4.8310e+12
3.9400 0.90106482 4.7467e+12
3.9450 0.89010219 4.6890e+12
3.9500 0.87811571 4.6258e+12
3.9550 0.86369188 4.5499e+12
3.9600 0.84790497 4.4667e+12
3.9650 0.83709443 4.4098e+12
3.9700 0.81306468 4.2832e+12
3.9750 0.79767199 4.2021e+12
3.9800 0.78374962 4.1287e+12
3.9850 0.77015580 4.0571e+12
3.9900 0.75966287 4.0018e+12
3.9950 0.74929143 3.9472e+12
4.0000 0.73281743 3.8604e+12
4.0050 0.71186848 3.7501e+12
4.0100 0.69384985 3.6552e+12
4.0150 0.68027227 3.5836e+12
4.0200 0.66899301 3.5242e+12
4.0250 0.65193665 3.4344e+12
4.0300 0.63907580 3.3666e+12
4.0350 0.63112289 3.3247e+12
4.0400 0.61430130 3.2361e+12
4.0450 0.60092737 3.1656e+12
4.0500 0.58622545 3.0882e+12
4.0550 0.57262600 3.0166e+12
4.0600 0.55571669 2.9275e+12
4.0650 0.53927191 2.8408e+12
4.0700 0.52666201 2.7744e+12
4.0750 0.51671854 2.7220e+12
4.0800 0.50304448 2.6500e+12
4.0850 0.48743049 2.5677e+12
4.0900 0.47184542 2.4856e+12
4.0950 0.45903225 2.4181e+12
4.1000 0.44243147 2.3307e+12
4.1050 0.43235154 2.2776e+12
4.1100 0.41827734 2.2035e+12
4.1150 0.40447118 2.1307e+12
4.1200 0.38927055 2.0506e+12
4.1250 0.38189729 2.0118e+12
4.1300 0.36408745 1.9180e+12
4.1350 0.35076998 1.8478e+12
4.1400 0.34547910 1.8200e+12
4.1450 0.32475306 1.7108e+12
4.1500 0.32021544 1.6869e+12
4.1550 0.30767684 1.6208e+12
4.1600 0.29659355 1.5624e+12
4.1650 0.28139264 1.4824e+12
4.1700 0.27623448 1.4552e+12
4.1750 0.26709962 1.4071e+12
4.1800 0.25325240 1.3341e+12
4.1850 0.24393376 1.2850e+12
4.1900 0.23591230 1.2428e+12
4.1950 0.23069151 1.2153e+12
4.2000 0.21613508 1.1386e+12
4.2050 0.20862030 1.0990e+12
4.2100 0.20090928 1.0584e+12
4.2150 0.18498545 9.7449e+11
4.2200 0.18468531 9.7291e+11
4.2250 0.17384735 9.1582e+11
4.2300 0.16919522 8.9131e+11
4.2350 0.15804987 8.3260e+11
4.2400 0.15208308 8.0116e+11
4.2450 0.14516926 7.6474e+11
4.2500 0.13701543 7.2179e+11
4.2550 0.13157051 6.9310e+11
4.2600 0.11992313 6.3175e+11
4.2650 0.11714823 6.1713e+11
4.2700 0.11290152 5.9476e+11
4.2750 0.10432268 5.4956e+11
4.2800 0.09886858 5.2083e+11
4.2850 0.09700935 5.1104e+11
4.2900 0.09085774 4.7863e+11
4.2950 0.08306554 4.3758e+11
4.3000 0.08219154 4.3298e+11
4.3050 0.07613079 4.0105e+11
4.3100 0.06853313 3.6103e+11
4.3150 0.06845852 3.6063e+11
4.3200 0.06187297 3.2594e+11
4.3250 0.06157229 3.2436e+11
4.3300 0.05655138 2.9791e+11
4.3350 0.05458257 2.8754e+11
4.3400 0.04782941 2.5196e+11
4.3450 0.04724328 2.4887e+11
4.3500 0.04112298 2.1663e+11
4.3550 0.03955330 2.0836e+11
4.3600 0.03502330 1.8450e+11
4.3650 0.03762632 1.9821e+11
4.3700 0.03048934 1.6062e+11
4.3750 0.03001445 1.5811e+11
4.3800 0.02701934 1.4234e+11
4.3850 0.02612195 1.3761e+11
4.3900 0.02478555 1.3057e+11
4.3950 0.02259008 1.1900e+11
4.4000 0.02175535 1.1461e+11
4.4050 0.02051415 1.0807e+11
4.4100 0.01912026 1.0072e+11
4.4150 0.01756338 9.2523e+10
4.4200 0.01676952 8.8341e+10
4.4250 0.01295679 6.8255e+10
4.4300 0.01207301 6.3600e+10
4.4350 0.01062381 5.5965e+10
4.4400 0.01043432 5.4967e+10
4.4450 0.00954927 5.0305e+10
4.4500 0.01046363 5.5122e+10
4.4550 0.00942235 4.9636e+10
4.4600 0.00924464 4.8700e+10
4.4650 0.00699916 3.6871e+10
4.4700 0.00707706 3.7281e+10
4.4750 0.00568282 2.9937e+10
4.4800 0.00422212 2.2242e+10
4.4850 0.00496042 2.6131e+10
4.4900 0.00432705 2.2795e+10
4.4950 0.00414633 2.1843e+10
4.5000 0.00294081 1.5492e+10
4.5050 0.00233100 1.2280e+10
4.5100 0.00225097 1.1858e+10
4.5150 0.00232011 1.2222e+10
4.5200 0.00225738 1.1892e+10
4.5250 0.00191693 1.0098e+10
4.5300 0.00167757 8.8373e+09
4.5350 0.00193160 1.0176e+10
4.5400 0.00114112 6.0114e+09
4.5450 0.00077677 4.0920e+09
4.5500 0.00117911 6.2115e+09
4.5550 0.00164245 8.6523e+09
4.5600 0.00067749 3.5690e+09
4.5650 0.00039104 2.0600e+09
4.5700 0.00036803 1.9388e+09
4.5750 0.00041094 2.1648e+09
4.5800 0.00034845 1.8356e+09
4.5850 0.00098915 5.2108e+09
4.5900 0.00070845 3.7321e+09
4.5950 0.00029402 1.5489e+09
4.6000 0.00030086 1.5849e+09
4.6050 0.00030787 1.6218e+09
4.6100 0.00037399 1.9702e+09
4.6150 0.00096682 5.0931e+09
4.6200 0.00058491 3.0812e+09
4.6250 0.00033757 1.7783e+09
4.6300 0.00066667 3.5120e+09
4.6350 0.00035349 1.8622e+09
4.6400 0.00036171 1.9055e+09
4.6450 0.00037018 1.9501e+09
4.6500 0.00037893 1.9962e+09
4.6550 0.00038803 2.0441e+09
4.6600 0.00039712 2.0920e+09
4.6650 0.00040622 2.1400e+09
4.6700 0.00041532 2.1879e+09
4.6750 0.00042576 2.2429e+09
4.6800 0.00043717 2.3030e+09
4.6850 0.00044859 2.3631e+09
4.6900 0.00046000 2.4233e+09
4.6950 0.00047142 2.4834e+09
4.7000 0.00048283 2.5435e+09
4.7050 0.00049424 2.6036e+09
4.7100 0.00050566 2.6638e+09
4.7150 0.00051707 2.7239e+09
4.7200 0.00052848 2.7840e+09
4.7250 0.00053990 2.8441e+09
4.7300 0.00055131 2.9043e+09
4.7350 0.00056272 2.9644e+09
4.7400 0.00057414 3.0245e+09
4.7450 0.00000000 0.0000e+00
4.7500 0.00000000 0.0000e+00
4.7550 0.00000000 0.0000e+00
4.7600 0.00000000 0.0000e+00
4.7650 0.00000000 0.0000e+00
4.7700 0.00000000 0.0000e+00
4.7750 0.00000000 0.0000e+00
4.7800 0.00000000 0.0000e+00
4.7850 0.00000000 0.0000e+00
4.7900 0.00000000 0.0000e+00
4.7950 0.00000000 0.0000e+00
4.8000 0.00000000 0.0000e+00
4.8050 0.00000000 0.0000e+00
4.8100 0.00000000 0.0000e+00
4.8150 0.00000000 0.0000e+00
4.8200 0.00000000 0.0000e+00
4.8250 0.00000000 0.0000e+00
4.8300 0.00000000 0.0000e+00
4.8350 0.00000000 0.0000e+00
4.8400 0.00000000 0.0000e+00
4.8450 0.00000000 0.0000e+00
4.8500 0.00000000 0.0000e+00
4.8550 0.00000000 0.0000e+00
4.8600 0.00000000 0.0000e+00
4.8650 0.00000000 0.0000e+00
4.8700 0.00000000 0.0000e+00
4.8750 0.00000000 0.0000e+00
4.8800 0.00000000 0.0000e+00
4.8850 0.00000000 0.0000e+00
4.8900 0.00000000 0.0000e+00
4.8950 0.00000000 0.0000e+00
4.9000 0.00000000 0.0000e+00
4.9050 0.00000000 0.0000e+00
4.9100 0.00000000 0.0000e+00
4.9150 0.00000000 0.0000e+00
4.9200 0.00000000 0.0000e+00
4.9250 0.00000000 0.0000e+00
4.9300 0.00000000 0.0000e+00
4.9350 0.00000000 0.0000e+00
4.9400 0.00000000 0.0000e+00
4.9450 0.00000000 0.0000e+00
4.9500 0.00000000 0.0000e+00
4.9550 0.00000000 0.0000e+00
4.9600 0.00000000 0.0000e+00
4.9650 0.00000000 0.0000e+00
4.9700 0.00000000 0.0000e+00
4.9750 0.00000000 0.0000e+00
4.9800 0.00000000 0.0000e+00
4.9850 0.00000000 0.0000e+00
4.9900 0.00000000 0.0000e+00
4.9950 0.00000000 0.0000e+00
5.0000 0.00000000 0.0000e+00
5.0050 0.00000000 0.0000e+00
5.0100 0.00000000 0.0000e+00
5.0150 0.00000000 0.0000e+00
5.0200 0.00000000 0.0000e+00
5.0250 0.00000000 0.0000e+00
5.0300 0.00000000 0.0000e+00
5.0350 0.00000000 0.0000e+00
5.0400 0.00000000 0.0000e+00
5.0450 0.00000000 0.0000e+00
5.0500 0.00000000 0.0000e+00
5.0550 0.00000000 0.0000e+00
5.0600 0.00000000 0.0000e+00
5.0650 0.00000000 0.0000e+00
5.0700 0.00000000 0.0000e+00
5.0750 0.00000000 0.0000e+00
5.0800 0.00000000 0.0000e+00
5.0850 0.00000000 0.0000e+00
5.0900 0.00000000 0.0000e+00
5.0950 0.00000000 0.0000e+00
5.1000 0.00000000 0.0000e+00
5.1050 0.00000000 0.0000e+00
5.1100 0.00000000 0.0000e+00
5.1150 0.00000000 0.0000e+00
5.1200 0.00000000 0.0000e+00
5.1250 0.00000000 0.0000e+00
5.1300 0.00000000 0.0000e+00
5.1350 0.00000000 0.0000e+00
5.1400 0.00000000 0.0000e+00
5.1450 0.00000000 0.0000e+00
5.1500 0.00000000 0.0000e+00
5.1550 0.00000000 0.0000e+00
5.1600 0.00000000 0.0000e+00
5.1650 0.00000000 0.0000e+00
5.1700 0.00000000 0.0000e+00
5.1750 0.00000000 0.0000e+00
5.1800 0.00000000 0.0000e+00
5.1850 0.00000000 0.0000e+00
5.1900 0.00000000 0.0000e+00
5.1950 0.00000000 0.0000e+00
5.2000 0.00000000 0.0000e+00
5.2050 0.00000000 0.0000e+00
5.2100 0.00000000 0.0000e+00
5.2150 0.00000000 0.0000e+00
5.2200 0.00000000 0.0000e+00
5.2250 0.00000000 0.0000e+00
5.2300 0.00000000 0.0000e+00
5.2350 0.00000000 0.0000e+00
5.2400 0.00000000 0.0000e+00
5.2450 0.00000000 0.0000e+00
5.2500 0.00000000 0.0000e+00
5.2550 0.00000000 0.0000e+00
5.2600 0.00000000 0.0000e+00
5.2650 0.00000000 0.0000e+00
5.2700 0.00000000 0.0000e+00
5.2750 0.00000000 0.0000e+00
5.2800 0.00000000 0.0000e+00
5.2850 0.00000000 0.0000e+00
5.2900 0.00000000 0.0000e+00
5.2950 0.00000000 0.0000e+00
5.3000 0.00000000 0.0000e+00
5.3050 0.00000000 0.0000e+00
5.3100 0.00000000 0.0000e+00
5.3150 0.00000000 0.0000e+00
5.3200 0.00000000 0.0000e+00
5.3250 0.00000000 0.0000e+00
5.3300 0.00000000 0.0000e+00
5.3350 0.00000000 0.0000e+00
5.3400 0.00000000 0.0000e+00
5.3450 0.00000000 0.0000e+00
5.3500 0.00000000 0.0000e+00
5.3550 0.00000000 0.0000e+00
5.3600 0.00000000 0.0000e+00
5.3650 0.00000000 0.0000e+00
5.3700 0.00000000 0.0000e+00
5.3750 0.00000000 0.0000e+00
5.3800 0.00000000 0.0000e+00
5.3850 0.00000000 0.0000e+00
5.3900 0.00000000 0.0000e+00
5.3950 0.00000000 0.0000e+00
5.4000 0.00000000 0.0000e+00
5.4050 0.00000000 0.0000e+00
5.4100 0.00000000 0.0000e+00
5.4150 0.00000000 0.0000e+00
5.4200 0.00000000 0.0000e+00
5.4250 0.00000000 0.0000e+00
5.4300 0.00000000 0.0000e+00
5.4350 0.00000000 0.0000e+00
5.4400 0.00000000 0.0000e+00
5.4450 0.00000000 0.0000e+00
5.4500 0.00000000 0.0000e+00
5.4550 0.00000000 0.0000e+00
5.4600 0.00000000 0.0000e+00
5.4650 0.00000000 0.0000e+00
5.4700 0.00000000 0.0000e+00
5.4750 0.00000000 0.0000e+00
5.4800 0.00000000 0.0000e+00
5.4850 0.00000000 0.0000e+00
5.4900 0.00000000 0.0000e+00
5.4950 0.00000000 0.0000e+00
5.5000 0.00000000 0.0000e+00
5.5050 0.00000000 0.0000e+00
5.5100 0.00000000 0.0000e+00
5.5150 0.00000000 0.0000e+00
5.5200 0.00000000 0.0000e+00
5.5250 0.00000000 0.0000e+00
5.5300 0.00000000 0.0000e+00
5.5350 0.00000000 0.0000e+00
5.5400 0.00000000 0.0000e+00
5.5450 0.00000000 0.0000e+00
5.5500 0.00000000 0.0000e+00
5.5550 0.00000000 0.0000e+00
5.5600 0.00000000 0.0000e+00
5.5650 0.00000000 0.0000e+00
5.5700 0.00000000 0.0000e+00
5.5750 0.00000000 0.0000e+00
5.5800 0.00000000 0.0000e+00
5.5850 0.00000000 0.0000e+00
5.5900 0.00000000 0.0000e+00
5.5950 0.00000000 0.0000e+00
5.6000 0.00000000 0.0000e+00
5.6050 0.00000000 0.0000e+00
5.6100 0.00000000 0.0000e+00
5.6150 0.00000000 0.0000e+00
5.6200 0.00000000 0.0000e+00
5.6250 0.00000000 0.0000e+00
5.6300 0.00000000 0.0000e+00
5.6350 0.00000000 0.0000e+00
5.6400 0.00000000 0.0000e+00
5.6450 0.00000000 0.0000e+00
5.6500 0.00000000 0.0000e+00
5.6550 0.00000000 0.0000e+00
5.6600 0.00000000 0.0000e+00
5.6650 0.00000000 0.0000e+00
5.6700 0.00000000 0.0000e+00
5.6750 0.00000000 0.0000e+00
5.6800 0.00000000 0.0000e+00
5.6850 0.00000000 0.0000e+00
5.6900 0.00000000 0.0000e+00
5.6950 0.00000000 0.0000e+00
5.7000 0.00000000 0.0000e+00
5.7050 0.00000000 0.0000e+00
5.7100 0.00000000 0.0000e+00
5.7150 0.00000000 0.0000e+00
5.7200 0.00000000 0.0000e+00
5.7250 0.00000000 0.0000e+00
5.7300 0.00000000 0.0000e+00
5.7350 0.00000000 0.0000e+00
5.7400 0.00000000 0.0000e+00
5.7450 0.00000000 0.0000e+00
5.7500 0.00000000 0.0000e+00
5.7550 0.00000000 0.0000e+00
5.7600 0.00000000 0.0000e+00
5.7650 0.00000000 0.0000e+00
5.7700 0.00000000 0.0000e+00
5.7750 0.00000000 0.0000e+00
5.7800 0.00000000 0.0000e+00
5.7850 0.00000000 0.0000e+00
5.7900 0.00000000 0.0000e+00
5.7950 0.00000000 0.0000e+00
5.8000 0.00000000 0.0000e+00
5.8050 0.00000000 0.0000e+00
5.8100 0.00000000 0.0000e+00
5.8150 0.00000000 0.0000e+00
5.8200 0.00000000 0.0000e+00
5.8250 0.00000000 0.0000e+00
5.8300 0.00000000 0.0000e+00
5.8350 0.00000000 0.0000e+00
5.8400 0.00000000 0.0000e+00
5.8450 0.00000000 0.0000e+00
5.8500 0.00000000 0.0000e+00
5.8550 0.00000000 0.0000e+00
5.8600 0.00000000 0.0000e+00
5.8650 0.00000000 0.0000e+00
5.8700 0.00000000 0.0000e+00
5.8750 0.00000000 0.0000e+00
5.8800 0.00000000 0.0000e+00
5.8850 0.00000000 0.0000e+00
5.8900 0.00000000 0.0000e+00
5.8950 0.00000000 0.0000e+00
5.9000 0.00000000 0.0000e+00
5.9050 0.00000000 0.0000e+00
5.9100 0.00000000 0.0000e+00
5.9150 0.00000000 0.0000e+00
5.9200 0.00000000 0.0000e+00
5.9250 0.00000000 0.0000e+00
5.9300 0.00000000 0.0000e+00
5.9350 0.00000000 0.0000e+00
5.9400 0.00000000 0.0000e+00
5.9450 0.00000000 0.0000e+00
5.9500 0.00000000 0.0000e+00
5.9550 0.00000000 0.0000e+00
5.9600 0.00000000 0.0000e+00
5.9650 0.00000000 0.0000e+00
5.9700 0.00000000 0.0000e+00
5.9750 0.00000000 0.0000e+00
5.9800 0.00000000 0.0000e+00
5.9850 0.00000000 0.0000e+00
5.9900 0.00000000 0.0000e+00
5.9950 0.00000000 0.0000e+00
6.0000 0.00000000 0.0000e+00
6.0050 0.00000000 0.0000e+00
6.0100 0.00000000 0.0000e+00
6.0150 0.00000000 0.0000e+00
6.0200 0.00000000 0.0000e+00
6.0250 0.00000000 0.0000e+00
6.0300 0.00000000 0.0000e+00
6.0350 0.00000000 0.0000e+00
6.0400 0.00000000 0.0000e+00
6.0450 0.00000000 0.0000e+00
6.0500 0.00000000 0.0000e+00
6.0550 0.00000000 0.0000e+00
6.0600 0.00000000 0.0000e+00
6.0650 0.00000000 0.0000e+00
6.0700 0.00000000 0.0000e+00
6.0750 0.00000000 0.0000e+00
6.0800 0.00000000 0.0000e+00
6.0850 0.00000000 0.0000e+00
6.0900 0.00000000 0.0000e+00
6.0950 0.00000000 0.0000e+00
6.1000 0.00000000 0.0000e+00
6.1050 0.00000000 0.0000e+00
6.1100 0.00000000 0.0000e+00
6.1150 0.00000000 0.0000e+00
6.1200 0.00000000 0.0000e+00
6.1250 0.00000000 0.0000e+00
6.1300 0.00000000 0.0000e+00
6.1350 0.00000000 0.0000e+00
6.1400 0.00000000 0.0000e+00
6.1450 0.00000000 0.0000e+00
6.1500 0.00000000 0.0000e+00
6.1550 0.00000000 0.0000e+00
6.1600 0.00000000 0.0000e+00
6.1650 0.00000000 0.0000e+00
6.1700 0.00000000 0.0000e+00
6.1750 0.00000000 0.0000e+00
6.1800 0.00000000 0.0000e+00
6.1850 0.00000000 0.0000e+00
6.1900 0.00000000 0.0000e+00
6.1950 0.00000000 0.0000e+00
6.2000 0.00000000 0.0000e+00
6.2050 0.00000000 0.0000e+00
6.2100 0.00000000 0.0000e+00
6.2150 0.00000000 0.0000e+00
6.2200 0.00000000 0.0000e+00
6.2250 0.00000000 0.0000e+00
6.2300 0.00000000 0.0000e+00
6.2350 0.00000000 0.0000e+00
6.2400 0.00000000 0.0000e+00
6.2450 0.00000000 0.0000e+00
6.2500 0.00000000 0.0000e+00
6.2550 0.00000000 0.0000e+00
6.2600 0.00000000 0.0000e+00
6.2650 0.00000000 0.0000e+00
6.2700 0.00000000 0.0000e+00
6.2750 0.00000000 0.0000e+00
6.2800 0.00000000 0.0000e+00
6.2850 0.00000000 0.0000e+00
6.2900 0.00000000 0.0000e+00
6.2950 0.00000000 0.0000e+00
6.3000 0.00000000 0.0000e+00
6.3050 0.00000000 0.0000e+00
6.3100 0.00000000 0.0000e+00
6.3150 0.00000000 0.0000e+00
6.3200 0.00000000 0.0000e+00
6.3250 0.00000000 0.0000e+00
6.3300 0.00000000 0.0000e+00
6.3350 0.00000000 0.0000e+00
6.3400 0.00000000 0.0000e+00
6.3450 0.00000000 0.0000e+00
6.3500 0.00000000 0.0000e+00
6.3550 0.00000000 0.0000e+00
6.3600 0.00000000 0.0000e+00
6.3650 0.00000000 0.0000e+00
6.3700 0.00000000 0.0000e+00
6.3750 0.00000000 0.0000e+00
6.3800 0.00000000 0.0000e+00
6.3850 0.00000000 0.0000e+00
6.3900 0.00000000 0.0000e+00
6.3950 0.00000000 0.0000e+00
6.4000 0.00000000 0.0000e+00
6.4050 0.00000000 0.0000e+00
6.4100 0.00000000 0.0000e+00
6.4150 0.00000000 0.0000e+00
6.4200 0.00000000 0.0000e+00
6.4250 0.00000000 0.0000e+00
6.4300 0.00000000 0.0000e+00
6.4350 0.00000000 0.0000e+00
6.4400 0.00000000 0.0000e+00
6.4450 0.00000000 0.0000e+00
6.4500 0.00000000 0.0000e+00
6.4550 0.00000000 0.0000e+00
6.4600 0.00000000 0.0000e+00
6.4650 0.00000000 0.0000e+00
6.4700 0.00000000 0.0000e+00
6.4750 0.00000000 0.0000e+00
6.4800 0.00000000 0.0000e+00
6.4850 0.00000000 0.0000e+00
6.4900 0.00000000 0.0000e+00
6.4950 0.00000000 0.0000e+00
6.5000 0.00000000 0.0000e+00
6.5050 0.00000000 0.0000e+00
6.5100 0.00000000 0.0000e+00
6.5150 0.00000000 0.0000e+00
6.5200 0.00000000 0.0000e+00
6.5250 0.00000000 0.0000e+00
6.5300 0.00000000 0.0000e+00
6.5350 0.00000000 0.0000e+00
6.5400 0.00000000 0.0000e+00
6.5450 0.00000000 0.0000e+00
6.5500 0.00000000 0.0000e+00
6.5550 0.00000000 0.0000e+00
6.5600 0.00000000 0.0000e+00
6.5650 0.00000000 0.0000e+00
6.5700 0.00000000 0.0000e+00
6.5750 0.00000000 0.0000e+00
6.5800 0.00000000 0.0000e+00
6.5850 0.00000000 0.0000e+00
6.5900 0.00000000 0.0000e+00
6.5950 0.00000000 0.0000e+00
6.6000 0.00000000 0.0000e+00
6.6050 0.00000000 0.0000e+00
6.6100 0.00000000 0.0000e+00
6.6150 0.00000000 0.0000e+00
6.6200 0.00000000 0.0000e+00
6.6250 0.00000000 0.0000e+00
6.6300 0.00000000 0.0000e+00
6.6350 0.00000000 0.0000e+00
6.6400 0.00000000 0.0000e+00
6.6450 0.00000000 0.0000e+00
6.6500 0.00000000 0.0000e+00
6.6550 0.00000000 0.0000e+00
6.6600 0.00000000 0.0000e+00
6.6650 0.00000000 0.0000e+00
6.6700 0.00000000 0.0000e+00
6.6750 0.00000000 0.0000e+00
6.6800 0.00000000 0.0000e+00
6.6850 0.00000000 0.0000e+00
6.6900 0.00000000 0.0000e+00
6.6950 0.00000000 0.0000e+00
6.7000 0.00000000 0.0000e+00
6.7050 0.00000000 0.0000e+00
6.7100 0.00000000 0.0000e+00
6.7150 0.00000000 0.0000e+00
6.7200 0.00000000 0.0000e+00
6.7250 0.00000000 0.0000e+00
6.7300 0.00000000 0.0000e+00
6.7350 0.00000000 0.0000e+00
6.7400 0.00000000 0.0000e+00
6.7450 0.00000000 0.0000e+00
6.7500 0.00000000 0.0000e+00
6.7550 0.00000000 0.0000e+00
6.7600 0.00000000 0.0000e+00
6.7650 0.00000000 0.0000e+00
6.7700 0.00000000 0.0000e+00
6.7750 0.00000000 0.0000e+00
6.7800 0.00000000 0.0000e+00
6.7850 0.00000000 0.0000e+00
6.7900 0.00000000 0.0000e+00
6.7950 0.00000000 0.0000e+00
6.8000 0.00000000 0.0000e+00
6.8050 0.00000000 0.0000e+00
6.8100 0.00000000 0.0000e+00
6.8150 0.00000000 0.0000e+00
6.8200 0.00000000 0.0000e+00
6.8250 0.00000000 0.0000e+00
6.8300 0.00000000 0.0000e+00
6.8350 0.00000000 0.0000e+00
6.8400 0.00000000 0.0000e+00
6.8450 0.00000000 0.0000e+00
6.8500 0.00000000 0.0000e+00
6.8550 0.00000000 0.0000e+00
6.8600 0.00000000 0.0000e+00
6.8650 0.00000000 0.0000e+00
6.8700 0.00000000 0.0000e+00
6.8750 0.00000000 0.0000e+00
6.8800 0.00000000 0.0000e+00
6.8850 0.00000000 0.0000e+00
6.8900 0.00000000 0.0000e+00
6.8950 0.00000000 0.0000e+00
6.9000 0.00000000 0.0000e+00
6.9050 0.00000000 0.0000e+00
6.9100 0.00000000 0.0000e+00
6.9150 0.00000000 0.0000e+00
6.9200 0.00000000 0.0000e+00
6.9250 0.00000000 0.0000e+00
6.9300 0.00000000 0.0000e+00
6.9350 0.00000000 0.0000e+00
6.9400 0.00000000 0.0000e+00
6.9450 0.00000000 0.0000e+00
6.9500 0.00000000 0.0000e+00
6.9550 0.00000000 0.0000e+00
6.9600 0.00000000 0.0000e+00
6.9650 0.00000000 0.0000e+00
6.9700 0.00000000 0.0000e+00
6.9750 0.00000000 0.0000e+00
6.9800 0.00000000 0.0000e+00
6.9850 0.00000000 0.0000e+00
6.9900 0.00000000 0.0000e+00
6.9950 0.00000000 0.0000e+00
7.0000 0.00000000 0.0000e+00
7.0050 0.00000000 0.0000e+00
7.0100 0.00000000 0.0000e+00
7.0150 0.00000000 0.0000e+00
7.0200 0.00000000 0.0000e+00
7.0250 0.00000000 0.0000e+00
7.0300 0.00000000 0.0000e+00
7.0350 0.00000000 0.0000e+00
7.0400 0.00000000 0.0000e+00
7.0450 0.00000000 0.0000e+00
7.0500 0.00000000 0.0000e+00
7.0550 0.00000000 0.0000e+00
7.0600 0.00000000 0.0000e+00
7.0650 0.00000000 0.0000e+00
7.0700 0.00000000 0.0000e+00
7.0750 0.00000000 0.0000e+00
7.0800 0.00000000 0.0000e+00
7.0850 0.00000000 0.0000e+00
7.0900 0.00000000 0.0000e+00
7.0950 0.00000000 0.0000e+00
7.1000 0.00000000 0.0000e+00
7.1050 0.00000000 0.0000e+00
7.1100 0.00000000 0.0000e+00
7.1150 0.00000000 0.0000e+00
7.1200 0.00000000 0.0000e+00
7.1250 0.00000000 0.0000e+00
7.1300 0.00000000 0.0000e+00
7.1350 0.00000000 0.0000e+00
7.1400 0.00000000 0.0000e+00
7.1450 0.00000000 0.0000e+00
7.1500 0.00000000 0.0000e+00
7.1550 0.00000000 0.0000e+00
7.1600 0.00000000 0.0000e+00
7.1650 0.00000000 0.0000e+00
7.1700 0.00000000 0.0000e+00
7.1750 0.00000000 0.0000e+00
7.1800 0.00000000 0.0000e+00
7.1850 0.00000000 0.0000e+00
7.1900 0.00000000 0.0000e+00
7.1950 0.00000000 0.0000e+00
7.2000 0.00000000 0.0000e+00
7.2050 0.00000000 0.0000e+00
7.2100 0.00000000 0.0000e+00
7.2150 0.00000000 0.0000e+00
7.2200 0.00000000 0.0000e+00
7.2250 0.00000000 0.0000e+00
7.2300 0.00000000 0.0000e+00
7.2350 0.00000000 0.0000e+00
7.2400 0.00000000 0.0000e+00
7.2450 0.00000000 0.0000e+00
7.2500 0.00000000 0.0000e+00
7.2550 0.00000000 0.0000e+00
7.2600 0.00000000 0.0000e+00
7.2650 0.00000000 0.0000e+00
7.2700 0.00000000 0.0000e+00
7.2750 0.00000000 0.0000e+00
7.2800 0.00000000 0.0000e+00
7.2850 0.00000000 0.0000e+00
7.2900 0.00000000 0.0000e+00
7.2950 0.00000000 0.0000e+00
7.3000 0.00000000 0.0000e+00
7.3050 0.00000000 0.0000e+00
7.3100 0.00000000 0.0000e+00
7.3150 0.00000000 0.0000e+00
7.3200 0.00000000 0.0000e+00
7.3250 0.00000000 0.0000e+00
7.3300 0.00000000 0.0000e+00
7.3350 0.00000000 0.0000e+00
7.3400 0.00000000 0.0000e+00
7.3450 0.00000000 0.0000e+00
7.3500 0.00000000 0.0000e+00
7.3550 0.00000000 0.0000e+00
7.3600 0.00000000 0.0000e+00
7.3650 0.00000000 0.0000e+00
7.3700 0.00000000 0.0000e+00
7.3750 0.00000000 0.0000e+00
7.3800 0.00000000 0.0000e+00
7.3850 0.00000000 0.0000e+00
7.3900 0.00000000 0.0000e+00
7.3950 0.00000000 0.0000e+00
7.4000 0.00000000 0.0000e+00
7.4050 0.00000000 0.0000e+00
7.4100 0.00000000 0.0000e+00
7.4150 0.00000000 0.0000e+00
7.4200 0.00000000 0.0000e+00
7.4250 0.00000000 0.0000e+00
7.4300 0.00000000 0.0000e+00
7.4350 0.00000000 0.0000e+00
7.4400 0.00000000 0.0000e+00
7.4450 0.00000000 0.0000e+00
7.4500 0.00000000 0.0000e+00
7.4550 0.00000000 0.0000e+00
7.4600 0.00000000 0.0000e+00
7.4650 0.00000000 0.0000e+00
7.4700 0.00000000 0.0000e+00
7.4750 0.00000000 0.0000e+00
7.4800 0.00000000 0.0000e+00
7.4850 0.00000000 0.0000e+00
7.4900 0.00000000 0.0000e+00
7.4950 0.00000000 0.0000e+00
7.5000 0.00000000 0.0000e+00
7.5050 0.00000000 0.0000e+00
7.5100 0.00000000 0.0000e+00
7.5150 0.00000000 0.0000e+00
7.5200 0.00000000 0.0000e+00
7.5250 0.00000000 0.0000e+00
7.5300 0.00000000 0.0000e+00
7.5350 0.00000000 0.0000e+00
7.5400 0.00000000 0.0000e+00
7.5450 0.00000000 0.0000e+00
7.5500 0.00000000 0.0000e+00
7.5550 0.00000000 0.0000e+00
7.5600 0.00000000 0.0000e+00
7.5650 0.00000000 0.0000e+00
7.5700 0.00000000 0.0000e+00
7.5750 0.00000000 0.0000e+00
7.5800 0.00000000 0.0000e+00
7.5850 0.00000000 0.0000e+00
7.5900 0.00000000 0.0000e+00
7.5950 0.00000000 0.0000e+00
7.6000 0.00000000 0.0000e+00
7.6050 0.00000000 0.0000e+00
7.6100 0.00000000 0.0000e+00
7.6150 0.00000000 0.0000e+00
7.6200 0.00000000 0.0000e+00
7.6250 0.00000000 0.0000e+00
7.6300 0.00000000 0.0000e+00
7.6350 0.00000000 0.0000e+00
7.6400 0.00000000 0.0000e+00
7.6450 0.00000000 0.0000e+00
7.6500 0.00000000 0.0000e+00
7.6550 0.00000000 0.0000e+00
7.6600 0.00000000 0.0000e+00
7.6650 0.00000000 0.0000e+00
7.6700 0.00000000 0.0000e+00
7.6750 0.00000000 0.0000e+00
7.6800 0.00000000 0.0000e+00
7.6850 0.00000000 0.0000e+00
7.6900 0.00000000 0.0000e+00
7.6950 0.00000000 0.0000e+00
7.7000 0.00000000 0.0000e+00
7.7050 0.00000000 0.0000e+00
7.7100 0.00000000 0.0000e+00
7.7150 0.00000000 0.0000e+00
7.7200 0.00000000 0.0000e+00
7.7250 0.00000000 0.0000e+00
7.7300 0.00000000 0.0000e+00
7.7350 0.00000000 0.0000e+00
7.7400 0.00000000 0.0000e+00
7.7450 0.00000000 0.0000e+00
7.7500 0.00000000 0.0000e+00
7.7550 0.00000000 0.0000e+00
7.7600 0.00000000 0.0000e+00
7.7650 0.00000000 0.0000e+00
7.7700 0.00000000 0.0000e+00
7.7750 0.00000000 0.0000e+00
7.7800 0.00000000 0.0000e+00
7.7850 0.00000000 0.0000e+00
7.7900 0.00000000 0.0000e+00
7.7950 0.00000000 0.0000e+00
7.8000 0.00000000 0.0000e+00
7.8050 0.00000000 0.0000e+00
7.8100 0.00000000 0.0000e+00
7.8150 0.00000000 0.0000e+00
7.8200 0.00000000 0.0000e+00
7.8250 0.00000000 0.0000e+00
7.8300 0.00000000 0.0000e+00
7.8350 0.00000000 0.0000e+00
7.8400 0.00000000 0.0000e+00
7.8450 0.00000000 0.0000e+00
7.8500 0.00000000 0.0000e+00
7.8550 0.00000000 0.0000e+00
7.8600 0.00000000 0.0000e+00
7.8650 0.00000000 0.0000e+00
7.8700 0.00000000 0.0000e+00
7.8750 0.00000000 0.0000e+00
7.8800 0.00000000 0.0000e+00
7.8850 0.00000000 0.0000e+00
7.8900 0.00000000 0.0000e+00
7.8950 0.00000000 0.0000e+00
7.9000 0.00000000 0.0000e+00
7.9050 0.00000000 0.0000e+00
7.9100 0.00000000 0.0000e+00
7.9150 0.00000000 0.0000e+00
7.9200 0.00000000 0.0000e+00
7.9250 0.00000000 0.0000e+00
7.9300 0.00000000 0.0000e+00
7.9350 0.00000000 0.0000e+00
7.9400 0.00000000 0.0000e+00
7.9450 0.00000000 0.0000e+00
7.9500 0.00000000 0.0000e+00
7.9550 0.00000000 0.0000e+00
7.9600 0.00000000 0.0000e+00
7.9650 0.00000000 0.0000e+00
7.9700 0.00000000 0.0000e+00
7.9750 0.00000000 0.0000e+00
7.9800 0.00000000 0.0000e+00
7.9850 0.00000000 0.0000e+00
7.9900 0.00000000 0.0000e+00
7.9950 0.00000000 0.0000e+00
8.0000 0.00000000 0.0000e+00
