0.0050 0.00000000 0.0000e+00
0.0100 0.00000000 0.0000e+00
0.0150 0.00000000 0.0000e+00
0.0200 0.00000000 0.0000e+00
0.0250 0.00000000 0.0000e+00
0.0300 0.00000000 0.0000e+00
0.0350 0.00000000 0.0000e+00
0.0400 0.00000000 0.0000e+00
0.0450 0.00000000 0.0000e+00
0.0500 0.00000000 0.0000e+00
0.0550 0.00000000 0.0000e+00
0.0600 0.00000000 0.0000e+00
0.0650 0.00000000 0.0000e+00
0.0700 0.00000000 0.0000e+00
0.0750 0.00000000 0.0000e+00
0.0800 0.00000000 0.0000e+00
0.0850 0.00000000 0.0000e+00
0.0900 0.00000000 0.0000e+00
0.0950 0.00000000 0.0000e+00
0.1000 0.00000000 0.0000e+00
0.1050 0.00000000 0.0000e+00
0.1100 0.00000000 0.0000e+00
0.1150 0.00000000 0.0000e+00
0.1200 0.00000000 0.0000e+00
0.1250 0.00000000 0.0000e+00
0.1300 0.00000000 0.0000e+00
0.1350 0.00000000 0.0000e+00
0.1400 0.00000000 0.0000e+00
0.1450 0.00000000 0.0000e+00
0.1500 0.00000000 0.0000e+00
0.1550 0.00000000 0.0000e+00
0.1600 0.00000000 0.0000e+00
0.1650 0.00000000 0.0000e+00
0.1700 0.00000000 0.0000e+00
0.1750 0.00000000 0.0000e+00
0.1800 0.00000000 0.0000e+00
0.1850 0.00000000 0.0000e+00
0.1900 0.00000000 0.0000e+00
0.1950 0.00000000 0.0000e+00
0.2000 0.00000000 0.0000e+00
0.2050 0.00000000 0.0000e+00
0.2100 0.00000000 0.0000e+00
0.2150 0.00000000 0.0000e+00
0.2200 0.00000000 0.0000e+00
0.2250 0.00000000 0.0000e+00
0.2300 0.00000000 0.0000e+00
0.2350 0.00000000 0.0000e+00
0.2400 0.00000000 0.0000e+00
0.2450 0.00000000 0.0000e+00
0.2500 0.00000000 0.0000e+00
0.2550 0.00000000 0.0000e+00
0.2600 0.00000000 0.0000e+00
0.2650 0.00000000 0.0000e+00
0.2700 0.00000000 0.0000e+00
0.2750 0.00000000 0.0000e+00
0.2800 0.00000000 0.0000e+00
0.2850 0.00000000 0.0000e+00
0.2900 0.00000000 0.0000e+00
0.2950 0.00000000 0.0000e+00
0.3000 0.00000000 0.0000e+00
0.3050 0.00000000 0.0000e+00
0.3100 0.00000000 0.0000e+00
0.3150 0.00000000 0.0000e+00
0.3200 0.00000000 0.0000e+00
0.3250 0.00000000 0.0000e+00
0.3300 0.00000000 0.0000e+00
0.3350 0.00000000 0.0000e+00
0.3400 0.00000000 0.0000e+00
0.3450 0.00000000 0.0000e+00
0.3500 0.00000000 0.0000e+00
0.3550 0.00000000 0.0000e+00
0.3600 0.00000000 0.0000e+00
0.3650 0.00000000 0.0000e+00
0.3700 0.00000000 0.0000e+00
0.3750 0.00000000 0.0000e+00
0.3800 0.00000000 0.0000e+00
0.3850 0.00000000 0.0000e+00
0.3900 0.00000000 0.0000e+00
0.3950 0.00000000 0.0000e+00
0.4000 0.00000000 0.0000e+00
0.4050 0.00000000 0.0000e+00
0.4100 0.00000000 0.0000e+00
0.4150 0.00000000 0.0000e+00
0.4200 0.00000000 0.0000e+00
0.4250 0.00000000 0.0000e+00
0.4300 0.00000000 0.0000e+00
0.4350 0.00000000 0.0000e+00
0.4400 0.00000000 0.0000e+00
0.4450 0.00000000 0.0000e+00
0.4500 0.00000000 0.0000e+00
0.4550 0.00000000 0.0000e+00
0.4600 0.00000000 0.0000e+00
0.4650 0.00000000 0.0000e+00
0.4700 0.00000000 0.0000e+00
0.4750 0.00000000 0.0000e+00
0.4800 0.00000000 0.0000e+00
0.4850 0.00000000 0.0000e+00
0.4900 0.00000000 0.0000e+00
0.4950 0.00000000 0.0000e+00
0.5000 0.00000000 0.0000e+00
0.5050 0.00000000 0.0000e+00
0.5100 0.00000000 0.0000e+00
0.5150 0.00000000 0.0000e+00
0.5200 0.00000000 0.0000e+00
0.5250 0.00000000 0.0000e+00
0.5300 0.00000000 0.0000e+00
0.5350 0.00000000 0.0000e+00
0.5400 0.00000000 0.0000e+00
0.5450 0.00000000 0.0000e+00
0.5500 0.00000000 0.0000e+00
0.5550 0.00000000 0.0000e+00
0.5600 0.00000000 0.0000e+00
0.5650 0.00000000 0.0000e+00
0.5700 0.00000000 0.0000e+00
0.5750 0.00000000 0.0000e+00
0.5800 0.00000000 0.0000e+00
0.5850 0.00000000 0.0000e+00
0.5900 0.00000000 0.0000e+00
0.5950 0.00000000 0.0000e+00
0.6000 0.00000000 0.0000e+00
0.6050 0.00000000 0.0000e+00
0.6100 0.00000000 0.0000e+00
0.6150 0.00000000 0.0000e+00
0.6200 0.00000000 0.0000e+00
0.6250 0.00000000 0.0000e+00
0.6300 0.00000000 0.0000e+00
0.6350 0.00000000 0.0000e+00
0.6400 0.00000000 0.0000e+00
0.6450 0.00000000 0.0000e+00
0.6500 0.00000000 0.0000e+00
0.6550 0.00000000 0.0000e+00
0.6600 0.00000000 0.0000e+00
0.6650 0.00000000 0.0000e+00
0.6700 0.00000000 0.0000e+00
0.6750 0.00000000 0.0000e+00
0.6800 0.00000000 0.0000e+00
0.6850 0.00000000 0.0000e+00
0.6900 0.00000000 0.0000e+00
0.6950 0.00000000 0.0000e+00
0.7000 0.00000000 0.0000e+00
0.7050 0.00000000 0.0000e+00
0.7100 0.00000000 0.0000e+00
0.7150 0.00000000 0.0000e+00
0.7200 0.00000000 0.0000e+00
0.7250 0.00000000 0.0000e+00
0.7300 0.00000000 0.0000e+00
0.7350 0.00000000 0.0000e+00
0.7400 0.00000000 0.0000e+00
0.7450 0.00000000 0.0000e+00
0.7500 0.00000000 0.0000e+00
0.7550 0.00000000 0.0000e+00
0.7600 0.00000000 0.0000e+00
0.7650 0.00000000 0.0000e+00
0.7700 0.00000000 0.0000e+00
0.7750 0.00000000 0.0000e+00
0.7800 0.00000000 0.0000e+00
0.7850 0.00000000 0.0000e+00
0.7900 0.00000000 0.0000e+00
0.7950 0.00000000 0.0000e+00
0.8000 0.00000000 0.0000e+00
0.8050 0.00000000 0.0000e+00
0.8100 0.00000000 0.0000e+00
0.8150 0.00000000 0.0000e+00
0.8200 0.00000000 0.0000e+00
0.8250 0.00000000 0.0000e+00
0.8300 0.00000000 0.0000e+00
0.8350 0.00000000 0.0000e+00
0.8400 0.00000000 0.0000e+00
0.8450 0.00000000 0.0000e+00
0.8500 0.00000000 0.0000e+00
0.8550 0.00000000 0.0000e+00
0.8600 0.00000000 0.0000e+00
0.8650 0.00000000 0.0000e+00
0.8700 0.00000000 0.0000e+00
0.8750 0.00000000 0.0000e+00
0.8800 0.00000000 0.0000e+00
0.8850 0.00000000 0.0000e+00
0.8900 0.00000000 0.0000e+00
0.8950 0.00000000 0.0000e+00
0.9000 0.00000000 0.0000e+00
0.9050 0.00000000 0.0000e+00
0.9100 0.00000000 0.0000e+00
0.9150 0.00000000 0.0000e+00
0.9200 0.00000000 0.0000e+00
0.9250 0.00000000 0.0000e+00
0.9300 0.00000000 0.0000e+00
0.9350 0.00000000 0.0000e+00
0.9400 0.00000000 0.0000e+00
0.9450 0.00000000 0.0000e+00
0.9500 0.00000000 0.0000e+00
0.9550 0.00000000 0.0000e+00
0.9600 0.00000000 0.0000e+00
0.9650 0.00000000 0.0000e+00
0.9700 0.00000000 0.0000e+00
0.9750 0.00000000 0.0000e+00
0.9800 0.00000000 0.0000e+00
0.9850 0.00000000 0.0000e+00
0.9900 0.00000000 0.0000e+00
0.9950 0.00000000 0.0000e+00
1.0000 0.00000000 0.0000e+00
1.0050 0.00000000 0.0000e+00
1.0100 0.00000000 0.0000e+00
1.0150 0.00000000 0.0000e+00
1.0200 0.00000000 0.0000e+00
1.0250 0.00000000 0.0000e+00
1.0300 0.00000000 0.0000e+00
1.0350 0.00000000 0.0000e+00
1.0400 0.00000000 0.0000e+00
1.0450 0.00000000 0.0000e+00
1.0500 0.00000000 0.0000e+00
1.0550 0.00000000 0.0000e+00
1.0600 0.00000000 0.0000e+00
1.0650 0.00000000 0.0000e+00
1.0700 0.00000000 0.0000e+00
1.0750 0.00000000 0.0000e+00
1.0800 0.00000000 0.0000e+00
1.0850 0.00000000 0.0000e+00
1.0900 0.00000000 0.0000e+00
1.0950 0.00000000 0.0000e+00
1.1000 0.00000000 0.0000e+00
1.1050 0.00000000 0.0000e+00
1.1100 0.00000000 0.0000e+00
1.1150 0.00000000 0.0000e+00
1.1200 0.00000000 0.0000e+00
1.1250 0.00000000 0.0000e+00
1.1300 0.00000000 0.0000e+00
1.1350 0.00000000 0.0000e+00
1.1400 0.00000000 0.0000e+00
1.1450 0.00000000 0.0000e+00
1.1500 0.00000000 0.0000e+00
1.1550 0.00000000 0.0000e+00
1.1600 0.00000000 0.0000e+00
1.1650 0.00000000 0.0000e+00
1.1700 0.00000000 0.0000e+00
1.1750 0.00000000 0.0000e+00
1.1800 0.00000000 0.0000e+00
1.1850 0.00000000 0.0000e+00
1.1900 0.00000000 0.0000e+00
1.1950 0.00000000 0.0000e+00
1.2000 0.00000000 0.0000e+00
1.2050 0.00000000 0.0000e+00
1.2100 0.00000000 0.0000e+00
1.2150 0.00000000 0.0000e+00
1.2200 0.00000000 0.0000e+00
1.2250 0.00000000 0.0000e+00
1.2300 0.00000000 0.0000e+00
1.2350 0.00000000 0.0000e+00
1.2400 0.00000000 0.0000e+00
1.2450 0.00000000 0.0000e+00
1.2500 0.00000000 0.0000e+00
1.2550 0.00000000 0.0000e+00
1.2600 0.00000000 0.0000e+00
1.2650 0.00000000 0.0000e+00
1.2700 0.00000000 0.0000e+00
1.2750 0.00000000 0.0000e+00
1.2800 0.00000000 0.0000e+00
1.2850 0.00000000 0.0000e+00
1.2900 0.00000000 0.0000e+00
1.2950 0.00000000 0.0000e+00
1.3000 0.00000000 0.0000e+00
1.3050 0.00000000 0.0000e+00
1.3100 0.00000000 0.0000e+00
1.3150 0.00000000 0.0000e+00
1.3200 0.00000000 0.0000e+00
1.3250 0.00000000 0.0000e+00
1.3300 0.00000000 0.0000e+00
1.3350 0.00000000 0.0000e+00
1.3400 0.00000000 0.0000e+00
1.3450 0.00000000 0.0000e+00
1.3500 0.00000000 0.0000e+00
1.3550 0.00000000 0.0000e+00
1.3600 0.00000000 0.0000e+00
1.3650 0.00000000 0.0000e+00
1.3700 0.00000000 0.0000e+00
1.3750 0.00000000 0.0000e+00
1.3800 0.00000000 0.0000e+00
1.3850 0.00000000 0.0000e+00
1.3900 0.00000000 0.0000e+00
1.3950 0.00000000 0.0000e+00
1.4000 0.00000000 0.0000e+00
1.4050 0.00000000 0.0000e+00
1.4100 0.00000000 0.0000e+00
1.4150 0.00000000 0.0000e+00
1.4200 0.00000000 0.0000e+00
1.4250 0.00000000 0.0000e+00
1.4300 0.00000000 0.0000e+00
1.4350 0.00000000 0.0000e+00
1.4400 0.00000000 0.0000e+00
1.4450 0.00000000 0.0000e+00
1.4500 0.00000000 0.0000e+00
1.4550 0.00000000 0.0000e+00
1.4600 0.00000000 0.0000e+00
1.4650 0.00000000 0.0000e+00
1.4700 0.00000000 0.0000e+00
1.4750 0.00000000 0.0000e+00
1.4800 0.00000000 0.0000e+00
1.4850 0.00000000 0.0000e+00
1.4900 0.00000000 0.0000e+00
1.4950 0.00000000 0.0000e+00
1.5000 0.00000000 0.0000e+00
1.5050 0.00000000 0.0000e+00
1.5100 0.00000000 0.0000e+00
1.5150 0.00000000 0.0000e+00
1.5200 0.00000000 0.0000e+00
1.5250 0.00000000 0.0000e+00
1.5300 0.00000000 0.0000e+00
1.5350 0.00000000 0.0000e+00
1.5400 0.00000000 0.0000e+00
1.5450 0.00000000 0.0000e+00
1.5500 0.00000000 0.0000e+00
1.5550 0.00000000 0.0000e+00
1.5600 0.00000000 0.0000e+00
1.5650 0.00000000 0.0000e+00
1.5700 0.00000000 0.0000e+00
1.5750 0.00000000 0.0000e+00
1.5800 0.00000000 0.0000e+00
1.5850 0.00000000 0.0000e+00
1.5900 0.00000000 0.0000e+00
1.5950 0.00000000 0.0000e+00
1.6000 0.00000000 0.0000e+00
1.6050 0.00000000 0.0000e+00
1.6100 0.00000000 0.0000e+00
1.6150 0.00000000 0.0000e+00
1.6200 0.00000000 0.0000e+00
1.6250 0.00000000 0.0000e+00
1.6300 0.00000000 0.0000e+00
1.6350 0.00000000 0.0000e+00
1.6400 0.00000000 0.0000e+00
1.6450 0.00000000 0.0000e+00
1.6500 0.00000000 0.0000e+00
1.6550 0.00000000 0.0000e+00
1.6600 0.00000000 0.0000e+00
1.6650 0.00000000 0.0000e+00
1.6700 0.00000000 0.0000e+00
1.6750 0.00000000 0.0000e+00
1.6800 0.00000000 0.0000e+00
1.6850 0.00000000 0.0000e+00
1.6900 0.00000000 0.0000e+00
1.6950 0.00000000 0.0000e+00
1.7000 0.00000000 0.0000e+00
1.7050 0.00000000 0.0000e+00
1.7100 0.00000000 0.0000e+00
1.7150 0.00000000 0.0000e+00
1.7200 0.00000000 0.0000e+00
1.7250 0.00000000 0.0000e+00
1.7300 0.00000000 0.0000e+00
1.7350 0.00000000 0.0000e+00
1.7400 0.00000000 0.0000e+00
1.7450 0.00000000 0.0000e+00
1.7500 0.00000000 0.0000e+00
1.7550 0.00000000 0.0000e+00
1.7600 0.00000000 0.0000e+00
1.7650 0.00000000 0.0000e+00
1.7700 0.00000000 0.0000e+00
1.7750 0.00000000 0.0000e+00
1.7800 0.00000000 0.0000e+00
1.7850 0.00000000 0.0000e+00
1.7900 0.00000000 0.0000e+00
1.7950 0.00000000 0.0000e+00
1.8000 0.00000000 0.0000e+00
1.8050 0.00000000 0.0000e+00
1.8100 0.00000000 0.0000e+00
1.8150 0.00000000 0.0000e+00
1.8200 0.00000000 0.0000e+00
1.8250 0.00000000 0.0000e+00
1.8300 0.00000000 0.0000e+00
1.8350 0.00000000 0.0000e+00
1.8400 0.00000000 0.0000e+00
1.8450 0.00000000 0.0000e+00
1.8500 0.00000000 0.0000e+00
1.8550 0.00000000 0.0000e+00
1.8600 0.00000000 0.0000e+00
1.8650 0.00000000 0.0000e+00
1.8700 0.00000000 0.0000e+00
1.8750 0.00000000 0.0000e+00
1.8800 0.00000000 0.0000e+00
1.8850 0.00000000 0.0000e+00
1.8900 0.00000000 0.0000e+00
1.8950 0.00000000 0.0000e+00
1.9000 0.00000000 0.0000e+00
1.9050 0.00000000 0.0000e+00
1.9100 0.00000000 0.0000e+00
1.9150 0.00000000 0.0000e+00
1.9200 0.00000000 0.0000e+00
1.9250 0.00000000 0.0000e+00
1.9300 0.00000000 0.0000e+00
1.9350 0.00000000 0.0000e+00
1.9400 0.00000000 0.0000e+00
1.9450 0.00000000 0.0000e+00
1.9500 0.00000000 0.0000e+00
1.9550 0.00000000 0.0000e+00
1.9600 0.00000000 0.0000e+00
1.9650 0.00000000 0.0000e+00
1.9700 0.00000000 0.0000e+00
1.9750 0.00000000 0.0000e+00
1.9800 0.00000000 0.0000e+00
1.9850 0.00000000 0.0000e+00
1.9900 0.00000000 0.0000e+00
1.9950 0.00000000 0.0000e+00
2.0000 0.00000000 0.0000e+00
2.0050 0.00000000 0.0000e+00
2.0100 0.00000000 0.0000e+00
2.0150 0.00000000 0.0000e+00
2.0200 0.00000000 0.0000e+00
2.0250 0.00000000 0.0000e+00
2.0300 0.00000000 0.0000e+00
2.0350 0.00000000 0.0000e+00
2.0400 0.00000000 0.0000e+00
2.0450 0.00000000 0.0000e+00
2.0500 0.00000000 0.0000e+00
2.0550 0.00000000 0.0000e+00
2.0600 0.00000000 0.0000e+00
2.0650 0.00000000 0.0000e+00
2.0700 0.00000000 0.0000e+00
2.0750 0.00000000 0.0000e+00
2.0800 0.00000000 0.0000e+00
2.0850 0.00000000 0.0000e+00
2.0900 0.00000000 0.0000e+00
2.0950 0.00000000 0.0000e+00
2.1000 0.00000000 0.0000e+00
2.1050 0.00000000 0.0000e+00
2.1100 0.00000000 0.0000e+00
2.1150 0.00735279 4.6506e+10
2.1200 0.00769245 4.8654e+10
2.1250 0.00803211 5.0803e+10
2.1300 0.00837178 5.2951e+10
2.1350 0.00871144 5.5099e+10
2.1400 0.00905110 5.7248e+10
2.1450 0.00939076 5.9396e+10
2.1500 0.00973042 6.1544e+10
2.1550 0.01007009 6.3693e+10
2.1600 0.01040975 6.5841e+10
2.1650 0.01074941 6.7989e+10
2.1700 0.01108907 7.0138e+10
2.1750 0.01142873 7.2286e+10
2.1800 0.01176840 7.4434e+10
2.1850 0.01210806 7.6583e+10
2.1900 0.01244772 7.8731e+10
2.1950 0.01278738 8.0879e+10
2.2000 0.01312704 8.3028e+10
2.2050 0.01346671 8.5176e+10
2.2100 0.01380637 8.7324e+10
2.2150 0.01414603 8.9473e+10
2.2200 0.01448569 9.1621e+10
2.2250 0.01482535 9.3769e+10
2.2300 0.01516502 9.5918e+10
2.2350 0.01550468 9.8066e+10
2.2400 0.01584434 1.0021e+11
2.2450 0.01618400 1.0236e+11
2.2500 0.01652366 1.0451e+11
2.2550 0.01686333 1.0666e+11
2.2600 0.01720299 1.0881e+11
2.2650 0.01754265 1.1096e+11
2.2700 0.01788231 1.1310e+11
2.2750 0.01822197 1.1525e+11
2.2800 0.01856164 1.1740e+11
2.2850 0.01890130 1.1955e+11
2.2900 0.01924096 1.2170e+11
2.2950 0.01958062 1.2385e+11
2.3000 0.01992028 1.2599e+11
2.3050 0.02025995 1.2814e+11
2.3100 0.02059961 1.3029e+11
2.3150 0.02093927 1.3244e+11
2.3200 0.02127893 1.3459e+11
2.3250 0.02161859 1.3674e+11
2.3300 0.02195826 1.3888e+11
2.3350 0.02229792 1.4103e+11
2.3400 0.02263758 1.4318e+11
2.3450 0.02297724 1.4533e+11
2.3500 0.02331690 1.4748e+11
2.3550 0.02365656 1.4963e+11
2.3600 0.02399623 1.5177e+11
2.3650 0.02433589 1.5392e+11
2.3700 0.02467555 1.5607e+11
2.3750 0.02501521 1.5822e+11
2.3800 0.02535487 1.6037e+11
2.3850 0.02569454 1.6252e+11
2.3900 0.02603420 1.6466e+11
2.3950 0.02637386 1.6681e+11
2.4000 0.02671352 1.6896e+11
2.4050 0.02705318 1.7111e+11
2.4100 0.02739285 1.7326e+11
2.4150 0.02773545 1.7542e+11
2.4200 0.02862753 1.8107e+11
2.4250 0.02951961 1.8671e+11
2.4300 0.03041168 1.9235e+11
2.4350 0.03130376 1.9799e+11
2.4400 0.03219584 2.0364e+11
2.4450 0.03308791 2.0928e+11
2.4500 0.03397999 2.1492e+11
2.4550 0.03487207 2.2056e+11
2.4600 0.03576415 2.2621e+11
2.4650 0.03665622 2.3185e+11
2.4700 0.03754830 2.3749e+11
2.4750 0.03844038 2.4313e+11
2.4800 0.03933245 2.4877e+11
2.4850 0.04022453 2.5442e+11
2.4900 0.04111661 2.6006e+11
2.4950 0.04200868 2.6570e+11
2.5000 0.04290076 2.7134e+11
2.5050 0.04379284 2.7699e+11
2.5100 0.04468491 2.8263e+11
2.5150 0.04557699 2.8827e+11
2.5200 0.04646907 2.9391e+11
2.5250 0.04736114 2.9956e+11
2.5300 0.04825322 3.0520e+11
2.5350 0.04914530 3.1084e+11
2.5400 0.05003738 3.1648e+11
2.5450 0.05092945 3.2212e+11
2.5500 0.05182153 3.2777e+11
2.5550 0.05271361 3.3341e+11
2.5600 0.05360568 3.3905e+11
2.5650 0.05449776 3.4469e+11
2.5700 0.05538984 3.5034e+11
2.5750 0.05628191 3.5598e+11
2.5800 0.05717399 3.6162e+11
2.5850 0.05806607 3.6726e+11
2.5900 0.05895814 3.7291e+11
2.5950 0.06041876 3.8214e+11
2.6000 0.06203318 3.9236e+11
2.6050 0.06364760 4.0257e+11
2.6100 0.06526202 4.1278e+11
2.6150 0.06687644 4.2299e+11
2.6200 0.06849085 4.3320e+11
2.6250 0.07010527 4.4341e+11
2.6300 0.07171969 4.5362e+11
2.6350 0.07333411 4.6383e+11
2.6400 0.07494853 4.7404e+11
2.6450 0.07656295 4.8425e+11
2.6500 0.07817737 4.9447e+11
2.6550 0.07979179 5.0468e+11
2.6600 0.08140621 5.1489e+11
2.6650 0.08302062 5.2510e+11
2.6700 0.08463504 5.3531e+11
2.6750 0.08624946 5.4552e+11
2.6800 0.08786388 5.5573e+11
2.6850 0.08947830 5.6594e+11
2.6900 0.09109272 5.7615e+11
2.6950 0.09270714 5.8637e+11
2.7000 0.09432156 5.9658e+11
2.7050 0.09593597 6.0679e+11
2.7100 0.09755039 6.1700e+11
2.7150 0.09916481 6.2721e+11
2.7200 0.10143567 6.4157e+11
2.7250 0.10387132 6.5698e+11
2.7300 0.10630697 6.7238e+11
2.7350 0.10874262 6.8779e+11
2.7400 0.11117827 7.0319e+11
2.7450 0.11361392 7.1860e+11
2.7500 0.11604957 7.3400e+11
2.7550 0.11848523 7.4941e+11
2.7600 0.12092088 7.6482e+11
2.7650 0.12335653 7.8022e+11
2.7700 0.12579218 7.9563e+11
2.7750 0.12822783 8.1103e+11
2.7800 0.13066348 8.2644e+11
2.7850 0.13309913 8.4184e+11
2.7900 0.13553478 8.5725e+11
2.7950 0.13797044 8.7265e+11
2.8000 0.14040609 8.8806e+11
2.8050 0.14284174 9.0346e+11
2.8100 0.14527739 9.1887e+11
2.8150 0.14808769 9.3664e+11
2.8200 0.15142107 9.5773e+11
2.8250 0.15475444 9.7881e+11
2.8300 0.15808782 9.9989e+11
2.8350 0.16142120 1.0210e+12
2.8400 0.16475458 1.0421e+12
2.8450 0.16808796 1.0631e+12
2.8500 0.17142134 1.0842e+12
2.8550 0.17475472 1.1053e+12
2.8600 0.17808809 1.1264e+12
2.8650 0.18142147 1.1475e+12
2.8700 0.18475485 1.1686e+12
2.8750 0.18808823 1.1896e+12
2.8800 0.19142161 1.2107e+12
2.8850 0.19475499 1.2318e+12
2.8900 0.19808837 1.2529e+12
2.8950 0.20192751 1.2772e+12
2.9000 0.20613127 1.3038e+12
2.9050 0.21033504 1.3304e+12
2.9100 0.21453881 1.3569e+12
2.9150 0.21874257 1.3835e+12
2.9200 0.22294634 1.4101e+12
2.9250 0.22715010 1.4367e+12
2.9300 0.23135387 1.4633e+12
2.9350 0.23555763 1.4899e+12
2.9400 0.23976140 1.5165e+12
2.9450 0.24396516 1.5431e+12
2.9500 0.24816893 1.5696e+12
2.9550 0.25237269 1.5962e+12
2.9600 0.25674238 1.6239e+12
2.9650 0.26181160 1.6559e+12
2.9700 0.26688081 1.6880e+12
2.9750 0.27195002 1.7201e+12
2.9800 0.27701924 1.7521e+12
2.9850 0.28208845 1.7842e+12
2.9900 0.28715766 1.8163e+12
2.9950 0.29222688 1.8483e+12
3.0000 0.29729609 1.8804e+12
3.0050 0.30236531 1.9124e+12
3.0100 0.30743452 1.9445e+12
3.0150 0.31250373 1.9766e+12
3.0200 0.31804756 2.0116e+12
3.0250 0.32391669 2.0487e+12
3.0300 0.32978582 2.0859e+12
3.0350 0.33565494 2.1230e+12
3.0400 0.34152407 2.1601e+12
3.0450 0.34739320 2.1972e+12
3.0500 0.35326233 2.2344e+12
3.0550 0.35913145 2.2715e+12
3.0600 0.36500058 2.3086e+12
3.0650 0.37086971 2.3457e+12
3.0700 0.37697412 2.3843e+12
3.0750 0.38349171 2.4256e+12
3.0800 0.39000930 2.4668e+12
3.0850 0.39652689 2.5080e+12
3.0900 0.40304448 2.5492e+12
3.0950 0.40956207 2.5904e+12
3.1000 0.41607966 2.6317e+12
3.1050 0.42259725 2.6729e+12
3.1100 0.42911484 2.7141e+12
3.1150 0.43577390 2.7562e+12
3.1200 0.44296088 2.8017e+12
3.1250 0.45014787 2.8472e+12
3.1300 0.45733485 2.8926e+12
3.1350 0.46452183 2.9381e+12
3.1400 0.47170882 2.9835e+12
3.1450 0.47889580 3.0290e+12
3.1500 0.48608279 3.0744e+12
3.1550 0.49326977 3.1199e+12
3.1600 0.50102196 3.1689e+12
3.1650 0.50881486 3.2182e+12
3.1700 0.51660777 3.2675e+12
3.1750 0.52440067 3.3168e+12
3.1800 0.53219357 3.3661e+12
3.1850 0.53998648 3.4154e+12
3.1900 0.54777938 3.4647e+12
3.1950 0.55562967 3.5143e+12
3.2000 0.56357555 3.5646e+12
3.2050 0.57152142 3.6148e+12
3.2100 0.57946730 3.6651e+12
3.2150 0.58741318 3.7153e+12
3.2200 0.59535906 3.7656e+12
3.2250 0.60330494 3.8159e+12
3.2300 0.61148918 3.8676e+12
3.2350 0.61999902 3.9214e+12
3.2400 0.62850886 3.9753e+12
3.2450 0.63701869 4.0291e+12
3.2500 0.64552853 4.0829e+12
3.2550 0.65403837 4.1367e+12
3.2600 0.66254821 4.1906e+12
3.2650 0.67127321 4.2458e+12
3.2700 0.68000132 4.3010e+12
3.2750 0.68872944 4.3562e+12
3.2800 0.69745755 4.4114e+12
3.2850 0.70618567 4.4666e+12
3.2900 0.71491378 4.5218e+12
3.2950 0.72333590 4.5750e+12
3.3000 0.73175588 4.6283e+12
3.3050 0.74017587 4.6816e+12
3.3100 0.74859585 4.7348e+12
3.3150 0.75701584 4.7881e+12
3.3200 0.76551705 4.8418e+12
3.3250 0.77414676 4.8964e+12
3.3300 0.78277648 4.9510e+12
3.3350 0.79140619 5.0056e+12
3.3400 0.80003590 5.0602e+12
3.3450 0.80867859 5.1148e+12
3.3500 0.81741514 5.1701e+12
3.3550 0.82615170 5.2253e+12
3.3600 0.83488825 5.2806e+12
3.3650 0.84362480 5.3359e+12
3.3700 0.85230644 5.3908e+12
3.3750 0.86069284 5.4438e+12
3.3800 0.86907924 5.4969e+12
3.3850 0.87746564 5.5499e+12
3.3900 0.88585204 5.6029e+12
3.3950 0.89409925 5.6551e+12
3.4000 0.90218347 5.7062e+12
3.4050 0.91026768 5.7574e+12
3.4100 0.91835189 5.8085e+12
3.4150 0.92643437 5.8596e+12
3.4200 0.93419366 5.9087e+12
3.4250 0.94195295 5.9578e+12
3.4300 0.94971224 6.0069e+12
3.4350 0.95747153 6.0559e+12
3.4400 0.96485000 6.1026e+12
3.4450 0.97211308 6.1485e+12
3.4500 0.97937617 6.1945e+12
3.4550 0.98663926 6.2404e+12
3.4600 0.99358540 6.2844e+12
3.4650 1.00041240 6.3275e+12
3.4700 1.00723940 6.3707e+12
3.4750 1.01406640 6.4139e+12
3.4800 1.02189158 6.4634e+12
3.4850 1.02987152 6.5139e+12
3.4900 1.03785147 6.5643e+12
3.4950 1.04530058 6.6114e+12
3.5000 1.05014099 6.6421e+12
3.5050 1.05498141 6.6727e+12
3.5100 1.05982182 6.7033e+12
3.5150 1.06496765 6.7358e+12
3.5200 1.07029805 6.7696e+12
3.5250 1.07562844 6.8033e+12
3.5300 1.08110611 6.8379e+12
3.5350 1.08711626 6.8759e+12
3.5400 1.09312641 6.9139e+12
3.5450 1.09913656 6.9520e+12
3.5500 1.10310526 6.9771e+12
3.5550 1.10694037 7.0013e+12
3.5600 1.11077548 7.0256e+12
3.5650 1.11581014 7.0574e+12
3.5700 1.12118367 7.0914e+12
3.5750 1.12655721 7.1254e+12
3.5800 1.12900519 7.1409e+12
3.5850 1.13038059 7.1496e+12
3.5900 1.13175600 7.1583e+12
3.5950 1.13382584 7.1714e+12
3.6000 1.13608354 7.1856e+12
3.6050 1.13834124 7.1999e+12
3.6100 1.14129246 7.2186e+12
3.6150 1.14428874 7.2375e+12
3.6200 1.14684575 7.2537e+12
3.6250 1.14741960 7.2573e+12
3.6300 1.14799344 7.2610e+12
3.6350 1.14880066 7.2661e+12
3.6400 1.14983341 7.2726e+12
3.6450 1.15086616 7.2791e+12
3.6500 1.15096112 7.2797e+12
3.6550 1.15096958 7.2798e+12
3.6600 1.15059825 7.2774e+12
3.6650 1.14965179 7.2715e+12
3.6700 1.14870534 7.2655e+12
3.6750 1.14737682 7.2571e+12
3.6800 1.14602854 7.2485e+12
3.6850 1.14451739 7.2390e+12
3.6900 1.14288386 7.2287e+12
3.6950 1.14132304 7.2188e+12
3.7000 1.13997508 7.2103e+12
3.7050 1.13862711 7.2017e+12
3.7100 1.13670407 7.1896e+12
3.7150 1.13478011 7.1774e+12
3.7200 1.13030097 7.1491e+12
3.7250 1.12518036 7.1167e+12
3.7300 1.12063812 7.0880e+12
3.7350 1.11640112 7.0612e+12
3.7400 1.11261512 7.0372e+12
3.7450 1.10918136 7.0155e+12
3.7500 1.10454399 6.9862e+12
3.7550 1.09878502 6.9497e+12
3.7600 1.09460207 6.9233e+12
3.7650 1.09186928 6.9060e+12
3.7700 1.08636826 6.8712e+12
3.7750 1.07876891 6.8231e+12
3.7800 1.06907581 6.7618e+12
3.7850 1.05830298 6.6937e+12
3.7900 1.05341120 6.6627e+12
3.7950 1.05006621 6.6416e+12
3.8000 1.04083235 6.5832e+12
3.8050 1.03216182 6.5283e+12
3.8100 1.02728679 6.4975e+12
3.8150 1.02177400 6.4626e+12
3.8200 1.01537076 6.4221e+12
3.8250 1.00699732 6.3692e+12
3.8300 0.99778543 6.3109e+12
3.8350 0.99013537 6.2625e+12
3.8400 0.98133629 6.2069e+12
3.8450 0.97046003 6.1381e+12
3.8500 0.96051351 6.0752e+12
3.8550 0.95059904 6.0125e+12
3.8600 0.93877754 5.9377e+12
3.8650 0.92886470 5.8750e+12
3.8700 0.92030232 5.8208e+12
3.8750 0.90994609 5.7553e+12
3.8800 0.89918631 5.6873e+12
3.8850 0.88814878 5.6175e+12
3.8900 0.87913311 5.5604e+12
3.8950 0.86876180 5.4949e+12
3.9000 0.85677181 5.4190e+12
3.9050 0.84101111 5.3193e+12
3.9100 0.83061045 5.2535e+12
3.9150 0.82136626 5.1951e+12
3.9200 0.81059878 5.1270e+12
3.9250 0.79963602 5.0576e+12
3.9300 0.78972195 4.9949e+12
3.9350 0.77895677 4.9268e+12
3.9400 0.76479475 4.8373e+12
3.9450 0.75410971 4.7697e+12
3.9500 0.74335137 4.7016e+12
3.9550 0.73068691 4.6215e+12
3.9600 0.71660733 4.5325e+12
3.9650 0.70653921 4.4688e+12
3.9700 0.68629664 4.3408e+12
3.9750 0.67306220 4.2571e+12
3.9800 0.66099387 4.1807e+12
3.9850 0.64910946 4.1056e+12
3.9900 0.63965017 4.0457e+12
3.9950 0.63037278 3.9871e+12
4.0000 0.61576735 3.8947e+12
4.0050 0.59847544 3.7853e+12
4.0100 0.58282479 3.6863e+12
4.0150 0.57128250 3.6133e+12
4.0200 0.56157362 3.5519e+12
4.0250 0.54693078 3.4593e+12
4.0300 0.53598631 3.3901e+12
4.0350 0.52923997 3.3474e+12
4.0400 0.51495606 3.2571e+12
4.0450 0.50333166 3.1835e+12
4.0500 0.49086223 3.1047e+12
4.0550 0.47929644 3.0315e+12
4.0600 0.46490414 2.9405e+12
4.0650 0.45120391 2.8538e+12
4.0700 0.44066969 2.7872e+12
4.0750 0.43213318 2.7332e+12
4.0800 0.42058442 2.6602e+12
4.0850 0.40766353 2.5784e+12
4.0900 0.39427308 2.4937e+12
4.0950 0.38314018 2.4233e+12
4.1000 0.36949560 2.3370e+12
4.1050 0.36132366 2.2853e+12
4.1100 0.34936364 2.2097e+12
4.1150 0.33752877 2.1348e+12
4.1200 0.32474270 2.0540e+12
4.1250 0.31851425 2.0146e+12
4.1300 0.30370288 1.9209e+12
4.1350 0.29270724 1.8514e+12
4.1400 0.28841434 1.8242e+12
4.1450 0.27101570 1.7142e+12
4.1500 0.26700841 1.6888e+12
4.1550 0.25660339 1.6230e+12
4.1600 0.24724657 1.5638e+12
4.1650 0.23460139 1.4838e+12
4.1700 0.23032848 1.4568e+12
4.1750 0.22254060 1.4076e+12
4.1800 0.21109039 1.3351e+12
4.1850 0.20335380 1.2862e+12
4.1900 0.19654165 1.2431e+12
4.1950 0.19229447 1.2162e+12
4.2000 0.18017427 1.1396e+12
4.2050 0.17381085 1.0993e+12
4.2100 0.16742869 1.0590e+12
4.2150 0.15412255 9.7481e+11
4.2200 0.15385059 9.7309e+11
4.2250 0.14480722 9.1589e+11
4.2300 0.14095292 8.9152e+11
4.2350 0.13169776 8.3298e+11
4.2400 0.12671322 8.0145e+11
4.2450 0.12090912 7.6474e+11
4.2500 0.11411793 7.2179e+11
4.2550 0.10961472 6.9330e+11
4.2600 0.09988204 6.3175e+11
4.2650 0.09757086 6.1713e+11
4.2700 0.09403385 5.9476e+11
4.2750 0.08688867 5.4956e+11
4.2800 0.08237026 5.2099e+11
4.2850 0.08079752 5.1104e+11
4.2900 0.07567394 4.7863e+11
4.2950 0.06918394 4.3758e+11
4.3000 0.06848658 4.3317e+11
4.3050 0.06340810 4.0105e+11
4.3100 0.05708013 3.6103e+11
4.3150 0.05707715 3.6101e+11
4.3200 0.05153299 3.2594e+11
4.3250 0.05128257 3.2436e+11
4.3300 0.04710073 2.9791e+11
4.3350 0.04546094 2.8754e+11
4.3400 0.03983634 2.5196e+11
4.3450 0.03934816 2.4887e+11
4.3500 0.03425067 2.1663e+11
4.3550 0.03294330 2.0836e+11
4.3600 0.02917034 1.8450e+11
4.3650 0.03133836 1.9821e+11
4.3700 0.02539408 1.6062e+11
4.3750 0.02499855 1.5811e+11
4.3800 0.02250397 1.4234e+11
4.3850 0.02175655 1.3761e+11
4.3900 0.02064348 1.3057e+11
4.3950 0.01881491 1.1900e+11
4.4000 0.01811968 1.1461e+11
4.4050 0.01708590 1.0807e+11
4.4100 0.01592495 1.0072e+11
4.4150 0.01462826 9.2523e+10
4.4200 0.01396706 8.8341e+10
4.4250 0.01079150 6.8255e+10
4.4300 0.01005542 6.3600e+10
4.4350 0.00884840 5.5965e+10
4.4400 0.00869057 5.4967e+10
4.4450 0.00795343 5.0305e+10
4.4500 0.00871499 5.5122e+10
4.4550 0.00784772 4.9636e+10
4.4600 0.00769971 4.8700e+10
4.4650 0.00582949 3.6871e+10
4.4700 0.00589437 3.7281e+10
4.4750 0.00473313 2.9937e+10
4.4800 0.00351654 2.2242e+10
4.4850 0.00413145 2.6131e+10
4.4900 0.00360393 2.2795e+10
4.4950 0.00345341 2.1843e+10
4.5000 0.00244935 1.5492e+10
4.5050 0.00194145 1.2280e+10
4.5100 0.00187479 1.1858e+10
4.5150 0.00193238 1.2222e+10
4.5200 0.00188013 1.1892e+10
4.5250 0.00159658 1.0098e+10
4.5300 0.00139722 8.8373e+09
4.5350 0.00160880 1.0176e+10
4.5400 0.00095042 6.0114e+09
4.5450 0.00064696 4.0920e+09
4.5500 0.00098206 6.2115e+09
4.5550 0.00136797 8.6523e+09
4.5600 0.00056427 3.5690e+09
4.5650 0.00032569 2.0600e+09
4.5700 0.00030653 1.9388e+09
4.5750 0.00034227 2.1648e+09
4.5800 0.00029022 1.8356e+09
4.5850 0.00082385 5.2108e+09
4.5900 0.00059006 3.7321e+09
4.5950 0.00024489 1.5489e+09
4.6000 0.00025058 1.5849e+09
4.6050 0.00025642 1.6218e+09
4.6100 0.00031149 1.9702e+09
4.6150 0.00080525 5.0931e+09
4.6200 0.00048716 3.0812e+09
4.6250 0.00028116 1.7783e+09
4.6300 0.00055526 3.5120e+09
4.6350 0.00029442 1.8622e+09
4.6400 0.00030127 1.9055e+09
4.6450 0.00030831 1.9501e+09
4.6500 0.00031560 1.9962e+09
4.6550 0.00032318 2.0441e+09
4.6600 0.00033076 2.0920e+09
4.6650 0.00033834 2.1400e+09
4.6700 0.00034591 2.1879e+09
4.6750 0.00035461 2.2429e+09
4.6800 0.00036412 2.3030e+09
4.6850 0.00037362 2.3631e+09
4.6900 0.00038313 2.4233e+09
4.6950 0.00039263 2.4834e+09
4.7000 0.00040214 2.5435e+09
4.7050 0.00041165 2.6036e+09
4.7100 0.00042115 2.6638e+09
4.7150 0.00043066 2.7239e+09
4.7200 0.00044017 2.7840e+09
4.7250 0.00044967 2.8441e+09
4.7300 0.00045918 2.9043e+09
4.7350 0.00046868 2.9644e+09
4.7400 0.00047819 3.0245e+09
4.7450 0.00000000 0.0000e+00
4.7500 0.00000000 0.0000e+00
4.7550 0.00000000 0.0000e+00
4.7600 0.00000000 0.0000e+00
4.7650 0.00000000 0.0000e+00
4.7700 0.00000000 0.0000e+00
4.7750 0.00000000 0.0000e+00
4.7800 0.00000000 0.0000e+00
4.7850 0.00000000 0.0000e+00
4.7900 0.00000000 0.0000e+00
4.7950 0.00000000 0.0000e+00
4.8000 0.00000000 0.0000e+00
4.8050 0.00000000 0.0000e+00
4.8100 0.00000000 0.0000e+00
4.8150 0.00000000 0.0000e+00
4.8200 0.00000000 0.0000e+00
4.8250 0.00000000 0.0000e+00
4.8300 0.00000000 0.0000e+00
4.8350 0.00000000 0.0000e+00
4.8400 0.00000000 0.0000e+00
4.8450 0.00000000 0.0000e+00
4.8500 0.00000000 0.0000e+00
4.8550 0.00000000 0.0000e+00
4.8600 0.00000000 0.0000e+00
4.8650 0.00000000 0.0000e+00
4.8700 0.00000000 0.0000e+00
4.8750 0.00000000 0.0000e+00
4.8800 0.00000000 0.0000e+00
4.8850 0.00000000 0.0000e+00
4.8900 0.00000000 0.0000e+00
4.8950 0.00000000 0.0000e+00
4.9000 0.00000000 0.0000e+00
4.9050 0.00000000 0.0000e+00
4.9100 0.00000000 0.0000e+00
4.9150 0.00000000 0.0000e+00
4.9200 0.00000000 0.0000e+00
4.9250 0.00000000 0.0000e+00
4.9300 0.00000000 0.0000e+00
4.9350 0.00000000 0.0000e+00
4.9400 0.00000000 0.0000e+00
4.9450 0.00000000 0.0000e+00
4.9500 0.00000000 0.0000e+00
4.9550 0.00000000 0.0000e+00
4.9600 0.00000000 0.0000e+00
4.9650 0.00000000 0.0000e+00
4.9700 0.00000000 0.0000e+00
4.9750 0.00000000 0.0000e+00
4.9800 0.00000000 0.0000e+00
4.9850 0.00000000 0.0000e+00
4.9900 0.00000000 0.0000e+00
4.9950 0.00000000 0.0000e+00
5.0000 0.00000000 0.0000e+00
5.0050 0.00000000 0.0000e+00
5.0100 0.00000000 0.0000e+00
5.0150 0.00000000 0.0000e+00
5.0200 0.00000000 0.0000e+00
5.0250 0.00000000 0.0000e+00
5.0300 0.00000000 0.0000e+00
5.0350 0.00000000 0.0000e+00
5.0400 0.00000000 0.0000e+00
5.0450 0.00000000 0.0000e+00
5.0500 0.00000000 0.0000e+00
5.0550 0.00000000 0.0000e+00
5.0600 0.00000000 0.0000e+00
5.0650 0.00000000 0.0000e+00
5.0700 0.00000000 0.0000e+00
5.0750 0.00000000 0.0000e+00
5.0800 0.00000000 0.0000e+00
5.0850 0.00000000 0.0000e+00
5.0900 0.00000000 0.0000e+00
5.0950 0.00000000 0.0000e+00
5.1000 0.00000000 0.0000e+00
5.1050 0.00000000 0.0000e+00
5.1100 0.00000000 0.0000e+00
5.1150 0.00000000 0.0000e+00
5.1200 0.00000000 0.0000e+00
5.1250 0.00000000 0.0000e+00
5.1300 0.00000000 0.0000e+00
5.1350 0.00000000 0.0000e+00
5.1400 0.00000000 0.0000e+00
5.1450 0.00000000 0.0000e+00
5.1500 0.00000000 0.0000e+00
5.1550 0.00000000 0.0000e+00
5.1600 0.00000000 0.0000e+00
5.1650 0.00000000 0.0000e+00
5.1700 0.00000000 0.0000e+00
5.1750 0.00000000 0.0000e+00
5.1800 0.00000000 0.0000e+00
5.1850 0.00000000 0.0000e+00
5.1900 0.00000000 0.0000e+00
5.1950 0.00000000 0.0000e+00
5.2000 0.00000000 0.0000e+00
5.2050 0.00000000 0.0000e+00
5.2100 0.00000000 0.0000e+00
5.2150 0.00000000 0.0000e+00
5.2200 0.00000000 0.0000e+00
5.2250 0.00000000 0.0000e+00
5.2300 0.00000000 0.0000e+00
5.2350 0.00000000 0.0000e+00
5.2400 0.00000000 0.0000e+00
5.2450 0.00000000 0.0000e+00
5.2500 0.00000000 0.0000e+00
5.2550 0.00000000 0.0000e+00
5.2600 0.00000000 0.0000e+00
5.2650 0.00000000 0.0000e+00
5.2700 0.00000000 0.0000e+00
5.2750 0.00000000 0.0000e+00
5.2800 0.00000000 0.0000e+00
5.2850 0.00000000 0.0000e+00
5.2900 0.00000000 0.0000e+00
5.2950 0.00000000 0.0000e+00
5.3000 0.00000000 0.0000e+00
5.3050 0.00000000 0.0000e+00
5.3100 0.00000000 0.0000e+00
5.3150 0.00000000 0.0000e+00
5.3200 0.00000000 0.0000e+00
5.3250 0.00000000 0.0000e+00
5.3300 0.00000000 0.0000e+00
5.3350 0.00000000 0.0000e+00
5.3400 0.00000000 0.0000e+00
5.3450 0.00000000 0.0000e+00
5.3500 0.00000000 0.0000e+00
5.3550 0.00000000 0.0000e+00
5.3600 0.00000000 0.0000e+00
5.3650 0.00000000 0.0000e+00
5.3700 0.00000000 0.0000e+00
5.3750 0.00000000 0.0000e+00
5.3800 0.00000000 0.0000e+00
5.3850 0.00000000 0.0000e+00
5.3900 0.00000000 0.0000e+00
5.3950 0.00000000 0.0000e+00
5.4000 0.00000000 0.0000e+00
5.4050 0.00000000 0.0000e+00
5.4100 0.00000000 0.0000e+00
5.4150 0.00000000 0.0000e+00
5.4200 0.00000000 0.0000e+00
5.4250 0.00000000 0.0000e+00
5.4300 0.00000000 0.0000e+00
5.4350 0.00000000 0.0000e+00
5.4400 0.00000000 0.0000e+00
5.4450 0.00000000 0.0000e+00
5.4500 0.00000000 0.0000e+00
5.4550 0.00000000 0.0000e+00
5.4600 0.00000000 0.0000e+00
5.4650 0.00000000 0.0000e+00
5.4700 0.00000000 0.0000e+00
5.4750 0.00000000 0.0000e+00
5.4800 0.00000000 0.0000e+00
5.4850 0.00000000 0.0000e+00
5.4900 0.00000000 0.0000e+00
5.4950 0.00000000 0.0000e+00
5.5000 0.00000000 0.0000e+00
5.5050 0.00000000 0.0000e+00
5.5100 0.00000000 0.0000e+00
5.5150 0.00000000 0.0000e+00
5.5200 0.00000000 0.0000e+00
5.5250 0.00000000 0.0000e+00
5.5300 0.00000000 0.0000e+00
5.5350 0.00000000 0.0000e+00
5.5400 0.00000000 0.0000e+00
5.5450 0.00000000 0.0000e+00
5.5500 0.00000000 0.0000e+00
5.5550 0.00000000 0.0000e+00
5.5600 0.00000000 0.0000e+00
5.5650 0.00000000 0.0000e+00
5.5700 0.00000000 0.0000e+00
5.5750 0.00000000 0.0000e+00
5.5800 0.00000000 0.0000e+00
5.5850 0.00000000 0.0000e+00
5.5900 0.00000000 0.0000e+00
5.5950 0.00000000 0.0000e+00
5.6000 0.00000000 0.0000e+00
5.6050 0.00000000 0.0000e+00
5.6100 0.00000000 0.0000e+00
5.6150 0.00000000 0.0000e+00
5.6200 0.00000000 0.0000e+00
5.6250 0.00000000 0.0000e+00
5.6300 0.00000000 0.0000e+00
5.6350 0.00000000 0.0000e+00
5.6400 0.00000000 0.0000e+00
5.6450 0.00000000 0.0000e+00
5.6500 0.00000000 0.0000e+00
5.6550 0.00000000 0.0000e+00
5.6600 0.00000000 0.0000e+00
5.6650 0.00000000 0.0000e+00
5.6700 0.00000000 0.0000e+00
5.6750 0.00000000 0.0000e+00
5.6800 0.00000000 0.0000e+00
5.6850 0.00000000 0.0000e+00
5.6900 0.00000000 0.0000e+00
5.6950 0.00000000 0.0000e+00
5.7000 0.00000000 0.0000e+00
5.7050 0.00000000 0.0000e+00
5.7100 0.00000000 0.0000e+00
5.7150 0.00000000 0.0000e+00
5.7200 0.00000000 0.0000e+00
5.7250 0.00000000 0.0000e+00
5.7300 0.00000000 0.0000e+00
5.7350 0.00000000 0.0000e+00
5.7400 0.00000000 0.0000e+00
5.7450 0.00000000 0.0000e+00
5.7500 0.00000000 0.0000e+00
5.7550 0.00000000 0.0000e+00
5.7600 0.00000000 0.0000e+00
5.7650 0.00000000 0.0000e+00
5.7700 0.00000000 0.0000e+00
5.7750 0.00000000 0.0000e+00
5.7800 0.00000000 0.0000e+00
5.7850 0.00000000 0.0000e+00
5.7900 0.00000000 0.0000e+00
5.7950 0.00000000 0.0000e+00
5.8000 0.00000000 0.0000e+00
5.8050 0.00000000 0.0000e+00
5.8100 0.00000000 0.0000e+00
5.8150 0.00000000 0.0000e+00
5.8200 0.00000000 0.0000e+00
5.8250 0.00000000 0.0000e+00
5.8300 0.00000000 0.0000e+00
5.8350 0.00000000 0.0000e+00
5.8400 0.00000000 0.0000e+00
5.8450 0.00000000 0.0000e+00
5.8500 0.00000000 0.0000e+00
5.8550 0.00000000 0.0000e+00
5.8600 0.00000000 0.0000e+00
5.8650 0.00000000 0.0000e+00
5.8700 0.00000000 0.0000e+00
5.8750 0.00000000 0.0000e+00
5.8800 0.00000000 0.0000e+00
5.8850 0.00000000 0.0000e+00
5.8900 0.00000000 0.0000e+00
5.8950 0.00000000 0.0000e+00
5.9000 0.00000000 0.0000e+00
5.9050 0.00000000 0.0000e+00
5.9100 0.00000000 0.0000e+00
5.9150 0.00000000 0.0000e+00
5.9200 0.00000000 0.0000e+00
5.9250 0.00000000 0.0000e+00
5.9300 0.00000000 0.0000e+00
5.9350 0.00000000 0.0000e+00
5.9400 0.00000000 0.0000e+00
5.9450 0.00000000 0.0000e+00
5.9500 0.00000000 0.0000e+00
5.9550 0.00000000 0.0000e+00
5.9600 0.00000000 0.0000e+00
5.9650 0.00000000 0.0000e+00
5.9700 0.00000000 0.0000e+00
5.9750 0.00000000 0.0000e+00
5.9800 0.00000000 0.0000e+00
5.9850 0.00000000 0.0000e+00
5.9900 0.00000000 0.0000e+00
5.9950 0.00000000 0.0000e+00
6.0000 0.00000000 0.0000e+00
6.0050 0.00000000 0.0000e+00
6.0100 0.00000000 0.0000e+00
6.0150 0.00000000 0.0000e+00
6.0200 0.00000000 0.0000e+00
6.0250 0.00000000 0.0000e+00
6.0300 0.00000000 0.0000e+00
6.0350 0.00000000 0.0000e+00
6.0400 0.00000000 0.0000e+00
6.0450 0.00000000 0.0000e+00
6.0500 0.00000000 0.0000e+00
6.0550 0.00000000 0.0000e+00
6.0600 0.00000000 0.0000e+00
6.0650 0.00000000 0.0000e+00
6.0700 0.00000000 0.0000e+00
6.0750 0.00000000 0.0000e+00
6.0800 0.00000000 0.0000e+00
6.0850 0.00000000 0.0000e+00
6.0900 0.00000000 0.0000e+00
6.0950 0.00000000 0.0000e+00
6.1000 0.00000000 0.0000e+00
6.1050 0.00000000 0.0000e+00
6.1100 0.00000000 0.0000e+00
6.1150 0.00000000 0.0000e+00
6.1200 0.00000000 0.0000e+00
6.1250 0.00000000 0.0000e+00
6.1300 0.00000000 0.0000e+00
6.1350 0.00000000 0.0000e+00
6.1400 0.00000000 0.0000e+00
6.1450 0.00000000 0.0000e+00
6.1500 0.00000000 0.0000e+00
6.1550 0.00000000 0.0000e+00
6.1600 0.00000000 0.0000e+00
6.1650 0.00000000 0.0000e+00
6.1700 0.00000000 0.0000e+00
6.1750 0.00000000 0.0000e+00
6.1800 0.00000000 0.0000e+00
6.1850 0.00000000 0.0000e+00
6.1900 0.00000000 0.0000e+00
6.1950 0.00000000 0.0000e+00
6.2000 0.00000000 0.0000e+00
6.2050 0.00000000 0.0000e+00
6.2100 0.00000000 0.0000e+00
6.2150 0.00000000 0.0000e+00
6.2200 0.00000000 0.0000e+00
6.2250 0.00000000 0.0000e+00
6.2300 0.00000000 0.0000e+00
6.2350 0.00000000 0.0000e+00
6.2400 0.00000000 0.0000e+00
6.2450 0.00000000 0.0000e+00
6.2500 0.00000000 0.0000e+00
6.2550 0.00000000 0.0000e+00
6.2600 0.00000000 0.0000e+00
6.2650 0.00000000 0.0000e+00
6.2700 0.00000000 0.0000e+00
6.2750 0.00000000 0.0000e+00
6.2800 0.00000000 0.0000e+00
6.2850 0.00000000 0.0000e+00
6.2900 0.00000000 0.0000e+00
6.2950 0.00000000 0.0000e+00
6.3000 0.00000000 0.0000e+00
6.3050 0.00000000 0.0000e+00
6.3100 0.00000000 0.0000e+00
6.3150 0.00000000 0.0000e+00
6.3200 0.00000000 0.0000e+00
6.3250 0.00000000 0.0000e+00
6.3300 0.00000000 0.0000e+00
6.3350 0.00000000 0.0000e+00
6.3400 0.00000000 0.0000e+00
6.3450 0.00000000 0.0000e+00
6.3500 0.00000000 0.0000e+00
6.3550 0.00000000 0.0000e+00
6.3600 0.00000000 0.0000e+00
6.3650 0.00000000 0.0000e+00
6.3700 0.00000000 0.0000e+00
6.3750 0.00000000 0.0000e+00
6.3800 0.00000000 0.0000e+00
6.3850 0.00000000 0.0000e+00
6.3900 0.00000000 0.0000e+00
6.3950 0.00000000 0.0000e+00
6.4000 0.00000000 0.0000e+00
6.4050 0.00000000 0.0000e+00
6.4100 0.00000000 0.0000e+00
6.4150 0.00000000 0.0000e+00
6.4200 0.00000000 0.0000e+00
6.4250 0.00000000 0.0000e+00
6.4300 0.00000000 0.0000e+00
6.4350 0.00000000 0.0000e+00
6.4400 0.00000000 0.0000e+00
6.4450 0.00000000 0.0000e+00
6.4500 0.00000000 0.0000e+00
6.4550 0.00000000 0.0000e+00
6.4600 0.00000000 0.0000e+00
6.4650 0.00000000 0.0000e+00
6.4700 0.00000000 0.0000e+00
6.4750 0.00000000 0.0000e+00
6.4800 0.00000000 0.0000e+00
6.4850 0.00000000 0.0000e+00
6.4900 0.00000000 0.0000e+00
6.4950 0.00000000 0.0000e+00
6.5000 0.00000000 0.0000e+00
6.5050 0.00000000 0.0000e+00
6.5100 0.00000000 0.0000e+00
6.5150 0.00000000 0.0000e+00
6.5200 0.00000000 0.0000e+00
6.5250 0.00000000 0.0000e+00
6.5300 0.00000000 0.0000e+00
6.5350 0.00000000 0.0000e+00
6.5400 0.00000000 0.0000e+00
6.5450 0.00000000 0.0000e+00
6.5500 0.00000000 0.0000e+00
6.5550 0.00000000 0.0000e+00
6.5600 0.00000000 0.0000e+00
6.5650 0.00000000 0.0000e+00
6.5700 0.00000000 0.0000e+00
6.5750 0.00000000 0.0000e+00
6.5800 0.00000000 0.0000e+00
6.5850 0.00000000 0.0000e+00
6.5900 0.00000000 0.0000e+00
6.5950 0.00000000 0.0000e+00
6.6000 0.00000000 0.0000e+00
6.6050 0.00000000 0.0000e+00
6.6100 0.00000000 0.0000e+00
6.6150 0.00000000 0.0000e+00
6.6200 0.00000000 0.0000e+00
6.6250 0.00000000 0.0000e+00
6.6300 0.00000000 0.0000e+00
6.6350 0.00000000 0.0000e+00
6.6400 0.00000000 0.0000e+00
6.6450 0.00000000 0.0000e+00
6.6500 0.00000000 0.0000e+00
6.6550 0.00000000 0.0000e+00
6.6600 0.00000000 0.0000e+00
6.6650 0.00000000 0.0000e+00
6.6700 0.00000000 0.0000e+00
6.6750 0.00000000 0.0000e+00
6.6800 0.00000000 0.0000e+00
6.6850 0.00000000 0.0000e+00
6.6900 0.00000000 0.0000e+00
6.6950 0.00000000 0.0000e+00
6.7000 0.00000000 0.0000e+00
6.7050 0.00000000 0.0000e+00
6.7100 0.00000000 0.0000e+00
6.7150 0.00000000 0.0000e+00
6.7200 0.00000000 0.0000e+00
6.7250 0.00000000 0.0000e+00
6.7300 0.00000000 0.0000e+00
6.7350 0.00000000 0.0000e+00
6.7400 0.00000000 0.0000e+00
6.7450 0.00000000 0.0000e+00
6.7500 0.00000000 0.0000e+00
6.7550 0.00000000 0.0000e+00
6.7600 0.00000000 0.0000e+00
6.7650 0.00000000 0.0000e+00
6.7700 0.00000000 0.0000e+00
6.7750 0.00000000 0.0000e+00
6.7800 0.00000000 0.0000e+00
6.7850 0.00000000 0.0000e+00
6.7900 0.00000000 0.0000e+00
6.7950 0.00000000 0.0000e+00
6.8000 0.00000000 0.0000e+00
6.8050 0.00000000 0.0000e+00
6.8100 0.00000000 0.0000e+00
6.8150 0.00000000 0.0000e+00
6.8200 0.00000000 0.0000e+00
6.8250 0.00000000 0.0000e+00
6.8300 0.00000000 0.0000e+00
6.8350 0.00000000 0.0000e+00
6.8400 0.00000000 0.0000e+00
6.8450 0.00000000 0.0000e+00
6.8500 0.00000000 0.0000e+00
6.8550 0.00000000 0.0000e+00
6.8600 0.00000000 0.0000e+00
6.8650 0.00000000 0.0000e+00
6.8700 0.00000000 0.0000e+00
6.8750 0.00000000 0.0000e+00
6.8800 0.00000000 0.0000e+00
6.8850 0.00000000 0.0000e+00
6.8900 0.00000000 0.0000e+00
6.8950 0.00000000 0.0000e+00
6.9000 0.00000000 0.0000e+00
6.9050 0.00000000 0.0000e+00
6.9100 0.00000000 0.0000e+00
6.9150 0.00000000 0.0000e+00
6.9200 0.00000000 0.0000e+00
6.9250 0.00000000 0.0000e+00
6.9300 0.00000000 0.0000e+00
6.9350 0.00000000 0.0000e+00
6.9400 0.00000000 0.0000e+00
6.9450 0.00000000 0.0000e+00
6.9500 0.00000000 0.0000e+00
6.9550 0.00000000 0.0000e+00
6.9600 0.00000000 0.0000e+00
6.9650 0.00000000 0.0000e+00
6.9700 0.00000000 0.0000e+00
6.9750 0.00000000 0.0000e+00
6.9800 0.00000000 0.0000e+00
6.9850 0.00000000 0.0000e+00
6.9900 0.00000000 0.0000e+00
6.9950 0.00000000 0.0000e+00
7.0000 0.00000000 0.0000e+00
7.0050 0.00000000 0.0000e+00
7.0100 0.00000000 0.0000e+00
7.0150 0.00000000 0.0000e+00
7.0200 0.00000000 0.0000e+00
7.0250 0.00000000 0.0000e+00
7.0300 0.00000000 0.0000e+00
7.0350 0.00000000 0.0000e+00
7.0400 0.00000000 0.0000e+00
7.0450 0.00000000 0.0000e+00
7.0500 0.00000000 0.0000e+00
7.0550 0.00000000 0.0000e+00
7.0600 0.00000000 0.0000e+00
7.0650 0.00000000 0.0000e+00
7.0700 0.00000000 0.0000e+00
7.0750 0.00000000 0.0000e+00
7.0800 0.00000000 0.0000e+00
7.0850 0.00000000 0.0000e+00
7.0900 0.00000000 0.0000e+00
7.0950 0.00000000 0.0000e+00
7.1000 0.00000000 0.0000e+00
7.1050 0.00000000 0.0000e+00
7.1100 0.00000000 0.0000e+00
7.1150 0.00000000 0.0000e+00
7.1200 0.00000000 0.0000e+00
7.1250 0.00000000 0.0000e+00
7.1300 0.00000000 0.0000e+00
7.1350 0.00000000 0.0000e+00
7.1400 0.00000000 0.0000e+00
7.1450 0.00000000 0.0000e+00
7.1500 0.00000000 0.0000e+00
7.1550 0.00000000 0.0000e+00
7.1600 0.00000000 0.0000e+00
7.1650 0.00000000 0.0000e+00
7.1700 0.00000000 0.0000e+00
7.1750 0.00000000 0.0000e+00
7.1800 0.00000000 0.0000e+00
7.1850 0.00000000 0.0000e+00
7.1900 0.00000000 0.0000e+00
7.1950 0.00000000 0.0000e+00
7.2000 0.00000000 0.0000e+00
7.2050 0.00000000 0.0000e+00
7.2100 0.00000000 0.0000e+00
7.2150 0.00000000 0.0000e+00
7.2200 0.00000000 0.0000e+00
7.2250 0.00000000 0.0000e+00
7.2300 0.00000000 0.0000e+00
7.2350 0.00000000 0.0000e+00
7.2400 0.00000000 0.0000e+00
7.2450 0.00000000 0.0000e+00
7.2500 0.00000000 0.0000e+00
7.2550 0.00000000 0.0000e+00
7.2600 0.00000000 0.0000e+00
7.2650 0.00000000 0.0000e+00
7.2700 0.00000000 0.0000e+00
7.2750 0.00000000 0.0000e+00
7.2800 0.00000000 0.0000e+00
7.2850 0.00000000 0.0000e+00
7.2900 0.00000000 0.0000e+00
7.2950 0.00000000 0.0000e+00
7.3000 0.00000000 0.0000e+00
7.3050 0.00000000 0.0000e+00
7.3100 0.00000000 0.0000e+00
7.3150 0.00000000 0.0000e+00
7.3200 0.00000000 0.0000e+00
7.3250 0.00000000 0.0000e+00
7.3300 0.00000000 0.0000e+00
7.3350 0.00000000 0.0000e+00
7.3400 0.00000000 0.0000e+00
7.3450 0.00000000 0.0000e+00
7.3500 0.00000000 0.0000e+00
7.3550 0.00000000 0.0000e+00
7.3600 0.00000000 0.0000e+00
7.3650 0.00000000 0.0000e+00
7.3700 0.00000000 0.0000e+00
7.3750 0.00000000 0.0000e+00
7.3800 0.00000000 0.0000e+00
7.3850 0.00000000 0.0000e+00
7.3900 0.00000000 0.0000e+00
7.3950 0.00000000 0.0000e+00
7.4000 0.00000000 0.0000e+00
7.4050 0.00000000 0.0000e+00
7.4100 0.00000000 0.0000e+00
7.4150 0.00000000 0.0000e+00
7.4200 0.00000000 0.0000e+00
7.4250 0.00000000 0.0000e+00
7.4300 0.00000000 0.0000e+00
7.4350 0.00000000 0.0000e+00
7.4400 0.00000000 0.0000e+00
7.4450 0.00000000 0.0000e+00
7.4500 0.00000000 0.0000e+00
7.4550 0.00000000 0.0000e+00
7.4600 0.00000000 0.0000e+00
7.4650 0.00000000 0.0000e+00
7.4700 0.00000000 0.0000e+00
7.4750 0.00000000 0.0000e+00
7.4800 0.00000000 0.0000e+00
7.4850 0.00000000 0.0000e+00
7.4900 0.00000000 0.0000e+00
7.4950 0.00000000 0.0000e+00
7.5000 0.00000000 0.0000e+00
7.5050 0.00000000 0.0000e+00
7.5100 0.00000000 0.0000e+00
7.5150 0.00000000 0.0000e+00
7.5200 0.00000000 0.0000e+00
7.5250 0.00000000 0.0000e+00
7.5300 0.00000000 0.0000e+00
7.5350 0.00000000 0.0000e+00
7.5400 0.00000000 0.0000e+00
7.5450 0.00000000 0.0000e+00
7.5500 0.00000000 0.0000e+00
7.5550 0.00000000 0.0000e+00
7.5600 0.00000000 0.0000e+00
7.5650 0.00000000 0.0000e+00
7.5700 0.00000000 0.0000e+00
7.5750 0.00000000 0.0000e+00
7.5800 0.00000000 0.0000e+00
7.5850 0.00000000 0.0000e+00
7.5900 0.00000000 0.0000e+00
7.5950 0.00000000 0.0000e+00
7.6000 0.00000000 0.0000e+00
7.6050 0.00000000 0.0000e+00
7.6100 0.00000000 0.0000e+00
7.6150 0.00000000 0.0000e+00
7.6200 0.00000000 0.0000e+00
7.6250 0.00000000 0.0000e+00
7.6300 0.00000000 0.0000e+00
7.6350 0.00000000 0.0000e+00
7.6400 0.00000000 0.0000e+00
7.6450 0.00000000 0.0000e+00
7.6500 0.00000000 0.0000e+00
7.6550 0.00000000 0.0000e+00
7.6600 0.00000000 0.0000e+00
7.6650 0.00000000 0.0000e+00
7.6700 0.00000000 0.0000e+00
7.6750 0.00000000 0.0000e+00
7.6800 0.00000000 0.0000e+00
7.6850 0.00000000 0.0000e+00
7.6900 0.00000000 0.0000e+00
7.6950 0.00000000 0.0000e+00
7.7000 0.00000000 0.0000e+00
7.7050 0.00000000 0.0000e+00
7.7100 0.00000000 0.0000e+00
7.7150 0.00000000 0.0000e+00
7.7200 0.00000000 0.0000e+00
7.7250 0.00000000 0.0000e+00
7.7300 0.00000000 0.0000e+00
7.7350 0.00000000 0.0000e+00
7.7400 0.00000000 0.0000e+00
7.7450 0.00000000 0.0000e+00
7.7500 0.00000000 0.0000e+00
7.7550 0.00000000 0.0000e+00
7.7600 0.00000000 0.0000e+00
7.7650 0.00000000 0.0000e+00
7.7700 0.00000000 0.0000e+00
7.7750 0.00000000 0.0000e+00
7.7800 0.00000000 0.0000e+00
7.7850 0.00000000 0.0000e+00
7.7900 0.00000000 0.0000e+00
7.7950 0.00000000 0.0000e+00
7.8000 0.00000000 0.0000e+00
7.8050 0.00000000 0.0000e+00
7.8100 0.00000000 0.0000e+00
7.8150 0.00000000 0.0000e+00
7.8200 0.00000000 0.0000e+00
7.8250 0.00000000 0.0000e+00
7.8300 0.00000000 0.0000e+00
7.8350 0.00000000 0.0000e+00
7.8400 0.00000000 0.0000e+00
7.8450 0.00000000 0.0000e+00
7.8500 0.00000000 0.0000e+00
7.8550 0.00000000 0.0000e+00
7.8600 0.00000000 0.0000e+00
7.8650 0.00000000 0.0000e+00
7.8700 0.00000000 0.0000e+00
7.8750 0.00000000 0.0000e+00
7.8800 0.00000000 0.0000e+00
7.8850 0.00000000 0.0000e+00
7.8900 0.00000000 0.0000e+00
7.8950 0.00000000 0.0000e+00
7.9000 0.00000000 0.0000e+00
7.9050 0.00000000 0.0000e+00
7.9100 0.00000000 0.0000e+00
7.9150 0.00000000 0.0000e+00
7.9200 0.00000000 0.0000e+00
7.9250 0.00000000 0.0000e+00
7.9300 0.00000000 0.0000e+00
7.9350 0.00000000 0.0000e+00
7.9400 0.00000000 0.0000e+00
7.9450 0.00000000 0.0000e+00
7.9500 0.00000000 0.0000e+00
7.9550 0.00000000 0.0000e+00
7.9600 0.00000000 0.0000e+00
7.9650 0.00000000 0.0000e+00
7.9700 0.00000000 0.0000e+00
7.9750 0.00000000 0.0000e+00
7.9800 0.00000000 0.0000e+00
7.9850 0.00000000 0.0000e+00
7.9900 0.00000000 0.0000e+00
7.9950 0.00000000 0.0000e+00
8.0000 0.00000000 0.0000e+00
