0.0050 0.00000000 0.0000e+00
0.0100 0.00000000 0.0000e+00
0.0150 0.00000000 0.0000e+00
0.0200 0.00000000 0.0000e+00
0.0250 0.00000000 0.0000e+00
0.0300 0.00000000 0.0000e+00
0.0350 0.00000000 0.0000e+00
0.0400 0.00000000 0.0000e+00
0.0450 0.00000000 0.0000e+00
0.0500 0.00000000 0.0000e+00
0.0550 0.00000000 0.0000e+00
0.0600 0.00000000 0.0000e+00
0.0650 0.00000000 0.0000e+00
0.0700 0.00000000 0.0000e+00
0.0750 0.00000000 0.0000e+00
0.0800 0.00000000 0.0000e+00
0.0850 0.00000000 0.0000e+00
0.0900 0.00000000 0.0000e+00
0.0950 0.00000000 0.0000e+00
0.1000 0.00000000 0.0000e+00
0.1050 0.00000000 0.0000e+00
0.1100 0.00000000 0.0000e+00
0.1150 0.00000000 0.0000e+00
0.1200 0.00000000 0.0000e+00
0.1250 0.00000000 0.0000e+00
0.1300 0.00000000 0.0000e+00
0.1350 0.00000000 0.0000e+00
0.1400 0.00000000 0.0000e+00
0.1450 0.00000000 0.0000e+00
0.1500 0.00000000 0.0000e+00
0.1550 0.00000000 0.0000e+00
0.1600 0.00000000 0.0000e+00
0.1650 0.00000000 0.0000e+00
0.1700 0.00000000 0.0000e+00
0.1750 0.00000000 0.0000e+00
0.1800 0.00000000 0.0000e+00
0.1850 0.00000000 0.0000e+00
0.1900 0.00000000 0.0000e+00
0.1950 0.00000000 0.0000e+00
0.2000 0.00000000 0.0000e+00
0.2050 0.00000000 0.0000e+00
0.2100 0.00000000 0.0000e+00
0.2150 0.00000000 0.0000e+00
0.2200 0.00000000 0.0000e+00
0.2250 0.00000000 0.0000e+00
0.2300 0.00000000 0.0000e+00
0.2350 0.00000000 0.0000e+00
0.2400 0.00000000 0.0000e+00
0.2450 0.00000000 0.0000e+00
0.2500 0.00000000 0.0000e+00
0.2550 0.00000000 0.0000e+00
0.2600 0.00000000 0.0000e+00
0.2650 0.00000000 0.0000e+00
0.2700 0.00000000 0.0000e+00
0.2750 0.00000000 0.0000e+00
0.2800 0.00000000 0.0000e+00
0.2850 0.00000000 0.0000e+00
0.2900 0.00000000 0.0000e+00
0.2950 0.00000000 0.0000e+00
0.3000 0.00000000 0.0000e+00
0.3050 0.00000000 0.0000e+00
0.3100 0.00000000 0.0000e+00
0.3150 0.00000000 0.0000e+00
0.3200 0.00000000 0.0000e+00
0.3250 0.00000000 0.0000e+00
0.3300 0.00000000 0.0000e+00
0.3350 0.00000000 0.0000e+00
0.3400 0.00000000 0.0000e+00
0.3450 0.00000000 0.0000e+00
0.3500 0.00000000 0.0000e+00
0.3550 0.00000000 0.0000e+00
0.3600 0.00000000 0.0000e+00
0.3650 0.00000000 0.0000e+00
0.3700 0.00000000 0.0000e+00
0.3750 0.00000000 0.0000e+00
0.3800 0.00000000 0.0000e+00
0.3850 0.00000000 0.0000e+00
0.3900 0.00000000 0.0000e+00
0.3950 0.00000000 0.0000e+00
0.4000 0.00000000 0.0000e+00
0.4050 0.00000000 0.0000e+00
0.4100 0.00000000 0.0000e+00
0.4150 0.00000000 0.0000e+00
0.4200 0.00000000 0.0000e+00
0.4250 0.00000000 0.0000e+00
0.4300 0.00000000 0.0000e+00
0.4350 0.00000000 0.0000e+00
0.4400 0.00000000 0.0000e+00
0.4450 0.00000000 0.0000e+00
0.4500 0.00000000 0.0000e+00
0.4550 0.00000000 0.0000e+00
0.4600 0.00000000 0.0000e+00
0.4650 0.00000000 0.0000e+00
0.4700 0.00000000 0.0000e+00
0.4750 0.00000000 0.0000e+00
0.4800 0.00000000 0.0000e+00
0.4850 0.00000000 0.0000e+00
0.4900 0.00000000 0.0000e+00
0.4950 0.00000000 0.0000e+00
0.5000 0.00000000 0.0000e+00
0.5050 0.00000000 0.0000e+00
0.5100 0.00000000 0.0000e+00
0.5150 0.00000000 0.0000e+00
0.5200 0.00000000 0.0000e+00
0.5250 0.00000000 0.0000e+00
0.5300 0.00000000 0.0000e+00
0.5350 0.00000000 0.0000e+00
0.5400 0.00000000 0.0000e+00
0.5450 0.00000000 0.0000e+00
0.5500 0.00000000 0.0000e+00
0.5550 0.00000000 0.0000e+00
0.5600 0.00000000 0.0000e+00
0.5650 0.00000000 0.0000e+00
0.5700 0.00000000 0.0000e+00
0.5750 0.00000000 0.0000e+00
0.5800 0.00000000 0.0000e+00
0.5850 0.00000000 0.0000e+00
0.5900 0.00000000 0.0000e+00
0.5950 0.00000000 0.0000e+00
0.6000 0.00000000 0.0000e+00
0.6050 0.00000000 0.0000e+00
0.6100 0.00000000 0.0000e+00
0.6150 0.00000000 0.0000e+00
0.6200 0.00000000 0.0000e+00
0.6250 0.00000000 0.0000e+00
0.6300 0.00000000 0.0000e+00
0.6350 0.00000000 0.0000e+00
0.6400 0.00000000 0.0000e+00
0.6450 0.00000000 0.0000e+00
0.6500 0.00000000 0.0000e+00
0.6550 0.00000000 0.0000e+00
0.6600 0.00000000 0.0000e+00
0.6650 0.00000000 0.0000e+00
0.6700 0.00000000 0.0000e+00
0.6750 0.00000000 0.0000e+00
0.6800 0.00000000 0.0000e+00
0.6850 0.00000000 0.0000e+00
0.6900 0.00000000 0.0000e+00
0.6950 0.00000000 0.0000e+00
0.7000 0.00000000 0.0000e+00
0.7050 0.00000000 0.0000e+00
0.7100 0.00000000 0.0000e+00
0.7150 0.00000000 0.0000e+00
0.7200 0.00000000 0.0000e+00
0.7250 0.00000000 0.0000e+00
0.7300 0.00000000 0.0000e+00
0.7350 0.00000000 0.0000e+00
0.7400 0.00000000 0.0000e+00
0.7450 0.00000000 0.0000e+00
0.7500 0.00000000 0.0000e+00
0.7550 0.00000000 0.0000e+00
0.7600 0.00000000 0.0000e+00
0.7650 0.00000000 0.0000e+00
0.7700 0.00000000 0.0000e+00
0.7750 0.00000000 0.0000e+00
0.7800 0.00000000 0.0000e+00
0.7850 0.00000000 0.0000e+00
0.7900 0.00000000 0.0000e+00
0.7950 0.00000000 0.0000e+00
0.8000 0.00000000 0.0000e+00
0.8050 0.00000000 0.0000e+00
0.8100 0.00000000 0.0000e+00
0.8150 0.00000000 0.0000e+00
0.8200 0.00000000 0.0000e+00
0.8250 0.00000000 0.0000e+00
0.8300 0.00000000 0.0000e+00
0.8350 0.00000000 0.0000e+00
0.8400 0.00000000 0.0000e+00
0.8450 0.00000000 0.0000e+00
0.8500 0.00000000 0.0000e+00
0.8550 0.00000000 0.0000e+00
0.8600 0.00000000 0.0000e+00
0.8650 0.00000000 0.0000e+00
0.8700 0.00000000 0.0000e+00
0.8750 0.00000000 0.0000e+00
0.8800 0.00000000 0.0000e+00
0.8850 0.00000000 0.0000e+00
0.8900 0.00000000 0.0000e+00
0.8950 0.00000000 0.0000e+00
0.9000 0.00000000 0.0000e+00
0.9050 0.00000000 0.0000e+00
0.9100 0.00000000 0.0000e+00
0.9150 0.00000000 0.0000e+00
0.9200 0.00000000 0.0000e+00
0.9250 0.00000000 0.0000e+00
0.9300 0.00000000 0.0000e+00
0.9350 0.00000000 0.0000e+00
0.9400 0.00000000 0.0000e+00
0.9450 0.00000000 0.0000e+00
0.9500 0.00000000 0.0000e+00
0.9550 0.00000000 0.0000e+00
0.9600 0.00000000 0.0000e+00
0.9650 0.00000000 0.0000e+00
0.9700 0.00000000 0.0000e+00
0.9750 0.00000000 0.0000e+00
0.9800 0.00000000 0.0000e+00
0.9850 0.00000000 0.0000e+00
0.9900 0.00000000 0.0000e+00
0.9950 0.00000000 0.0000e+00
1.0000 0.00000000 0.0000e+00
1.0050 0.00000000 0.0000e+00
1.0100 0.00000000 0.0000e+00
1.0150 0.00000000 0.0000e+00
1.0200 0.00000000 0.0000e+00
1.0250 0.00000000 0.0000e+00
1.0300 0.00000000 0.0000e+00
1.0350 0.00000000 0.0000e+00
1.0400 0.00000000 0.0000e+00
1.0450 0.00000000 0.0000e+00
1.0500 0.00000000 0.0000e+00
1.0550 0.00000000 0.0000e+00
1.0600 0.00000000 0.0000e+00
1.0650 0.00000000 0.0000e+00
1.0700 0.00000000 0.0000e+00
1.0750 0.00000000 0.0000e+00
1.0800 0.00000000 0.0000e+00
1.0850 0.00000000 0.0000e+00
1.0900 0.00000000 0.0000e+00
1.0950 0.00000000 0.0000e+00
1.1000 0.00000000 0.0000e+00
1.1050 0.00000000 0.0000e+00
1.1100 0.00000000 0.0000e+00
1.1150 0.00000000 0.0000e+00
1.1200 0.00000000 0.0000e+00
1.1250 0.00000000 0.0000e+00
1.1300 0.00000000 0.0000e+00
1.1350 0.00000000 0.0000e+00
1.1400 0.00000000 0.0000e+00
1.1450 0.00000000 0.0000e+00
1.1500 0.00000000 0.0000e+00
1.1550 0.00000000 0.0000e+00
1.1600 0.00000000 0.0000e+00
1.1650 0.00000000 0.0000e+00
1.1700 0.00000000 0.0000e+00
1.1750 0.00000000 0.0000e+00
1.1800 0.00000000 0.0000e+00
1.1850 0.00000000 0.0000e+00
1.1900 0.00000000 0.0000e+00
1.1950 0.00000000 0.0000e+00
1.2000 0.00000000 0.0000e+00
1.2050 0.00000000 0.0000e+00
1.2100 0.00000000 0.0000e+00
1.2150 0.00000000 0.0000e+00
1.2200 0.00000000 0.0000e+00
1.2250 0.00000000 0.0000e+00
1.2300 0.00000000 0.0000e+00
1.2350 0.00000000 0.0000e+00
1.2400 0.00000000 0.0000e+00
1.2450 0.00000000 0.0000e+00
1.2500 0.00000000 0.0000e+00
1.2550 0.00000000 0.0000e+00
1.2600 0.00000000 0.0000e+00
1.2650 0.00000000 0.0000e+00
1.2700 0.00000000 0.0000e+00
1.2750 0.00000000 0.0000e+00
1.2800 0.00000000 0.0000e+00
1.2850 0.00000000 0.0000e+00
1.2900 0.00000000 0.0000e+00
1.2950 0.00000000 0.0000e+00
1.3000 0.00000000 0.0000e+00
1.3050 0.00000000 0.0000e+00
1.3100 0.00000000 0.0000e+00
1.3150 0.00000000 0.0000e+00
1.3200 0.00000000 0.0000e+00
1.3250 0.00000000 0.0000e+00
1.3300 0.00000000 0.0000e+00
1.3350 0.00000000 0.0000e+00
1.3400 0.00000000 0.0000e+00
1.3450 0.00000000 0.0000e+00
1.3500 0.00000000 0.0000e+00
1.3550 0.00000000 0.0000e+00
1.3600 0.00000000 0.0000e+00
1.3650 0.00000000 0.0000e+00
1.3700 0.00000000 0.0000e+00
1.3750 0.00000000 0.0000e+00
1.3800 0.00000000 0.0000e+00
1.3850 0.00000000 0.0000e+00
1.3900 0.00000000 0.0000e+00
1.3950 0.00000000 0.0000e+00
1.4000 0.00000000 0.0000e+00
1.4050 0.00000000 0.0000e+00
1.4100 0.00000000 0.0000e+00
1.4150 0.00000000 0.0000e+00
1.4200 0.00000000 0.0000e+00
1.4250 0.00000000 0.0000e+00
1.4300 0.00000000 0.0000e+00
1.4350 0.00000000 0.0000e+00
1.4400 0.00000000 0.0000e+00
1.4450 0.00000000 0.0000e+00
1.4500 0.00000000 0.0000e+00
1.4550 0.00000000 0.0000e+00
1.4600 0.00000000 0.0000e+00
1.4650 0.00000000 0.0000e+00
1.4700 0.00000000 0.0000e+00
1.4750 0.00000000 0.0000e+00
1.4800 0.00000000 0.0000e+00
1.4850 0.00000000 0.0000e+00
1.4900 0.00000000 0.0000e+00
1.4950 0.00000000 0.0000e+00
1.5000 0.00000000 0.0000e+00
1.5050 0.00000000 0.0000e+00
1.5100 0.00000000 0.0000e+00
1.5150 0.00000000 0.0000e+00
1.5200 0.00000000 0.0000e+00
1.5250 0.00000000 0.0000e+00
1.5300 0.00000000 0.0000e+00
1.5350 0.00000000 0.0000e+00
1.5400 0.00000000 0.0000e+00
1.5450 0.00000000 0.0000e+00
1.5500 0.00000000 0.0000e+00
1.5550 0.00000000 0.0000e+00
1.5600 0.00000000 0.0000e+00
1.5650 0.00000000 0.0000e+00
1.5700 0.00000000 0.0000e+00
1.5750 0.00000000 0.0000e+00
1.5800 0.00000000 0.0000e+00
1.5850 0.00000000 0.0000e+00
1.5900 0.00000000 0.0000e+00
1.5950 0.00000000 0.0000e+00
1.6000 0.00000000 0.0000e+00
1.6050 0.00000000 0.0000e+00
1.6100 0.00000000 0.0000e+00
1.6150 0.00000000 0.0000e+00
1.6200 0.00000000 0.0000e+00
1.6250 0.00000000 0.0000e+00
1.6300 0.00000000 0.0000e+00
1.6350 0.00000000 0.0000e+00
1.6400 0.00000000 0.0000e+00
1.6450 0.00000000 0.0000e+00
1.6500 0.00000000 0.0000e+00
1.6550 0.00000000 0.0000e+00
1.6600 0.00000000 0.0000e+00
1.6650 0.00000000 0.0000e+00
1.6700 0.00000000 0.0000e+00
1.6750 0.00000000 0.0000e+00
1.6800 0.00000000 0.0000e+00
1.6850 0.00000000 0.0000e+00
1.6900 0.00000000 0.0000e+00
1.6950 0.00000000 0.0000e+00
1.7000 0.00000000 0.0000e+00
1.7050 0.00000000 0.0000e+00
1.7100 0.00000000 0.0000e+00
1.7150 0.00000000 0.0000e+00
1.7200 0.00000000 0.0000e+00
1.7250 0.00000000 0.0000e+00
1.7300 0.00000000 0.0000e+00
1.7350 0.00000000 0.0000e+00
1.7400 0.00000000 0.0000e+00
1.7450 0.00000000 0.0000e+00
1.7500 0.00000000 0.0000e+00
1.7550 0.00000000 0.0000e+00
1.7600 0.00000000 0.0000e+00
1.7650 0.00000000 0.0000e+00
1.7700 0.00000000 0.0000e+00
1.7750 0.00000000 0.0000e+00
1.7800 0.00000000 0.0000e+00
1.7850 0.00000000 0.0000e+00
1.7900 0.00000000 0.0000e+00
1.7950 0.00000000 0.0000e+00
1.8000 0.00000000 0.0000e+00
1.8050 0.00000000 0.0000e+00
1.8100 0.00000000 0.0000e+00
1.8150 0.00000000 0.0000e+00
1.8200 0.00000000 0.0000e+00
1.8250 0.00000000 0.0000e+00
1.8300 0.00000000 0.0000e+00
1.8350 0.00000000 0.0000e+00
1.8400 0.00000000 0.0000e+00
1.8450 0.00000000 0.0000e+00
1.8500 0.00000000 0.0000e+00
1.8550 0.00000000 0.0000e+00
1.8600 0.00000000 0.0000e+00
1.8650 0.00000000 0.0000e+00
1.8700 0.00000000 0.0000e+00
1.8750 0.00000000 0.0000e+00
1.8800 0.00000000 0.0000e+00
1.8850 0.00000000 0.0000e+00
1.8900 0.00000000 0.0000e+00
1.8950 0.00000000 0.0000e+00
1.9000 0.00000000 0.0000e+00
1.9050 0.00000000 0.0000e+00
1.9100 0.00000000 0.0000e+00
1.9150 0.00000000 0.0000e+00
1.9200 0.00000000 0.0000e+00
1.9250 0.00000000 0.0000e+00
1.9300 0.00000000 0.0000e+00
1.9350 0.00000000 0.0000e+00
1.9400 0.00000000 0.0000e+00
1.9450 0.00000000 0.0000e+00
1.9500 0.00000000 0.0000e+00
1.9550 0.00000000 0.0000e+00
1.9600 0.00000000 0.0000e+00
1.9650 0.00000000 0.0000e+00
1.9700 0.00000000 0.0000e+00
1.9750 0.00000000 0.0000e+00
1.9800 0.00000000 0.0000e+00
1.9850 0.00000000 0.0000e+00
1.9900 0.00000000 0.0000e+00
1.9950 0.00000000 0.0000e+00
2.0000 0.00000000 0.0000e+00
2.0050 0.00000000 0.0000e+00
2.0100 0.00000000 0.0000e+00
2.0150 0.00000000 0.0000e+00
2.0200 0.00000000 0.0000e+00
2.0250 0.00000000 0.0000e+00
2.0300 0.00000000 0.0000e+00
2.0350 0.00000000 0.0000e+00
2.0400 0.00000000 0.0000e+00
2.0450 0.00000000 0.0000e+00
2.0500 0.00000000 0.0000e+00
2.0550 0.00000000 0.0000e+00
2.0600 0.00000000 0.0000e+00
2.0650 0.00000000 0.0000e+00
2.0700 0.00000000 0.0000e+00
2.0750 0.00000000 0.0000e+00
2.0800 0.00000000 0.0000e+00
2.0850 0.00000000 0.0000e+00
2.0900 0.00000000 0.0000e+00
2.0950 0.00000000 0.0000e+00
2.1000 0.00000000 0.0000e+00
2.1050 0.00000000 0.0000e+00
2.1100 0.00000000 0.0000e+00
2.1150 0.00282798 6.5568e+09
2.1200 0.00296336 6.8707e+09
2.1250 0.00309873 7.1846e+09
2.1300 0.00323411 7.4985e+09
2.1350 0.00336949 7.8124e+09
2.1400 0.00350487 8.1263e+09
2.1450 0.00364025 8.4401e+09
2.1500 0.00377563 8.7540e+09
2.1550 0.00391100 9.0679e+09
2.1600 0.00404638 9.3818e+09
2.1650 0.00418176 9.6957e+09
2.1700 0.00431714 1.0010e+10
2.1750 0.00445252 1.0323e+10
2.1800 0.00458789 1.0637e+10
2.1850 0.00472327 1.0951e+10
2.1900 0.00485865 1.1265e+10
2.1950 0.00499403 1.1579e+10
2.2000 0.00512941 1.1893e+10
2.2050 0.00526478 1.2207e+10
2.2100 0.00540016 1.2521e+10
2.2150 0.00553554 1.2834e+10
2.2200 0.00567092 1.3148e+10
2.2250 0.00580630 1.3462e+10
2.2300 0.00594167 1.3776e+10
2.2350 0.00607705 1.4090e+10
2.2400 0.00621243 1.4404e+10
2.2450 0.00634781 1.4718e+10
2.2500 0.00648319 1.5032e+10
2.2550 0.00661856 1.5346e+10
2.2600 0.00675394 1.5659e+10
2.2650 0.00688932 1.5973e+10
2.2700 0.00702470 1.6287e+10
2.2750 0.00716008 1.6601e+10
2.2800 0.00729546 1.6915e+10
2.2850 0.00743083 1.7229e+10
2.2900 0.00756621 1.7543e+10
2.2950 0.00770159 1.7857e+10
2.3000 0.00783697 1.8171e+10
2.3050 0.00797235 1.8484e+10
2.3100 0.00810772 1.8798e+10
2.3150 0.00824310 1.9112e+10
2.3200 0.00837848 1.9426e+10
2.3250 0.00851386 1.9740e+10
2.3300 0.00864924 2.0054e+10
2.3350 0.00878461 2.0368e+10
2.3400 0.00891999 2.0682e+10
2.3450 0.00905537 2.0995e+10
2.3500 0.00919075 2.1309e+10
2.3550 0.00932613 2.1623e+10
2.3600 0.00946150 2.1937e+10
2.3650 0.00959688 2.2251e+10
2.3700 0.00973226 2.2565e+10
2.3750 0.00986764 2.2879e+10
2.3800 0.01000302 2.3193e+10
2.3850 0.01013840 2.3507e+10
2.3900 0.01027377 2.3820e+10
2.3950 0.01040915 2.4134e+10
2.4000 0.01054453 2.4448e+10
2.4050 0.01067991 2.4762e+10
2.4100 0.01081529 2.5076e+10
2.4150 0.01095191 2.5393e+10
2.4200 0.01132082 2.6248e+10
2.4250 0.01168973 2.7103e+10
2.4300 0.01205864 2.7959e+10
2.4350 0.01242755 2.8814e+10
2.4400 0.01279646 2.9669e+10
2.4450 0.01316537 3.0525e+10
2.4500 0.01353428 3.1380e+10
2.4550 0.01390319 3.2235e+10
2.4600 0.01427210 3.3091e+10
2.4650 0.01464101 3.3946e+10
2.4700 0.01500992 3.4801e+10
2.4750 0.01537884 3.5657e+10
2.4800 0.01574775 3.6512e+10
2.4850 0.01611666 3.7367e+10
2.4900 0.01648557 3.8223e+10
2.4950 0.01685448 3.9078e+10
2.5000 0.01722339 3.9934e+10
2.5050 0.01759230 4.0789e+10
2.5100 0.01796121 4.1644e+10
2.5150 0.01833012 4.2500e+10
2.5200 0.01869903 4.3355e+10
2.5250 0.01906794 4.4210e+10
2.5300 0.01943685 4.5066e+10
2.5350 0.01980576 4.5921e+10
2.5400 0.02017467 4.6776e+10
2.5450 0.02054358 4.7632e+10
2.5500 0.02091249 4.8487e+10
2.5550 0.02128140 4.9342e+10
2.5600 0.02165031 5.0198e+10
2.5650 0.02201923 5.1053e+10
2.5700 0.02238814 5.1908e+10
2.5750 0.02275705 5.2764e+10
2.5800 0.02312596 5.3619e+10
2.5850 0.02349487 5.4474e+10
2.5900 0.02386378 5.5330e+10
2.5950 0.02449217 5.6787e+10
2.6000 0.02519075 5.8406e+10
2.6050 0.02588934 6.0026e+10
2.6100 0.02658792 6.1646e+10
2.6150 0.02728650 6.3265e+10
2.6200 0.02798509 6.4885e+10
2.6250 0.02868367 6.6505e+10
2.6300 0.02938225 6.8125e+10
2.6350 0.03008084 6.9744e+10
2.6400 0.03077942 7.1364e+10
2.6450 0.03147801 7.2984e+10
2.6500 0.03217659 7.4603e+10
2.6550 0.03287517 7.6223e+10
2.6600 0.03357376 7.7843e+10
2.6650 0.03427234 7.9463e+10
2.6700 0.03497093 8.1082e+10
2.6750 0.03566951 8.2702e+10
2.6800 0.03636809 8.4322e+10
2.6850 0.03706668 8.5941e+10
2.6900 0.03776526 8.7561e+10
2.6950 0.03846384 8.9181e+10
2.7000 0.03916243 9.0801e+10
2.7050 0.03986101 9.2420e+10
2.7100 0.04055960 9.4040e+10
2.7150 0.04125818 9.5660e+10
2.7200 0.04228966 9.8051e+10
2.7250 0.04340471 1.0064e+11
2.7300 0.04451976 1.0322e+11
2.7350 0.04563481 1.0581e+11
2.7400 0.04674987 1.0839e+11
2.7450 0.04786492 1.1098e+11
2.7500 0.04897997 1.1356e+11
2.7550 0.05009502 1.1615e+11
2.7600 0.05121007 1.1873e+11
2.7650 0.05232512 1.2132e+11
2.7700 0.05344018 1.2390e+11
2.7750 0.05455523 1.2649e+11
2.7800 0.05567028 1.2908e+11
2.7850 0.05678533 1.3166e+11
2.7900 0.05790038 1.3425e+11
2.7950 0.05901543 1.3683e+11
2.8000 0.06013048 1.3942e+11
2.8050 0.06124554 1.4200e+11
2.8100 0.06236059 1.4459e+11
2.8150 0.06367174 1.4763e+11
2.8200 0.06525667 1.5130e+11
2.8250 0.06684161 1.5498e+11
2.8300 0.06842654 1.5865e+11
2.8350 0.07001148 1.6233e+11
2.8400 0.07159642 1.6600e+11
2.8450 0.07318135 1.6968e+11
2.8500 0.07476629 1.7335e+11
2.8550 0.07635122 1.7703e+11
2.8600 0.07793616 1.8070e+11
2.8650 0.07952110 1.8437e+11
2.8700 0.08110603 1.8805e+11
2.8750 0.08269097 1.9172e+11
2.8800 0.08427590 1.9540e+11
2.8850 0.08586084 1.9907e+11
2.8900 0.08744578 2.0275e+11
2.8950 0.08936922 2.0721e+11
2.9000 0.09153670 2.1223e+11
2.9050 0.09370418 2.1726e+11
2.9100 0.09587166 2.2228e+11
2.9150 0.09803914 2.2731e+11
2.9200 0.10020663 2.3234e+11
2.9250 0.10237411 2.3736e+11
2.9300 0.10454159 2.4239e+11
2.9350 0.10670907 2.4741e+11
2.9400 0.10887655 2.5244e+11
2.9450 0.11104404 2.5746e+11
2.9500 0.11321152 2.6249e+11
2.9550 0.11537900 2.6751e+11
2.9600 0.11764925 2.7278e+11
2.9650 0.12035274 2.7905e+11
2.9700 0.12305623 2.8531e+11
2.9750 0.12575971 2.9158e+11
2.9800 0.12846320 2.9785e+11
2.9850 0.13116669 3.0412e+11
2.9900 0.13387018 3.1039e+11
2.9950 0.13657367 3.1665e+11
3.0000 0.13927716 3.2292e+11
3.0050 0.14198065 3.2919e+11
3.0100 0.14468414 3.3546e+11
3.0150 0.14738763 3.4173e+11
3.0200 0.15046287 3.4886e+11
3.0250 0.15379291 3.5658e+11
3.0300 0.15712295 3.6430e+11
3.0350 0.16045298 3.7202e+11
3.0400 0.16378302 3.7974e+11
3.0450 0.16711306 3.8746e+11
3.0500 0.17044310 3.9518e+11
3.0550 0.17377314 4.0290e+11
3.0600 0.17710317 4.1062e+11
3.0650 0.18043321 4.1835e+11
3.0700 0.18397704 4.2656e+11
3.0750 0.18789630 4.3565e+11
3.0800 0.19181556 4.4474e+11
3.0850 0.19573482 4.5382e+11
3.0900 0.19965408 4.6291e+11
3.0950 0.20357335 4.7200e+11
3.1000 0.20749261 4.8108e+11
3.1050 0.21141187 4.9017e+11
3.1100 0.21533113 4.9926e+11
3.1150 0.21940140 5.0870e+11
3.1200 0.22403523 5.1944e+11
3.1250 0.22866906 5.3018e+11
3.1300 0.23330289 5.4093e+11
3.1350 0.23793672 5.5167e+11
3.1400 0.24257055 5.6242e+11
3.1450 0.24720438 5.7316e+11
3.1500 0.25183821 5.8390e+11
3.1550 0.25647204 5.9465e+11
3.1600 0.26164065 6.0663e+11
3.1650 0.26684779 6.1870e+11
3.1700 0.27205494 6.3078e+11
3.1750 0.27726208 6.4285e+11
3.1800 0.28246922 6.5492e+11
3.1850 0.28767637 6.6700e+11
3.1900 0.29288351 6.7907e+11
3.1950 0.29835620 6.9176e+11
3.2000 0.30427133 7.0547e+11
3.2050 0.31018645 7.1919e+11
3.2100 0.31610158 7.3290e+11
3.2150 0.32201670 7.4662e+11
3.2200 0.32793183 7.6033e+11
3.2250 0.33384695 7.7405e+11
3.2300 0.33996509 7.8823e+11
3.2350 0.34636055 8.0306e+11
3.2400 0.35275601 8.1789e+11
3.2450 0.35915147 8.3272e+11
3.2500 0.36554693 8.4754e+11
3.2550 0.37194239 8.6237e+11
3.2600 0.37833785 8.7720e+11
3.2650 0.38541770 8.9362e+11
3.2700 0.39250747 9.1005e+11
3.2750 0.39959724 9.2649e+11
3.2800 0.40668701 9.4293e+11
3.2850 0.41377678 9.5937e+11
3.2900 0.42086655 9.7581e+11
3.2950 0.42850837 9.9352e+11
3.3000 0.43615404 1.0113e+12
3.3050 0.44379972 1.0290e+12
3.3100 0.45144539 1.0467e+12
3.3150 0.45909106 1.0644e+12
3.3200 0.46704693 1.0829e+12
3.3250 0.47549344 1.1025e+12
3.3300 0.48393996 1.1220e+12
3.3350 0.49238648 1.1416e+12
3.3400 0.50083299 1.1612e+12
3.3450 0.50929177 1.1808e+12
3.3500 0.51783923 1.2006e+12
3.3550 0.52638668 1.2205e+12
3.3600 0.53493413 1.2403e+12
3.3650 0.54348158 1.2601e+12
3.3700 0.55199885 1.2798e+12
3.3750 0.56035385 1.2992e+12
3.3800 0.56870884 1.3186e+12
3.3850 0.57706384 1.3380e+12
3.3900 0.58541883 1.3573e+12
3.3950 0.59449958 1.3784e+12
3.4000 0.60443020 1.4014e+12
3.4050 0.61436082 1.4244e+12
3.4100 0.62429144 1.4475e+12
3.4150 0.63422209 1.4705e+12
3.4200 0.64415772 1.4935e+12
3.4250 0.65409336 1.5166e+12
3.4300 0.66402899 1.5396e+12
3.4350 0.67396462 1.5626e+12
3.4400 0.68420612 1.5864e+12
3.4450 0.69454030 1.6103e+12
3.4500 0.70487447 1.6343e+12
3.4550 0.71520864 1.6583e+12
3.4600 0.72589094 1.6830e+12
3.4650 0.73670409 1.7081e+12
3.4700 0.74751725 1.7332e+12
3.4750 0.75833041 1.7582e+12
3.4800 0.76942233 1.7840e+12
3.4850 0.78055748 1.8098e+12
3.4900 0.79169263 1.8356e+12
3.4950 0.80256399 1.8608e+12
3.5000 0.81213897 1.8830e+12
3.5050 0.82171396 1.9052e+12
3.5100 0.83128895 1.9274e+12
3.5150 0.84233749 1.9530e+12
3.5200 0.85427649 1.9807e+12
3.5250 0.86621550 2.0084e+12
3.5300 0.87804194 2.0358e+12
3.5350 0.88946143 2.0623e+12
3.5400 0.90088092 2.0887e+12
3.5450 0.91230040 2.1152e+12
3.5500 0.92198867 2.1377e+12
3.5550 0.93156364 2.1599e+12
3.5600 0.94113861 2.1821e+12
3.5650 0.95383782 2.2115e+12
3.5700 0.96741965 2.2430e+12
3.5750 0.98100148 2.2745e+12
3.5800 0.99082812 2.2973e+12
3.5850 0.99927800 2.3169e+12
3.5900 1.00772789 2.3365e+12
3.5950 1.01762866 2.3594e+12
3.6000 1.02792192 2.3833e+12
3.6050 1.03821517 2.4072e+12
3.6100 1.05000106 2.4345e+12
3.6150 1.06188393 2.4620e+12
3.6200 1.07308949 2.4880e+12
3.6250 1.08123718 2.5069e+12
3.6300 1.08938487 2.5258e+12
3.6350 1.09912598 2.5484e+12
3.6400 1.11040697 2.5745e+12
3.6450 1.12168796 2.6007e+12
3.6500 1.13126622 2.6229e+12
3.6550 1.14068741 2.6448e+12
3.6600 1.14984323 2.6660e+12
3.6650 1.15859718 2.6863e+12
3.6700 1.16735113 2.7066e+12
3.6750 1.17366953 2.7212e+12
3.6800 1.17986199 2.7356e+12
3.6850 1.18966395 2.7583e+12
3.6900 1.20217795 2.7873e+12
3.6950 1.21292964 2.8123e+12
3.7000 1.21852202 2.8252e+12
3.7050 1.22411440 2.8382e+12
3.7100 1.23523587 2.8640e+12
3.7150 1.24636615 2.8898e+12
3.7200 1.25141190 2.9015e+12
3.7250 1.25493016 2.9096e+12
3.7300 1.26019757 2.9218e+12
3.7350 1.26638809 2.9362e+12
3.7400 1.27287358 2.9512e+12
3.7450 1.27958944 2.9668e+12
3.7500 1.28490810 2.9791e+12
3.7550 1.28892478 2.9885e+12
3.7600 1.29492704 3.0024e+12
3.7650 1.30275631 3.0205e+12
3.7700 1.30840954 3.0336e+12
3.7750 1.31241331 3.0429e+12
3.7800 1.31127969 3.0403e+12
3.7850 1.30749674 3.0315e+12
3.7900 1.31079709 3.0392e+12
3.7950 1.31596044 3.0511e+12
3.8000 1.31705617 3.0537e+12
3.8050 1.31799135 3.0558e+12
3.8100 1.31890435 3.0580e+12
3.8150 1.32225447 3.0657e+12
3.8200 1.32900729 3.0814e+12
3.8250 1.32798227 3.0790e+12
3.8300 1.32365479 3.0690e+12
3.8350 1.32619565 3.0749e+12
3.8400 1.32723329 3.0773e+12
3.8450 1.32555350 3.0734e+12
3.8500 1.32069000 3.0621e+12
3.8550 1.31448660 3.0477e+12
3.8600 1.30718045 3.0308e+12
3.8650 1.30552598 3.0269e+12
3.8700 1.30774097 3.0321e+12
3.8750 1.30121740 3.0170e+12
3.8800 1.29491083 3.0023e+12
3.8850 1.28892900 2.9885e+12
3.8900 1.28596954 2.9816e+12
3.8950 1.28342443 2.9757e+12
3.9000 1.27971630 2.9671e+12
3.9050 1.26741402 2.9386e+12
3.9100 1.25810096 2.9170e+12
3.9150 1.24883842 2.8955e+12
3.9200 1.23758886 2.8694e+12
3.9250 1.23627112 2.8664e+12
3.9300 1.22905476 2.8496e+12
3.9350 1.21725767 2.8223e+12
3.9400 1.20327493 2.7899e+12
3.9450 1.19624603 2.7736e+12
3.9500 1.19274713 2.7655e+12
3.9550 1.18302770 2.7429e+12
3.9600 1.16722584 2.7063e+12
3.9650 1.16660529 2.7048e+12
3.9700 1.13806793 2.6387e+12
3.9750 1.12075620 2.5985e+12
3.9800 1.10668126 2.5659e+12
3.9850 1.09218184 2.5323e+12
3.9900 1.08064521 2.5055e+12
3.9950 1.07747801 2.4982e+12
4.0000 1.06148825 2.4611e+12
4.0050 1.03682874 2.4040e+12
4.0100 1.02258485 2.3709e+12
4.0150 1.00581386 2.3320e+12
4.0200 0.99184643 2.2997e+12
4.0250 0.97673590 2.2646e+12
4.0300 0.96576418 2.2392e+12
4.0350 0.96012647 2.2261e+12
4.0400 0.94385232 2.1884e+12
4.0450 0.92406878 2.1425e+12
4.0500 0.90609013 2.1008e+12
4.0550 0.88885845 2.0609e+12
4.0600 0.87225160 2.0224e+12
4.0650 0.84740502 1.9648e+12
4.0700 0.83022617 1.9249e+12
4.0750 0.82463141 1.9120e+12
4.0800 0.80302284 1.8619e+12
4.0850 0.77899544 1.8061e+12
4.0900 0.76166119 1.7660e+12
4.0950 0.74957799 1.7379e+12
4.1000 0.72527020 1.6816e+12
4.1050 0.71302694 1.6532e+12
4.1100 0.69379232 1.6086e+12
4.1150 0.66838703 1.5497e+12
4.1200 0.64754639 1.5014e+12
4.1250 0.64093988 1.4861e+12
4.1300 0.61569965 1.4275e+12
4.1350 0.59848123 1.3876e+12
4.1400 0.59690996 1.3840e+12
4.1450 0.56166738 1.3023e+12
4.1500 0.55742443 1.2924e+12
4.1550 0.53256689 1.2348e+12
4.1600 0.51674949 1.1981e+12
4.1650 0.49773095 1.1540e+12
4.1700 0.49061095 1.1375e+12
4.1750 0.47465124 1.1005e+12
4.1800 0.45397817 1.0526e+12
4.1850 0.43692235 1.0130e+12
4.1900 0.42543107 9.8639e+11
4.1950 0.41989290 9.7355e+11
4.2000 0.39789883 9.2255e+11
4.2050 0.38035115 8.8187e+11
4.2100 0.36823076 8.5377e+11
4.2150 0.34117360 7.9103e+11
4.2200 0.34294486 7.9514e+11
4.2250 0.32201900 7.4662e+11
4.2300 0.31661691 7.3410e+11
4.2350 0.29740862 6.8956e+11
4.2400 0.28722610 6.6595e+11
4.2450 0.27527034 6.3823e+11
4.2500 0.26068778 6.0442e+11
4.2550 0.24913823 5.7764e+11
4.2600 0.23297231 5.4016e+11
4.2650 0.22476123 5.2112e+11
4.2700 0.21634568 5.0161e+11
4.2750 0.20358999 4.7204e+11
4.2800 0.19270150 4.4679e+11
4.2850 0.18940535 4.3915e+11
4.2900 0.17807068 4.1287e+11
4.2950 0.16186787 3.7530e+11
4.3000 0.16268107 3.7719e+11
4.3050 0.15235827 3.5325e+11
4.3100 0.13922590 3.2280e+11
4.3150 0.13755994 3.1894e+11
4.3200 0.12646942 2.9323e+11
4.3250 0.12353162 2.8642e+11
4.3300 0.11335045 2.6281e+11
4.3350 0.11236825 2.6053e+11
4.3400 0.09652680 2.2380e+11
4.3450 0.09722359 2.2542e+11
4.3500 0.08474174 1.9648e+11
4.3550 0.08072016 1.8715e+11
4.3600 0.07306149 1.6940e+11
4.3650 0.07747917 1.7964e+11
4.3700 0.06192258 1.4357e+11
4.3750 0.06196953 1.4368e+11
4.3800 0.05706794 1.3232e+11
4.3850 0.05605018 1.2996e+11
4.3900 0.05100461 1.1826e+11
4.3950 0.04653098 1.0788e+11
4.4000 0.04459217 1.0339e+11
4.4050 0.04271084 9.9028e+10
4.4100 0.04087783 9.4778e+10
4.4150 0.03786761 8.7798e+10
4.4200 0.03630905 8.4185e+10
4.4250 0.02791198 6.4716e+10
4.4300 0.02526952 5.8589e+10
4.4350 0.02300022 5.3327e+10
4.4400 0.02259354 5.2385e+10
4.4450 0.02046435 4.7448e+10
4.4500 0.02247200 5.2103e+10
4.4550 0.02059783 4.7757e+10
4.4600 0.02069949 4.7993e+10
4.4650 0.01538121 3.5662e+10
4.4700 0.01606731 3.7253e+10
4.4750 0.01202969 2.7892e+10
4.4800 0.00959294 2.2242e+10
4.4850 0.01086788 2.5198e+10
4.4900 0.00971485 2.2524e+10
4.4950 0.00942074 2.1843e+10
4.5000 0.00668171 1.5492e+10
4.5050 0.00529619 1.2280e+10
4.5100 0.00466271 1.0811e+10
4.5150 0.00518000 1.2010e+10
4.5200 0.00478924 1.1104e+10
4.5250 0.00435539 1.0098e+10
4.5300 0.00363899 8.4372e+09
4.5350 0.00438873 1.0176e+10
4.5400 0.00221804 5.1427e+09
4.5450 0.00176487 4.0920e+09
4.5500 0.00217191 5.0357e+09
4.5550 0.00373175 8.6523e+09
4.5600 0.00153931 3.5690e+09
4.5650 0.00088846 2.0600e+09
4.5700 0.00083619 1.9388e+09
4.5750 0.00093369 2.1648e+09
4.5800 0.00079171 1.8356e+09
4.5850 0.00224741 5.2108e+09
4.5900 0.00160965 3.7321e+09
4.5950 0.00066804 1.5489e+09
4.6000 0.00068358 1.5849e+09
4.6050 0.00069950 1.6218e+09
4.6100 0.00084974 1.9702e+09
4.6150 0.00219668 5.0931e+09
4.6200 0.00132894 3.0812e+09
4.6250 0.00076699 1.7783e+09
4.6300 0.00151473 3.5120e+09
4.6350 0.00080315 1.8622e+09
4.6400 0.00082184 1.9055e+09
4.6450 0.00084106 1.9501e+09
4.6500 0.00086095 1.9962e+09
4.6550 0.00088162 2.0441e+09
4.6600 0.00090229 2.0920e+09
4.6650 0.00092296 2.1400e+09
4.6700 0.00094364 2.1879e+09
4.6750 0.00096736 2.2429e+09
4.6800 0.00099329 2.3030e+09
4.6850 0.00101922 2.3631e+09
4.6900 0.00104516 2.4233e+09
4.6950 0.00107109 2.4834e+09
4.7000 0.00109702 2.5435e+09
4.7050 0.00112295 2.6036e+09
4.7100 0.00114888 2.6638e+09
4.7150 0.00117482 2.7239e+09
4.7200 0.00120075 2.7840e+09
4.7250 0.00122668 2.8441e+09
4.7300 0.00125261 2.9043e+09
4.7350 0.00127855 2.9644e+09
4.7400 0.00130448 3.0245e+09
4.7450 0.00000000 0.0000e+00
4.7500 0.00000000 0.0000e+00
4.7550 0.00000000 0.0000e+00
4.7600 0.00000000 0.0000e+00
4.7650 0.00000000 0.0000e+00
4.7700 0.00000000 0.0000e+00
4.7750 0.00000000 0.0000e+00
4.7800 0.00000000 0.0000e+00
4.7850 0.00000000 0.0000e+00
4.7900 0.00000000 0.0000e+00
4.7950 0.00000000 0.0000e+00
4.8000 0.00000000 0.0000e+00
4.8050 0.00000000 0.0000e+00
4.8100 0.00000000 0.0000e+00
4.8150 0.00000000 0.0000e+00
4.8200 0.00000000 0.0000e+00
4.8250 0.00000000 0.0000e+00
4.8300 0.00000000 0.0000e+00
4.8350 0.00000000 0.0000e+00
4.8400 0.00000000 0.0000e+00
4.8450 0.00000000 0.0000e+00
4.8500 0.00000000 0.0000e+00
4.8550 0.00000000 0.0000e+00
4.8600 0.00000000 0.0000e+00
4.8650 0.00000000 0.0000e+00
4.8700 0.00000000 0.0000e+00
4.8750 0.00000000 0.0000e+00
4.8800 0.00000000 0.0000e+00
4.8850 0.00000000 0.0000e+00
4.8900 0.00000000 0.0000e+00
4.8950 0.00000000 0.0000e+00
4.9000 0.00000000 0.0000e+00
4.9050 0.00000000 0.0000e+00
4.9100 0.00000000 0.0000e+00
4.9150 0.00000000 0.0000e+00
4.9200 0.00000000 0.0000e+00
4.9250 0.00000000 0.0000e+00
4.9300 0.00000000 0.0000e+00
4.9350 0.00000000 0.0000e+00
4.9400 0.00000000 0.0000e+00
4.9450 0.00000000 0.0000e+00
4.9500 0.00000000 0.0000e+00
4.9550 0.00000000 0.0000e+00
4.9600 0.00000000 0.0000e+00
4.9650 0.00000000 0.0000e+00
4.9700 0.00000000 0.0000e+00
4.9750 0.00000000 0.0000e+00
4.9800 0.00000000 0.0000e+00
4.9850 0.00000000 0.0000e+00
4.9900 0.00000000 0.0000e+00
4.9950 0.00000000 0.0000e+00
5.0000 0.00000000 0.0000e+00
5.0050 0.00000000 0.0000e+00
5.0100 0.00000000 0.0000e+00
5.0150 0.00000000 0.0000e+00
5.0200 0.00000000 0.0000e+00
5.0250 0.00000000 0.0000e+00
5.0300 0.00000000 0.0000e+00
5.0350 0.00000000 0.0000e+00
5.0400 0.00000000 0.0000e+00
5.0450 0.00000000 0.0000e+00
5.0500 0.00000000 0.0000e+00
5.0550 0.00000000 0.0000e+00
5.0600 0.00000000 0.0000e+00
5.0650 0.00000000 0.0000e+00
5.0700 0.00000000 0.0000e+00
5.0750 0.00000000 0.0000e+00
5.0800 0.00000000 0.0000e+00
5.0850 0.00000000 0.0000e+00
5.0900 0.00000000 0.0000e+00
5.0950 0.00000000 0.0000e+00
5.1000 0.00000000 0.0000e+00
5.1050 0.00000000 0.0000e+00
5.1100 0.00000000 0.0000e+00
5.1150 0.00000000 0.0000e+00
5.1200 0.00000000 0.0000e+00
5.1250 0.00000000 0.0000e+00
5.1300 0.00000000 0.0000e+00
5.1350 0.00000000 0.0000e+00
5.1400 0.00000000 0.0000e+00
5.1450 0.00000000 0.0000e+00
5.1500 0.00000000 0.0000e+00
5.1550 0.00000000 0.0000e+00
5.1600 0.00000000 0.0000e+00
5.1650 0.00000000 0.0000e+00
5.1700 0.00000000 0.0000e+00
5.1750 0.00000000 0.0000e+00
5.1800 0.00000000 0.0000e+00
5.1850 0.00000000 0.0000e+00
5.1900 0.00000000 0.0000e+00
5.1950 0.00000000 0.0000e+00
5.2000 0.00000000 0.0000e+00
5.2050 0.00000000 0.0000e+00
5.2100 0.00000000 0.0000e+00
5.2150 0.00000000 0.0000e+00
5.2200 0.00000000 0.0000e+00
5.2250 0.00000000 0.0000e+00
5.2300 0.00000000 0.0000e+00
5.2350 0.00000000 0.0000e+00
5.2400 0.00000000 0.0000e+00
5.2450 0.00000000 0.0000e+00
5.2500 0.00000000 0.0000e+00
5.2550 0.00000000 0.0000e+00
5.2600 0.00000000 0.0000e+00
5.2650 0.00000000 0.0000e+00
5.2700 0.00000000 0.0000e+00
5.2750 0.00000000 0.0000e+00
5.2800 0.00000000 0.0000e+00
5.2850 0.00000000 0.0000e+00
5.2900 0.00000000 0.0000e+00
5.2950 0.00000000 0.0000e+00
5.3000 0.00000000 0.0000e+00
5.3050 0.00000000 0.0000e+00
5.3100 0.00000000 0.0000e+00
5.3150 0.00000000 0.0000e+00
5.3200 0.00000000 0.0000e+00
5.3250 0.00000000 0.0000e+00
5.3300 0.00000000 0.0000e+00
5.3350 0.00000000 0.0000e+00
5.3400 0.00000000 0.0000e+00
5.3450 0.00000000 0.0000e+00
5.3500 0.00000000 0.0000e+00
5.3550 0.00000000 0.0000e+00
5.3600 0.00000000 0.0000e+00
5.3650 0.00000000 0.0000e+00
5.3700 0.00000000 0.0000e+00
5.3750 0.00000000 0.0000e+00
5.3800 0.00000000 0.0000e+00
5.3850 0.00000000 0.0000e+00
5.3900 0.00000000 0.0000e+00
5.3950 0.00000000 0.0000e+00
5.4000 0.00000000 0.0000e+00
5.4050 0.00000000 0.0000e+00
5.4100 0.00000000 0.0000e+00
5.4150 0.00000000 0.0000e+00
5.4200 0.00000000 0.0000e+00
5.4250 0.00000000 0.0000e+00
5.4300 0.00000000 0.0000e+00
5.4350 0.00000000 0.0000e+00
5.4400 0.00000000 0.0000e+00
5.4450 0.00000000 0.0000e+00
5.4500 0.00000000 0.0000e+00
5.4550 0.00000000 0.0000e+00
5.4600 0.00000000 0.0000e+00
5.4650 0.00000000 0.0000e+00
5.4700 0.00000000 0.0000e+00
5.4750 0.00000000 0.0000e+00
5.4800 0.00000000 0.0000e+00
5.4850 0.00000000 0.0000e+00
5.4900 0.00000000 0.0000e+00
5.4950 0.00000000 0.0000e+00
5.5000 0.00000000 0.0000e+00
5.5050 0.00000000 0.0000e+00
5.5100 0.00000000 0.0000e+00
5.5150 0.00000000 0.0000e+00
5.5200 0.00000000 0.0000e+00
5.5250 0.00000000 0.0000e+00
5.5300 0.00000000 0.0000e+00
5.5350 0.00000000 0.0000e+00
5.5400 0.00000000 0.0000e+00
5.5450 0.00000000 0.0000e+00
5.5500 0.00000000 0.0000e+00
5.5550 0.00000000 0.0000e+00
5.5600 0.00000000 0.0000e+00
5.5650 0.00000000 0.0000e+00
5.5700 0.00000000 0.0000e+00
5.5750 0.00000000 0.0000e+00
5.5800 0.00000000 0.0000e+00
5.5850 0.00000000 0.0000e+00
5.5900 0.00000000 0.0000e+00
5.5950 0.00000000 0.0000e+00
5.6000 0.00000000 0.0000e+00
5.6050 0.00000000 0.0000e+00
5.6100 0.00000000 0.0000e+00
5.6150 0.00000000 0.0000e+00
5.6200 0.00000000 0.0000e+00
5.6250 0.00000000 0.0000e+00
5.6300 0.00000000 0.0000e+00
5.6350 0.00000000 0.0000e+00
5.6400 0.00000000 0.0000e+00
5.6450 0.00000000 0.0000e+00
5.6500 0.00000000 0.0000e+00
5.6550 0.00000000 0.0000e+00
5.6600 0.00000000 0.0000e+00
5.6650 0.00000000 0.0000e+00
5.6700 0.00000000 0.0000e+00
5.6750 0.00000000 0.0000e+00
5.6800 0.00000000 0.0000e+00
5.6850 0.00000000 0.0000e+00
5.6900 0.00000000 0.0000e+00
5.6950 0.00000000 0.0000e+00
5.7000 0.00000000 0.0000e+00
5.7050 0.00000000 0.0000e+00
5.7100 0.00000000 0.0000e+00
5.7150 0.00000000 0.0000e+00
5.7200 0.00000000 0.0000e+00
5.7250 0.00000000 0.0000e+00
5.7300 0.00000000 0.0000e+00
5.7350 0.00000000 0.0000e+00
5.7400 0.00000000 0.0000e+00
5.7450 0.00000000 0.0000e+00
5.7500 0.00000000 0.0000e+00
5.7550 0.00000000 0.0000e+00
5.7600 0.00000000 0.0000e+00
5.7650 0.00000000 0.0000e+00
5.7700 0.00000000 0.0000e+00
5.7750 0.00000000 0.0000e+00
5.7800 0.00000000 0.0000e+00
5.7850 0.00000000 0.0000e+00
5.7900 0.00000000 0.0000e+00
5.7950 0.00000000 0.0000e+00
5.8000 0.00000000 0.0000e+00
5.8050 0.00000000 0.0000e+00
5.8100 0.00000000 0.0000e+00
5.8150 0.00000000 0.0000e+00
5.8200 0.00000000 0.0000e+00
5.8250 0.00000000 0.0000e+00
5.8300 0.00000000 0.0000e+00
5.8350 0.00000000 0.0000e+00
5.8400 0.00000000 0.0000e+00
5.8450 0.00000000 0.0000e+00
5.8500 0.00000000 0.0000e+00
5.8550 0.00000000 0.0000e+00
5.8600 0.00000000 0.0000e+00
5.8650 0.00000000 0.0000e+00
5.8700 0.00000000 0.0000e+00
5.8750 0.00000000 0.0000e+00
5.8800 0.00000000 0.0000e+00
5.8850 0.00000000 0.0000e+00
5.8900 0.00000000 0.0000e+00
5.8950 0.00000000 0.0000e+00
5.9000 0.00000000 0.0000e+00
5.9050 0.00000000 0.0000e+00
5.9100 0.00000000 0.0000e+00
5.9150 0.00000000 0.0000e+00
5.9200 0.00000000 0.0000e+00
5.9250 0.00000000 0.0000e+00
5.9300 0.00000000 0.0000e+00
5.9350 0.00000000 0.0000e+00
5.9400 0.00000000 0.0000e+00
5.9450 0.00000000 0.0000e+00
5.9500 0.00000000 0.0000e+00
5.9550 0.00000000 0.0000e+00
5.9600 0.00000000 0.0000e+00
5.9650 0.00000000 0.0000e+00
5.9700 0.00000000 0.0000e+00
5.9750 0.00000000 0.0000e+00
5.9800 0.00000000 0.0000e+00
5.9850 0.00000000 0.0000e+00
5.9900 0.00000000 0.0000e+00
5.9950 0.00000000 0.0000e+00
6.0000 0.00000000 0.0000e+00
6.0050 0.00000000 0.0000e+00
6.0100 0.00000000 0.0000e+00
6.0150 0.00000000 0.0000e+00
6.0200 0.00000000 0.0000e+00
6.0250 0.00000000 0.0000e+00
6.0300 0.00000000 0.0000e+00
6.0350 0.00000000 0.0000e+00
6.0400 0.00000000 0.0000e+00
6.0450 0.00000000 0.0000e+00
6.0500 0.00000000 0.0000e+00
6.0550 0.00000000 0.0000e+00
6.0600 0.00000000 0.0000e+00
6.0650 0.00000000 0.0000e+00
6.0700 0.00000000 0.0000e+00
6.0750 0.00000000 0.0000e+00
6.0800 0.00000000 0.0000e+00
6.0850 0.00000000 0.0000e+00
6.0900 0.00000000 0.0000e+00
6.0950 0.00000000 0.0000e+00
6.1000 0.00000000 0.0000e+00
6.1050 0.00000000 0.0000e+00
6.1100 0.00000000 0.0000e+00
6.1150 0.00000000 0.0000e+00
6.1200 0.00000000 0.0000e+00
6.1250 0.00000000 0.0000e+00
6.1300 0.00000000 0.0000e+00
6.1350 0.00000000 0.0000e+00
6.1400 0.00000000 0.0000e+00
6.1450 0.00000000 0.0000e+00
6.1500 0.00000000 0.0000e+00
6.1550 0.00000000 0.0000e+00
6.1600 0.00000000 0.0000e+00
6.1650 0.00000000 0.0000e+00
6.1700 0.00000000 0.0000e+00
6.1750 0.00000000 0.0000e+00
6.1800 0.00000000 0.0000e+00
6.1850 0.00000000 0.0000e+00
6.1900 0.00000000 0.0000e+00
6.1950 0.00000000 0.0000e+00
6.2000 0.00000000 0.0000e+00
6.2050 0.00000000 0.0000e+00
6.2100 0.00000000 0.0000e+00
6.2150 0.00000000 0.0000e+00
6.2200 0.00000000 0.0000e+00
6.2250 0.00000000 0.0000e+00
6.2300 0.00000000 0.0000e+00
6.2350 0.00000000 0.0000e+00
6.2400 0.00000000 0.0000e+00
6.2450 0.00000000 0.0000e+00
6.2500 0.00000000 0.0000e+00
6.2550 0.00000000 0.0000e+00
6.2600 0.00000000 0.0000e+00
6.2650 0.00000000 0.0000e+00
6.2700 0.00000000 0.0000e+00
6.2750 0.00000000 0.0000e+00
6.2800 0.00000000 0.0000e+00
6.2850 0.00000000 0.0000e+00
6.2900 0.00000000 0.0000e+00
6.2950 0.00000000 0.0000e+00
6.3000 0.00000000 0.0000e+00
6.3050 0.00000000 0.0000e+00
6.3100 0.00000000 0.0000e+00
6.3150 0.00000000 0.0000e+00
6.3200 0.00000000 0.0000e+00
6.3250 0.00000000 0.0000e+00
6.3300 0.00000000 0.0000e+00
6.3350 0.00000000 0.0000e+00
6.3400 0.00000000 0.0000e+00
6.3450 0.00000000 0.0000e+00
6.3500 0.00000000 0.0000e+00
6.3550 0.00000000 0.0000e+00
6.3600 0.00000000 0.0000e+00
6.3650 0.00000000 0.0000e+00
6.3700 0.00000000 0.0000e+00
6.3750 0.00000000 0.0000e+00
6.3800 0.00000000 0.0000e+00
6.3850 0.00000000 0.0000e+00
6.3900 0.00000000 0.0000e+00
6.3950 0.00000000 0.0000e+00
6.4000 0.00000000 0.0000e+00
6.4050 0.00000000 0.0000e+00
6.4100 0.00000000 0.0000e+00
6.4150 0.00000000 0.0000e+00
6.4200 0.00000000 0.0000e+00
6.4250 0.00000000 0.0000e+00
6.4300 0.00000000 0.0000e+00
6.4350 0.00000000 0.0000e+00
6.4400 0.00000000 0.0000e+00
6.4450 0.00000000 0.0000e+00
6.4500 0.00000000 0.0000e+00
6.4550 0.00000000 0.0000e+00
6.4600 0.00000000 0.0000e+00
6.4650 0.00000000 0.0000e+00
6.4700 0.00000000 0.0000e+00
6.4750 0.00000000 0.0000e+00
6.4800 0.00000000 0.0000e+00
6.4850 0.00000000 0.0000e+00
6.4900 0.00000000 0.0000e+00
6.4950 0.00000000 0.0000e+00
6.5000 0.00000000 0.0000e+00
6.5050 0.00000000 0.0000e+00
6.5100 0.00000000 0.0000e+00
6.5150 0.00000000 0.0000e+00
6.5200 0.00000000 0.0000e+00
6.5250 0.00000000 0.0000e+00
6.5300 0.00000000 0.0000e+00
6.5350 0.00000000 0.0000e+00
6.5400 0.00000000 0.0000e+00
6.5450 0.00000000 0.0000e+00
6.5500 0.00000000 0.0000e+00
6.5550 0.00000000 0.0000e+00
6.5600 0.00000000 0.0000e+00
6.5650 0.00000000 0.0000e+00
6.5700 0.00000000 0.0000e+00
6.5750 0.00000000 0.0000e+00
6.5800 0.00000000 0.0000e+00
6.5850 0.00000000 0.0000e+00
6.5900 0.00000000 0.0000e+00
6.5950 0.00000000 0.0000e+00
6.6000 0.00000000 0.0000e+00
6.6050 0.00000000 0.0000e+00
6.6100 0.00000000 0.0000e+00
6.6150 0.00000000 0.0000e+00
6.6200 0.00000000 0.0000e+00
6.6250 0.00000000 0.0000e+00
6.6300 0.00000000 0.0000e+00
6.6350 0.00000000 0.0000e+00
6.6400 0.00000000 0.0000e+00
6.6450 0.00000000 0.0000e+00
6.6500 0.00000000 0.0000e+00
6.6550 0.00000000 0.0000e+00
6.6600 0.00000000 0.0000e+00
6.6650 0.00000000 0.0000e+00
6.6700 0.00000000 0.0000e+00
6.6750 0.00000000 0.0000e+00
6.6800 0.00000000 0.0000e+00
6.6850 0.00000000 0.0000e+00
6.6900 0.00000000 0.0000e+00
6.6950 0.00000000 0.0000e+00
6.7000 0.00000000 0.0000e+00
6.7050 0.00000000 0.0000e+00
6.7100 0.00000000 0.0000e+00
6.7150 0.00000000 0.0000e+00
6.7200 0.00000000 0.0000e+00
6.7250 0.00000000 0.0000e+00
6.7300 0.00000000 0.0000e+00
6.7350 0.00000000 0.0000e+00
6.7400 0.00000000 0.0000e+00
6.7450 0.00000000 0.0000e+00
6.7500 0.00000000 0.0000e+00
6.7550 0.00000000 0.0000e+00
6.7600 0.00000000 0.0000e+00
6.7650 0.00000000 0.0000e+00
6.7700 0.00000000 0.0000e+00
6.7750 0.00000000 0.0000e+00
6.7800 0.00000000 0.0000e+00
6.7850 0.00000000 0.0000e+00
6.7900 0.00000000 0.0000e+00
6.7950 0.00000000 0.0000e+00
6.8000 0.00000000 0.0000e+00
6.8050 0.00000000 0.0000e+00
6.8100 0.00000000 0.0000e+00
6.8150 0.00000000 0.0000e+00
6.8200 0.00000000 0.0000e+00
6.8250 0.00000000 0.0000e+00
6.8300 0.00000000 0.0000e+00
6.8350 0.00000000 0.0000e+00
6.8400 0.00000000 0.0000e+00
6.8450 0.00000000 0.0000e+00
6.8500 0.00000000 0.0000e+00
6.8550 0.00000000 0.0000e+00
6.8600 0.00000000 0.0000e+00
6.8650 0.00000000 0.0000e+00
6.8700 0.00000000 0.0000e+00
6.8750 0.00000000 0.0000e+00
6.8800 0.00000000 0.0000e+00
6.8850 0.00000000 0.0000e+00
6.8900 0.00000000 0.0000e+00
6.8950 0.00000000 0.0000e+00
6.9000 0.00000000 0.0000e+00
6.9050 0.00000000 0.0000e+00
6.9100 0.00000000 0.0000e+00
6.9150 0.00000000 0.0000e+00
6.9200 0.00000000 0.0000e+00
6.9250 0.00000000 0.0000e+00
6.9300 0.00000000 0.0000e+00
6.9350 0.00000000 0.0000e+00
6.9400 0.00000000 0.0000e+00
6.9450 0.00000000 0.0000e+00
6.9500 0.00000000 0.0000e+00
6.9550 0.00000000 0.0000e+00
6.9600 0.00000000 0.0000e+00
6.9650 0.00000000 0.0000e+00
6.9700 0.00000000 0.0000e+00
6.9750 0.00000000 0.0000e+00
6.9800 0.00000000 0.0000e+00
6.9850 0.00000000 0.0000e+00
6.9900 0.00000000 0.0000e+00
6.9950 0.00000000 0.0000e+00
7.0000 0.00000000 0.0000e+00
7.0050 0.00000000 0.0000e+00
7.0100 0.00000000 0.0000e+00
7.0150 0.00000000 0.0000e+00
7.0200 0.00000000 0.0000e+00
7.0250 0.00000000 0.0000e+00
7.0300 0.00000000 0.0000e+00
7.0350 0.00000000 0.0000e+00
7.0400 0.00000000 0.0000e+00
7.0450 0.00000000 0.0000e+00
7.0500 0.00000000 0.0000e+00
7.0550 0.00000000 0.0000e+00
7.0600 0.00000000 0.0000e+00
7.0650 0.00000000 0.0000e+00
7.0700 0.00000000 0.0000e+00
7.0750 0.00000000 0.0000e+00
7.0800 0.00000000 0.0000e+00
7.0850 0.00000000 0.0000e+00
7.0900 0.00000000 0.0000e+00
7.0950 0.00000000 0.0000e+00
7.1000 0.00000000 0.0000e+00
7.1050 0.00000000 0.0000e+00
7.1100 0.00000000 0.0000e+00
7.1150 0.00000000 0.0000e+00
7.1200 0.00000000 0.0000e+00
7.1250 0.00000000 0.0000e+00
7.1300 0.00000000 0.0000e+00
7.1350 0.00000000 0.0000e+00
7.1400 0.00000000 0.0000e+00
7.1450 0.00000000 0.0000e+00
7.1500 0.00000000 0.0000e+00
7.1550 0.00000000 0.0000e+00
7.1600 0.00000000 0.0000e+00
7.1650 0.00000000 0.0000e+00
7.1700 0.00000000 0.0000e+00
7.1750 0.00000000 0.0000e+00
7.1800 0.00000000 0.0000e+00
7.1850 0.00000000 0.0000e+00
7.1900 0.00000000 0.0000e+00
7.1950 0.00000000 0.0000e+00
7.2000 0.00000000 0.0000e+00
7.2050 0.00000000 0.0000e+00
7.2100 0.00000000 0.0000e+00
7.2150 0.00000000 0.0000e+00
7.2200 0.00000000 0.0000e+00
7.2250 0.00000000 0.0000e+00
7.2300 0.00000000 0.0000e+00
7.2350 0.00000000 0.0000e+00
7.2400 0.00000000 0.0000e+00
7.2450 0.00000000 0.0000e+00
7.2500 0.00000000 0.0000e+00
7.2550 0.00000000 0.0000e+00
7.2600 0.00000000 0.0000e+00
7.2650 0.00000000 0.0000e+00
7.2700 0.00000000 0.0000e+00
7.2750 0.00000000 0.0000e+00
7.2800 0.00000000 0.0000e+00
7.2850 0.00000000 0.0000e+00
7.2900 0.00000000 0.0000e+00
7.2950 0.00000000 0.0000e+00
7.3000 0.00000000 0.0000e+00
7.3050 0.00000000 0.0000e+00
7.3100 0.00000000 0.0000e+00
7.3150 0.00000000 0.0000e+00
7.3200 0.00000000 0.0000e+00
7.3250 0.00000000 0.0000e+00
7.3300 0.00000000 0.0000e+00
7.3350 0.00000000 0.0000e+00
7.3400 0.00000000 0.0000e+00
7.3450 0.00000000 0.0000e+00
7.3500 0.00000000 0.0000e+00
7.3550 0.00000000 0.0000e+00
7.3600 0.00000000 0.0000e+00
7.3650 0.00000000 0.0000e+00
7.3700 0.00000000 0.0000e+00
7.3750 0.00000000 0.0000e+00
7.3800 0.00000000 0.0000e+00
7.3850 0.00000000 0.0000e+00
7.3900 0.00000000 0.0000e+00
7.3950 0.00000000 0.0000e+00
7.4000 0.00000000 0.0000e+00
7.4050 0.00000000 0.0000e+00
7.4100 0.00000000 0.0000e+00
7.4150 0.00000000 0.0000e+00
7.4200 0.00000000 0.0000e+00
7.4250 0.00000000 0.0000e+00
7.4300 0.00000000 0.0000e+00
7.4350 0.00000000 0.0000e+00
7.4400 0.00000000 0.0000e+00
7.4450 0.00000000 0.0000e+00
7.4500 0.00000000 0.0000e+00
7.4550 0.00000000 0.0000e+00
7.4600 0.00000000 0.0000e+00
7.4650 0.00000000 0.0000e+00
7.4700 0.00000000 0.0000e+00
7.4750 0.00000000 0.0000e+00
7.4800 0.00000000 0.0000e+00
7.4850 0.00000000 0.0000e+00
7.4900 0.00000000 0.0000e+00
7.4950 0.00000000 0.0000e+00
7.5000 0.00000000 0.0000e+00
7.5050 0.00000000 0.0000e+00
7.5100 0.00000000 0.0000e+00
7.5150 0.00000000 0.0000e+00
7.5200 0.00000000 0.0000e+00
7.5250 0.00000000 0.0000e+00
7.5300 0.00000000 0.0000e+00
7.5350 0.00000000 0.0000e+00
7.5400 0.00000000 0.0000e+00
7.5450 0.00000000 0.0000e+00
7.5500 0.00000000 0.0000e+00
7.5550 0.00000000 0.0000e+00
7.5600 0.00000000 0.0000e+00
7.5650 0.00000000 0.0000e+00
7.5700 0.00000000 0.0000e+00
7.5750 0.00000000 0.0000e+00
7.5800 0.00000000 0.0000e+00
7.5850 0.00000000 0.0000e+00
7.5900 0.00000000 0.0000e+00
7.5950 0.00000000 0.0000e+00
7.6000 0.00000000 0.0000e+00
7.6050 0.00000000 0.0000e+00
7.6100 0.00000000 0.0000e+00
7.6150 0.00000000 0.0000e+00
7.6200 0.00000000 0.0000e+00
7.6250 0.00000000 0.0000e+00
7.6300 0.00000000 0.0000e+00
7.6350 0.00000000 0.0000e+00
7.6400 0.00000000 0.0000e+00
7.6450 0.00000000 0.0000e+00
7.6500 0.00000000 0.0000e+00
7.6550 0.00000000 0.0000e+00
7.6600 0.00000000 0.0000e+00
7.6650 0.00000000 0.0000e+00
7.6700 0.00000000 0.0000e+00
7.6750 0.00000000 0.0000e+00
7.6800 0.00000000 0.0000e+00
7.6850 0.00000000 0.0000e+00
7.6900 0.00000000 0.0000e+00
7.6950 0.00000000 0.0000e+00
7.7000 0.00000000 0.0000e+00
7.7050 0.00000000 0.0000e+00
7.7100 0.00000000 0.0000e+00
7.7150 0.00000000 0.0000e+00
7.7200 0.00000000 0.0000e+00
7.7250 0.00000000 0.0000e+00
7.7300 0.00000000 0.0000e+00
7.7350 0.00000000 0.0000e+00
7.7400 0.00000000 0.0000e+00
7.7450 0.00000000 0.0000e+00
7.7500 0.00000000 0.0000e+00
7.7550 0.00000000 0.0000e+00
7.7600 0.00000000 0.0000e+00
7.7650 0.00000000 0.0000e+00
7.7700 0.00000000 0.0000e+00
7.7750 0.00000000 0.0000e+00
7.7800 0.00000000 0.0000e+00
7.7850 0.00000000 0.0000e+00
7.7900 0.00000000 0.0000e+00
7.7950 0.00000000 0.0000e+00
7.8000 0.00000000 0.0000e+00
7.8050 0.00000000 0.0000e+00
7.8100 0.00000000 0.0000e+00
7.8150 0.00000000 0.0000e+00
7.8200 0.00000000 0.0000e+00
7.8250 0.00000000 0.0000e+00
7.8300 0.00000000 0.0000e+00
7.8350 0.00000000 0.0000e+00
7.8400 0.00000000 0.0000e+00
7.8450 0.00000000 0.0000e+00
7.8500 0.00000000 0.0000e+00
7.8550 0.00000000 0.0000e+00
7.8600 0.00000000 0.0000e+00
7.8650 0.00000000 0.0000e+00
7.8700 0.00000000 0.0000e+00
7.8750 0.00000000 0.0000e+00
7.8800 0.00000000 0.0000e+00
7.8850 0.00000000 0.0000e+00
7.8900 0.00000000 0.0000e+00
7.8950 0.00000000 0.0000e+00
7.9000 0.00000000 0.0000e+00
7.9050 0.00000000 0.0000e+00
7.9100 0.00000000 0.0000e+00
7.9150 0.00000000 0.0000e+00
7.9200 0.00000000 0.0000e+00
7.9250 0.00000000 0.0000e+00
7.9300 0.00000000 0.0000e+00
7.9350 0.00000000 0.0000e+00
7.9400 0.00000000 0.0000e+00
7.9450 0.00000000 0.0000e+00
7.9500 0.00000000 0.0000e+00
7.9550 0.00000000 0.0000e+00
7.9600 0.00000000 0.0000e+00
7.9650 0.00000000 0.0000e+00
7.9700 0.00000000 0.0000e+00
7.9750 0.00000000 0.0000e+00
7.9800 0.00000000 0.0000e+00
7.9850 0.00000000 0.0000e+00
7.9900 0.00000000 0.0000e+00
7.9950 0.00000000 0.0000e+00
8.0000 0.00000000 0.0000e+00
