0.0050 0.00000000 0.0000e+00
0.0100 0.00000000 0.0000e+00
0.0150 0.00000000 0.0000e+00
0.0200 0.00000000 0.0000e+00
0.0250 0.00000000 0.0000e+00
0.0300 0.00000000 0.0000e+00
0.0350 0.00000000 0.0000e+00
0.0400 0.00000000 0.0000e+00
0.0450 0.00000000 0.0000e+00
0.0500 0.00000000 0.0000e+00
0.0550 0.00000000 0.0000e+00
0.0600 0.00000000 0.0000e+00
0.0650 0.00000000 0.0000e+00
0.0700 0.00000000 0.0000e+00
0.0750 0.00000000 0.0000e+00
0.0800 0.00000000 0.0000e+00
0.0850 0.00000000 0.0000e+00
0.0900 0.00000000 0.0000e+00
0.0950 0.00000000 0.0000e+00
0.1000 0.00000000 0.0000e+00
0.1050 0.00000000 0.0000e+00
0.1100 0.00000000 0.0000e+00
0.1150 0.00000000 0.0000e+00
0.1200 0.00000000 0.0000e+00
0.1250 0.00000000 0.0000e+00
0.1300 0.00000000 0.0000e+00
0.1350 0.00000000 0.0000e+00
0.1400 0.00000000 0.0000e+00
0.1450 0.00000000 0.0000e+00
0.1500 0.00000000 0.0000e+00
0.1550 0.00000000 0.0000e+00
0.1600 0.00000000 0.0000e+00
0.1650 0.00000000 0.0000e+00
0.1700 0.00000000 0.0000e+00
0.1750 0.00000000 0.0000e+00
0.1800 0.00000000 0.0000e+00
0.1850 0.00000000 0.0000e+00
0.1900 0.00000000 0.0000e+00
0.1950 0.00000000 0.0000e+00
0.2000 0.00000000 0.0000e+00
0.2050 0.00000000 0.0000e+00
0.2100 0.00000000 0.0000e+00
0.2150 0.00000000 0.0000e+00
0.2200 0.00000000 0.0000e+00
0.2250 0.00000000 0.0000e+00
0.2300 0.00000000 0.0000e+00
0.2350 0.00000000 0.0000e+00
0.2400 0.00000000 0.0000e+00
0.2450 0.00000000 0.0000e+00
0.2500 0.00000000 0.0000e+00
0.2550 0.00000000 0.0000e+00
0.2600 0.00000000 0.0000e+00
0.2650 0.00000000 0.0000e+00
0.2700 0.00000000 0.0000e+00
0.2750 0.00000000 0.0000e+00
0.2800 0.00000000 0.0000e+00
0.2850 0.00000000 0.0000e+00
0.2900 0.00000000 0.0000e+00
0.2950 0.00000000 0.0000e+00
0.3000 0.00000000 0.0000e+00
0.3050 0.00000000 0.0000e+00
0.3100 0.00000000 0.0000e+00
0.3150 0.00000000 0.0000e+00
0.3200 0.00000000 0.0000e+00
0.3250 0.00000000 0.0000e+00
0.3300 0.00000000 0.0000e+00
0.3350 0.00000000 0.0000e+00
0.3400 0.00000000 0.0000e+00
0.3450 0.00000000 0.0000e+00
0.3500 0.00000000 0.0000e+00
0.3550 0.00000000 0.0000e+00
0.3600 0.00000000 0.0000e+00
0.3650 0.00000000 0.0000e+00
0.3700 0.00000000 0.0000e+00
0.3750 0.00000000 0.0000e+00
0.3800 0.00000000 0.0000e+00
0.3850 0.00000000 0.0000e+00
0.3900 0.00000000 0.0000e+00
0.3950 0.00000000 0.0000e+00
0.4000 0.00000000 0.0000e+00
0.4050 0.00000000 0.0000e+00
0.4100 0.00000000 0.0000e+00
0.4150 0.00000000 0.0000e+00
0.4200 0.00000000 0.0000e+00
0.4250 0.00000000 0.0000e+00
0.4300 0.00000000 0.0000e+00
0.4350 0.00000000 0.0000e+00
0.4400 0.00000000 0.0000e+00
0.4450 0.00000000 0.0000e+00
0.4500 0.00000000 0.0000e+00
0.4550 0.00000000 0.0000e+00
0.4600 0.00000000 0.0000e+00
0.4650 0.00000000 0.0000e+00
0.4700 0.00000000 0.0000e+00
0.4750 0.00000000 0.0000e+00
0.4800 0.00000000 0.0000e+00
0.4850 0.00000000 0.0000e+00
0.4900 0.00000000 0.0000e+00
0.4950 0.00000000 0.0000e+00
0.5000 0.00000000 0.0000e+00
0.5050 0.00000000 0.0000e+00
0.5100 0.00000000 0.0000e+00
0.5150 0.00000000 0.0000e+00
0.5200 0.00000000 0.0000e+00
0.5250 0.00000000 0.0000e+00
0.5300 0.00000000 0.0000e+00
0.5350 0.00000000 0.0000e+00
0.5400 0.00000000 0.0000e+00
0.5450 0.00000000 0.0000e+00
0.5500 0.00000000 0.0000e+00
0.5550 0.00000000 0.0000e+00
0.5600 0.00000000 0.0000e+00
0.5650 0.00000000 0.0000e+00
0.5700 0.00000000 0.0000e+00
0.5750 0.00000000 0.0000e+00
0.5800 0.00000000 0.0000e+00
0.5850 0.00000000 0.0000e+00
0.5900 0.00000000 0.0000e+00
0.5950 0.00000000 0.0000e+00
0.6000 0.00000000 0.0000e+00
0.6050 0.00000000 0.0000e+00
0.6100 0.00000000 0.0000e+00
0.6150 0.00000000 0.0000e+00
0.6200 0.00000000 0.0000e+00
0.6250 0.00000000 0.0000e+00
0.6300 0.00000000 0.0000e+00
0.6350 0.00000000 0.0000e+00
0.6400 0.00000000 0.0000e+00
0.6450 0.00000000 0.0000e+00
0.6500 0.00000000 0.0000e+00
0.6550 0.00000000 0.0000e+00
0.6600 0.00000000 0.0000e+00
0.6650 0.00000000 0.0000e+00
0.6700 0.00000000 0.0000e+00
0.6750 0.00000000 0.0000e+00
0.6800 0.00000000 0.0000e+00
0.6850 0.00000000 0.0000e+00
0.6900 0.00000000 0.0000e+00
0.6950 0.00000000 0.0000e+00
0.7000 0.00000000 0.0000e+00
0.7050 0.00000000 0.0000e+00
0.7100 0.00000000 0.0000e+00
0.7150 0.00000000 0.0000e+00
0.7200 0.00000000 0.0000e+00
0.7250 0.00000000 0.0000e+00
0.7300 0.00000000 0.0000e+00
0.7350 0.00000000 0.0000e+00
0.7400 0.00000000 0.0000e+00
0.7450 0.00000000 0.0000e+00
0.7500 0.00000000 0.0000e+00
0.7550 0.00000000 0.0000e+00
0.7600 0.00000000 0.0000e+00
0.7650 0.00000000 0.0000e+00
0.7700 0.00000000 0.0000e+00
0.7750 0.00000000 0.0000e+00
0.7800 0.00000000 0.0000e+00
0.7850 0.00000000 0.0000e+00
0.7900 0.00000000 0.0000e+00
0.7950 0.00000000 0.0000e+00
0.8000 0.00000000 0.0000e+00
0.8050 0.00000000 0.0000e+00
0.8100 0.00000000 0.0000e+00
0.8150 0.00000000 0.0000e+00
0.8200 0.00000000 0.0000e+00
0.8250 0.00000000 0.0000e+00
0.8300 0.00000000 0.0000e+00
0.8350 0.00000000 0.0000e+00
0.8400 0.00000000 0.0000e+00
0.8450 0.00000000 0.0000e+00
0.8500 0.00000000 0.0000e+00
0.8550 0.00000000 0.0000e+00
0.8600 0.00000000 0.0000e+00
0.8650 0.00000000 0.0000e+00
0.8700 0.00000000 0.0000e+00
0.8750 0.00000000 0.0000e+00
0.8800 0.00000000 0.0000e+00
0.8850 0.00000000 0.0000e+00
0.8900 0.00000000 0.0000e+00
0.8950 0.00000000 0.0000e+00
0.9000 0.00000000 0.0000e+00
0.9050 0.00000000 0.0000e+00
0.9100 0.00000000 0.0000e+00
0.9150 0.00000000 0.0000e+00
0.9200 0.00000000 0.0000e+00
0.9250 0.00000000 0.0000e+00
0.9300 0.00000000 0.0000e+00
0.9350 0.00000000 0.0000e+00
0.9400 0.00000000 0.0000e+00
0.9450 0.00000000 0.0000e+00
0.9500 0.00000000 0.0000e+00
0.9550 0.00000000 0.0000e+00
0.9600 0.00000000 0.0000e+00
0.9650 0.00000000 0.0000e+00
0.9700 0.00000000 0.0000e+00
0.9750 0.00000000 0.0000e+00
0.9800 0.00000000 0.0000e+00
0.9850 0.00000000 0.0000e+00
0.9900 0.00000000 0.0000e+00
0.9950 0.00000000 0.0000e+00
1.0000 0.00000000 0.0000e+00
1.0050 0.00000000 0.0000e+00
1.0100 0.00000000 0.0000e+00
1.0150 0.00000000 0.0000e+00
1.0200 0.00000000 0.0000e+00
1.0250 0.00000000 0.0000e+00
1.0300 0.00000000 0.0000e+00
1.0350 0.00000000 0.0000e+00
1.0400 0.00000000 0.0000e+00
1.0450 0.00000000 0.0000e+00
1.0500 0.00000000 0.0000e+00
1.0550 0.00000000 0.0000e+00
1.0600 0.00000000 0.0000e+00
1.0650 0.00000000 0.0000e+00
1.0700 0.00000000 0.0000e+00
1.0750 0.00000000 0.0000e+00
1.0800 0.00000000 0.0000e+00
1.0850 0.00000000 0.0000e+00
1.0900 0.00000000 0.0000e+00
1.0950 0.00000000 0.0000e+00
1.1000 0.00000000 0.0000e+00
1.1050 0.00000000 0.0000e+00
1.1100 0.00000000 0.0000e+00
1.1150 0.00000000 0.0000e+00
1.1200 0.00000000 0.0000e+00
1.1250 0.00000000 0.0000e+00
1.1300 0.00000000 0.0000e+00
1.1350 0.00000000 0.0000e+00
1.1400 0.00000000 0.0000e+00
1.1450 0.00000000 0.0000e+00
1.1500 0.00000000 0.0000e+00
1.1550 0.00000000 0.0000e+00
1.1600 0.00000000 0.0000e+00
1.1650 0.00000000 0.0000e+00
1.1700 0.00000000 0.0000e+00
1.1750 0.00000000 0.0000e+00
1.1800 0.00000000 0.0000e+00
1.1850 0.00000000 0.0000e+00
1.1900 0.00000000 0.0000e+00
1.1950 0.00000000 0.0000e+00
1.2000 0.00000000 0.0000e+00
1.2050 0.00000000 0.0000e+00
1.2100 0.00000000 0.0000e+00
1.2150 0.00000000 0.0000e+00
1.2200 0.00000000 0.0000e+00
1.2250 0.00000000 0.0000e+00
1.2300 0.00000000 0.0000e+00
1.2350 0.00000000 0.0000e+00
1.2400 0.00000000 0.0000e+00
1.2450 0.00000000 0.0000e+00
1.2500 0.00000000 0.0000e+00
1.2550 0.00000000 0.0000e+00
1.2600 0.00000000 0.0000e+00
1.2650 0.00000000 0.0000e+00
1.2700 0.00000000 0.0000e+00
1.2750 0.00000000 0.0000e+00
1.2800 0.00000000 0.0000e+00
1.2850 0.00000000 0.0000e+00
1.2900 0.00000000 0.0000e+00
1.2950 0.00000000 0.0000e+00
1.3000 0.00000000 0.0000e+00
1.3050 0.00000000 0.0000e+00
1.3100 0.00000000 0.0000e+00
1.3150 0.00000000 0.0000e+00
1.3200 0.00000000 0.0000e+00
1.3250 0.00000000 0.0000e+00
1.3300 0.00000000 0.0000e+00
1.3350 0.00000000 0.0000e+00
1.3400 0.00000000 0.0000e+00
1.3450 0.00000000 0.0000e+00
1.3500 0.00000000 0.0000e+00
1.3550 0.00000000 0.0000e+00
1.3600 0.00000000 0.0000e+00
1.3650 0.00000000 0.0000e+00
1.3700 0.00000000 0.0000e+00
1.3750 0.00000000 0.0000e+00
1.3800 0.00000000 0.0000e+00
1.3850 0.00000000 0.0000e+00
1.3900 0.00000000 0.0000e+00
1.3950 0.00000000 0.0000e+00
1.4000 0.00000000 0.0000e+00
1.4050 0.00000000 0.0000e+00
1.4100 0.00000000 0.0000e+00
1.4150 0.00000000 0.0000e+00
1.4200 0.00000000 0.0000e+00
1.4250 0.00000000 0.0000e+00
1.4300 0.00000000 0.0000e+00
1.4350 0.00000000 0.0000e+00
1.4400 0.00000000 0.0000e+00
1.4450 0.00000000 0.0000e+00
1.4500 0.00000000 0.0000e+00
1.4550 0.00000000 0.0000e+00
1.4600 0.00000000 0.0000e+00
1.4650 0.00000000 0.0000e+00
1.4700 0.00000000 0.0000e+00
1.4750 0.00000000 0.0000e+00
1.4800 0.00000000 0.0000e+00
1.4850 0.00000000 0.0000e+00
1.4900 0.00000000 0.0000e+00
1.4950 0.00000000 0.0000e+00
1.5000 0.00000000 0.0000e+00
1.5050 0.00000000 0.0000e+00
1.5100 0.00000000 0.0000e+00
1.5150 0.00000000 0.0000e+00
1.5200 0.00000000 0.0000e+00
1.5250 0.00000000 0.0000e+00
1.5300 0.00000000 0.0000e+00
1.5350 0.00000000 0.0000e+00
1.5400 0.00000000 0.0000e+00
1.5450 0.00000000 0.0000e+00
1.5500 0.00000000 0.0000e+00
1.5550 0.00000000 0.0000e+00
1.5600 0.00000000 0.0000e+00
1.5650 0.00000000 0.0000e+00
1.5700 0.00000000 0.0000e+00
1.5750 0.00000000 0.0000e+00
1.5800 0.00000000 0.0000e+00
1.5850 0.00000000 0.0000e+00
1.5900 0.00000000 0.0000e+00
1.5950 0.00000000 0.0000e+00
1.6000 0.00000000 0.0000e+00
1.6050 0.00000000 0.0000e+00
1.6100 0.00000000 0.0000e+00
1.6150 0.00000000 0.0000e+00
1.6200 0.00000000 0.0000e+00
1.6250 0.00000000 0.0000e+00
1.6300 0.00000000 0.0000e+00
1.6350 0.00000000 0.0000e+00
1.6400 0.00000000 0.0000e+00
1.6450 0.00000000 0.0000e+00
1.6500 0.00000000 0.0000e+00
1.6550 0.00000000 0.0000e+00
1.6600 0.00000000 0.0000e+00
1.6650 0.00000000 0.0000e+00
1.6700 0.00000000 0.0000e+00
1.6750 0.00000000 0.0000e+00
1.6800 0.00000000 0.0000e+00
1.6850 0.00000000 0.0000e+00
1.6900 0.00000000 0.0000e+00
1.6950 0.00000000 0.0000e+00
1.7000 0.00000000 0.0000e+00
1.7050 0.00000000 0.0000e+00
1.7100 0.00000000 0.0000e+00
1.7150 0.00000000 0.0000e+00
1.7200 0.00000000 0.0000e+00
1.7250 0.00000000 0.0000e+00
1.7300 0.00000000 0.0000e+00
1.7350 0.00000000 0.0000e+00
1.7400 0.00000000 0.0000e+00
1.7450 0.00000000 0.0000e+00
1.7500 0.00000000 0.0000e+00
1.7550 0.00000000 0.0000e+00
1.7600 0.00000000 0.0000e+00
1.7650 0.00000000 0.0000e+00
1.7700 0.00000000 0.0000e+00
1.7750 0.00000000 0.0000e+00
1.7800 0.00000000 0.0000e+00
1.7850 0.00000000 0.0000e+00
1.7900 0.00000000 0.0000e+00
1.7950 0.00000000 0.0000e+00
1.8000 0.00000000 0.0000e+00
1.8050 0.00000000 0.0000e+00
1.8100 0.00000000 0.0000e+00
1.8150 0.00000000 0.0000e+00
1.8200 0.00000000 0.0000e+00
1.8250 0.00000000 0.0000e+00
1.8300 0.00000000 0.0000e+00
1.8350 0.00000000 0.0000e+00
1.8400 0.00000000 0.0000e+00
1.8450 0.00000000 0.0000e+00
1.8500 0.00000000 0.0000e+00
1.8550 0.00000000 0.0000e+00
1.8600 0.00000000 0.0000e+00
1.8650 0.00000000 0.0000e+00
1.8700 0.00000000 0.0000e+00
1.8750 0.00000000 0.0000e+00
1.8800 0.00000000 0.0000e+00
1.8850 0.00000000 0.0000e+00
1.8900 0.00000000 0.0000e+00
1.8950 0.00000000 0.0000e+00
1.9000 0.00000000 0.0000e+00
1.9050 0.00000000 0.0000e+00
1.9100 0.00000000 0.0000e+00
1.9150 0.00000000 0.0000e+00
1.9200 0.00000000 0.0000e+00
1.9250 0.00000000 0.0000e+00
1.9300 0.00000000 0.0000e+00
1.9350 0.00000000 0.0000e+00
1.9400 0.00000000 0.0000e+00
1.9450 0.00000000 0.0000e+00
1.9500 0.00000000 0.0000e+00
1.9550 0.00000000 0.0000e+00
1.9600 0.00000000 0.0000e+00
1.9650 0.00000000 0.0000e+00
1.9700 0.00000000 0.0000e+00
1.9750 0.00000000 0.0000e+00
1.9800 0.00000000 0.0000e+00
1.9850 0.00000000 0.0000e+00
1.9900 0.00000000 0.0000e+00
1.9950 0.00000000 0.0000e+00
2.0000 0.00000000 0.0000e+00
2.0050 0.00000000 0.0000e+00
2.0100 0.00000000 0.0000e+00
2.0150 0.00000000 0.0000e+00
2.0200 0.00000000 0.0000e+00
2.0250 0.00000000 0.0000e+00
2.0300 0.00000000 0.0000e+00
2.0350 0.00000000 0.0000e+00
2.0400 0.00000000 0.0000e+00
2.0450 0.00000000 0.0000e+00
2.0500 0.00000000 0.0000e+00
2.0550 0.00000000 0.0000e+00
2.0600 0.00000000 0.0000e+00
2.0650 0.00000000 0.0000e+00
2.0700 0.00000000 0.0000e+00
2.0750 0.00000000 0.0000e+00
2.0800 0.00000000 0.0000e+00
2.0850 0.00000000 0.0000e+00
2.0900 0.00000000 0.0000e+00
2.0950 0.00000000 0.0000e+00
2.1000 0.00000000 0.0000e+00
2.1050 0.00000000 0.0000e+00
2.1100 0.00000000 0.0000e+00
2.1150 0.00918460 6.2044e+10
2.1200 0.00960259 6.4868e+10
2.1250 0.01002059 6.7692e+10
2.1300 0.01043859 7.0515e+10
2.1350 0.01085659 7.3339e+10
2.1400 0.01127459 7.6163e+10
2.1450 0.01169258 7.8986e+10
2.1500 0.01211058 8.1810e+10
2.1550 0.01252858 8.4634e+10
2.1600 0.01294658 8.7457e+10
2.1650 0.01336458 9.0281e+10
2.1700 0.01378258 9.3105e+10
2.1750 0.01420057 9.5928e+10
2.1800 0.01461857 9.8752e+10
2.1850 0.01503657 1.0158e+11
2.1900 0.01545457 1.0440e+11
2.1950 0.01587257 1.0722e+11
2.2000 0.01629056 1.1005e+11
2.2050 0.01670856 1.1287e+11
2.2100 0.01712656 1.1569e+11
2.2150 0.01754456 1.1852e+11
2.2200 0.01796256 1.2134e+11
2.2250 0.01838055 1.2417e+11
2.2300 0.01879855 1.2699e+11
2.2350 0.01921655 1.2981e+11
2.2400 0.01963455 1.3264e+11
2.2450 0.02005255 1.3546e+11
2.2500 0.02047055 1.3828e+11
2.2550 0.02088854 1.4111e+11
2.2600 0.02130654 1.4393e+11
2.2650 0.02172454 1.4675e+11
2.2700 0.02214254 1.4958e+11
2.2750 0.02256054 1.5240e+11
2.2800 0.02297853 1.5523e+11
2.2850 0.02339653 1.5805e+11
2.2900 0.02381453 1.6087e+11
2.2950 0.02423253 1.6370e+11
2.3000 0.02465053 1.6652e+11
2.3050 0.02506853 1.6934e+11
2.3100 0.02548652 1.7217e+11
2.3150 0.02590452 1.7499e+11
2.3200 0.02632252 1.7782e+11
2.3250 0.02674052 1.8064e+11
2.3300 0.02715852 1.8346e+11
2.3350 0.02757651 1.8629e+11
2.3400 0.02799451 1.8911e+11
2.3450 0.02841251 1.9193e+11
2.3500 0.02883051 1.9476e+11
2.3550 0.02924851 1.9758e+11
2.3600 0.02966650 2.0040e+11
2.3650 0.03008450 2.0323e+11
2.3700 0.03050250 2.0605e+11
2.3750 0.03092050 2.0888e+11
2.3800 0.03133850 2.1170e+11
2.3850 0.03175650 2.1452e+11
2.3900 0.03217449 2.1735e+11
2.3950 0.03259249 2.2017e+11
2.4000 0.03301049 2.2299e+11
2.4050 0.03342849 2.2582e+11
2.4100 0.03384649 2.2864e+11
2.4150 0.03426800 2.3149e+11
2.4200 0.03534556 2.3877e+11
2.4250 0.03642312 2.4605e+11
2.4300 0.03750068 2.5333e+11
2.4350 0.03857824 2.6061e+11
2.4400 0.03965580 2.6788e+11
2.4450 0.04073336 2.7516e+11
2.4500 0.04181092 2.8244e+11
2.4550 0.04288848 2.8972e+11
2.4600 0.04396604 2.9700e+11
2.4650 0.04504360 3.0428e+11
2.4700 0.04612116 3.1156e+11
2.4750 0.04719872 3.1884e+11
2.4800 0.04827628 3.2612e+11
2.4850 0.04935384 3.3340e+11
2.4900 0.05043140 3.4068e+11
2.4950 0.05150896 3.4796e+11
2.5000 0.05258652 3.5523e+11
2.5050 0.05366408 3.6251e+11
2.5100 0.05474164 3.6979e+11
2.5150 0.05581920 3.7707e+11
2.5200 0.05689676 3.8435e+11
2.5250 0.05797432 3.9163e+11
2.5300 0.05905188 3.9891e+11
2.5350 0.06012944 4.0619e+11
2.5400 0.06120700 4.1347e+11
2.5450 0.06228457 4.2075e+11
2.5500 0.06336213 4.2803e+11
2.5550 0.06443969 4.3531e+11
2.5600 0.06551725 4.4258e+11
2.5650 0.06659481 4.4986e+11
2.5700 0.06767237 4.5714e+11
2.5750 0.06874993 4.6442e+11
2.5800 0.06982749 4.7170e+11
2.5850 0.07090505 4.7898e+11
2.5900 0.07198261 4.8626e+11
2.5950 0.07371868 4.9799e+11
2.6000 0.07563289 5.1092e+11
2.6050 0.07754710 5.2385e+11
2.6100 0.07946131 5.3678e+11
2.6150 0.08137552 5.4971e+11
2.6200 0.08328973 5.6264e+11
2.6250 0.08520394 5.7557e+11
2.6300 0.08711815 5.8850e+11
2.6350 0.08903236 6.0144e+11
2.6400 0.09094658 6.1437e+11
2.6450 0.09286079 6.2730e+11
2.6500 0.09477500 6.4023e+11
2.6550 0.09668921 6.5316e+11
2.6600 0.09860342 6.6609e+11
2.6650 0.10051763 6.7902e+11
2.6700 0.10243184 6.9195e+11
2.6750 0.10434605 7.0488e+11
2.6800 0.10626026 7.1781e+11
2.6850 0.10817447 7.3074e+11
2.6900 0.11008868 7.4368e+11
2.6950 0.11200290 7.5661e+11
2.7000 0.11391711 7.6954e+11
2.7050 0.11583132 7.8247e+11
2.7100 0.11774553 7.9540e+11
2.7150 0.11965974 8.0833e+11
2.7200 0.12229607 8.2614e+11
2.7250 0.12511369 8.4517e+11
2.7300 0.12793131 8.6421e+11
2.7350 0.13074893 8.8324e+11
2.7400 0.13356654 9.0227e+11
2.7450 0.13638416 9.2131e+11
2.7500 0.13920178 9.4034e+11
2.7550 0.14201940 9.5938e+11
2.7600 0.14483702 9.7841e+11
2.7650 0.14765464 9.9744e+11
2.7700 0.15047225 1.0165e+12
2.7750 0.15328987 1.0355e+12
2.7800 0.15610749 1.0545e+12
2.7850 0.15892511 1.0736e+12
2.7900 0.16174273 1.0926e+12
2.7950 0.16456035 1.1116e+12
2.8000 0.16737796 1.1307e+12
2.8050 0.17019558 1.1497e+12
2.8100 0.17301320 1.1687e+12
2.8150 0.17623132 1.1905e+12
2.8200 0.18000862 1.2160e+12
2.8250 0.18378592 1.2415e+12
2.8300 0.18756322 1.2670e+12
2.8350 0.19134053 1.2926e+12
2.8400 0.19511783 1.3181e+12
2.8450 0.19889513 1.3436e+12
2.8500 0.20267243 1.3691e+12
2.8550 0.20644973 1.3946e+12
2.8600 0.21022703 1.4201e+12
2.8650 0.21400433 1.4457e+12
2.8700 0.21778163 1.4712e+12
2.8750 0.22155893 1.4967e+12
2.8800 0.22533623 1.5222e+12
2.8850 0.22911353 1.5477e+12
2.8900 0.23289083 1.5732e+12
2.8950 0.23716985 1.6021e+12
2.9000 0.24181058 1.6335e+12
2.9050 0.24645131 1.6648e+12
2.9100 0.25109203 1.6962e+12
2.9150 0.25573276 1.7275e+12
2.9200 0.26037348 1.7589e+12
2.9250 0.26501421 1.7902e+12
2.9300 0.26965494 1.8216e+12
2.9350 0.27429566 1.8529e+12
2.9400 0.27893639 1.8843e+12
2.9450 0.28357712 1.9156e+12
2.9500 0.28821784 1.9470e+12
2.9550 0.29285857 1.9783e+12
2.9600 0.29765687 2.0107e+12
2.9650 0.30311951 2.0476e+12
2.9700 0.30858215 2.0845e+12
2.9750 0.31404478 2.1214e+12
2.9800 0.31950742 2.1584e+12
2.9850 0.32497005 2.1953e+12
2.9900 0.33043269 2.2322e+12
2.9950 0.33589533 2.2691e+12
3.0000 0.34135796 2.3060e+12
3.0050 0.34682060 2.3429e+12
3.0100 0.35228323 2.3798e+12
3.0150 0.35774587 2.4167e+12
3.0200 0.36364330 2.4565e+12
3.0250 0.36983873 2.4984e+12
3.0300 0.37603416 2.5402e+12
3.0350 0.38222959 2.5821e+12
3.0400 0.38842502 2.6239e+12
3.0450 0.39462045 2.6658e+12
3.0500 0.40081588 2.7076e+12
3.0550 0.40701131 2.7495e+12
3.0600 0.41320674 2.7913e+12
3.0650 0.41940217 2.8332e+12
3.0700 0.42577632 2.8762e+12
3.0750 0.43246431 2.9214e+12
3.0800 0.43915231 2.9666e+12
3.0850 0.44584031 3.0118e+12
3.0900 0.45252831 3.0569e+12
3.0950 0.45921631 3.1021e+12
3.1000 0.46590430 3.1473e+12
3.1050 0.47259230 3.1925e+12
3.1100 0.47928030 3.2377e+12
3.1150 0.48607602 3.2836e+12
3.1200 0.49327377 3.3322e+12
3.1250 0.50047151 3.3808e+12
3.1300 0.50766926 3.4294e+12
3.1350 0.51486700 3.4781e+12
3.1400 0.52206475 3.5267e+12
3.1450 0.52926249 3.5753e+12
3.1500 0.53646024 3.6239e+12
3.1550 0.54365798 3.6725e+12
3.1600 0.55122963 3.7237e+12
3.1650 0.55882821 3.7750e+12
3.1700 0.56642679 3.8264e+12
3.1750 0.57402537 3.8777e+12
3.1800 0.58162395 3.9290e+12
3.1850 0.58922253 3.9803e+12
3.1900 0.59682111 4.0317e+12
3.1950 0.60444130 4.0831e+12
3.2000 0.61209750 4.1349e+12
3.2050 0.61975369 4.1866e+12
3.2100 0.62740989 4.2383e+12
3.2150 0.63506608 4.2900e+12
3.2200 0.64272228 4.3417e+12
3.2250 0.65037847 4.3935e+12
3.2300 0.65817678 4.4461e+12
3.2350 0.66616919 4.5001e+12
3.2400 0.67416160 4.5541e+12
3.2450 0.68215402 4.6081e+12
3.2500 0.69014643 4.6621e+12
3.2550 0.69813885 4.7161e+12
3.2600 0.70613126 4.7701e+12
3.2650 0.71416025 4.8243e+12
3.2700 0.72218978 4.8786e+12
3.2750 0.73021930 4.9328e+12
3.2800 0.73824882 4.9871e+12
3.2850 0.74627834 5.0413e+12
3.2900 0.75430787 5.0955e+12
3.2950 0.76187397 5.1466e+12
3.3000 0.76943684 5.1977e+12
3.3050 0.77699972 5.2488e+12
3.3100 0.78456259 5.2999e+12
3.3150 0.79212547 5.3510e+12
3.3200 0.79968747 5.4021e+12
3.3250 0.80724810 5.4532e+12
3.3300 0.81480874 5.5042e+12
3.3350 0.82236937 5.5553e+12
3.3400 0.82993000 5.6064e+12
3.3450 0.83748044 5.6574e+12
3.3500 0.84495724 5.7079e+12
3.3550 0.85243404 5.7584e+12
3.3600 0.85991083 5.8089e+12
3.3650 0.86738763 5.8594e+12
3.3700 0.87480166 5.9095e+12
3.3750 0.88187823 5.9573e+12
3.3800 0.88895480 6.0051e+12
3.3850 0.89603138 6.0529e+12
3.3900 0.90310795 6.1007e+12
3.3950 0.90997866 6.1471e+12
3.4000 0.91660830 6.1919e+12
3.4050 0.92323794 6.2367e+12
3.4100 0.92986758 6.2815e+12
3.4150 0.93649642 6.3263e+12
3.4200 0.94297652 6.3700e+12
3.4250 0.94945662 6.4138e+12
3.4300 0.95593672 6.4576e+12
3.4350 0.96241682 6.5014e+12
3.4400 0.96823570 6.5407e+12
3.4450 0.97385425 6.5786e+12
3.4500 0.97947280 6.6166e+12
3.4550 0.98509135 6.6545e+12
3.4600 0.99054793 6.6914e+12
3.4650 0.99594362 6.7278e+12
3.4700 1.00133932 6.7643e+12
3.4750 1.00673501 6.8007e+12
3.4800 1.01303414 6.8433e+12
3.4850 1.01947335 6.8868e+12
3.4900 1.02591256 6.9303e+12
3.4950 1.03180807 6.9701e+12
3.5000 1.03503163 6.9919e+12
3.5050 1.03825520 7.0137e+12
3.5100 1.04147877 7.0354e+12
3.5150 1.04511933 7.0600e+12
3.5200 1.04901187 7.0863e+12
3.5250 1.05290442 7.1126e+12
3.5300 1.05693085 7.1398e+12
3.5350 1.06144137 7.1703e+12
3.5400 1.06595189 7.2008e+12
3.5450 1.07046241 7.2312e+12
3.5500 1.07303194 7.2486e+12
3.5550 1.07547445 7.2651e+12
3.5600 1.07791696 7.2816e+12
3.5650 1.08138594 7.3050e+12
3.5700 1.08514492 7.3304e+12
3.5750 1.08890389 7.3558e+12
3.5800 1.09001937 7.3633e+12
3.5850 1.09016568 7.3643e+12
3.5900 1.09031200 7.3653e+12
3.5950 1.09140648 7.3727e+12
3.6000 1.09275745 7.3818e+12
3.6050 1.09410843 7.3910e+12
3.6100 1.09594368 7.4034e+12
3.6150 1.09781039 7.4160e+12
3.6200 1.09924685 7.4257e+12
3.6250 1.09874091 7.4223e+12
3.6300 1.09823496 7.4188e+12
3.6350 1.09803637 7.4175e+12
3.6400 1.09813480 7.4182e+12
3.6450 1.09823322 7.4188e+12
3.6500 1.09738438 7.4131e+12
3.6550 1.09644816 7.4068e+12
3.6600 1.09526300 7.3988e+12
3.6650 1.09370087 7.3882e+12
3.6700 1.09213873 7.3777e+12
3.6750 1.09010296 7.3639e+12
3.6800 1.08804270 7.3500e+12
3.6850 1.08593872 7.3358e+12
3.6900 1.08380190 7.3213e+12
3.6950 1.08171857 7.3073e+12
3.7000 1.07979188 7.2943e+12
3.7050 1.07786519 7.2812e+12
3.7100 1.07544155 7.2649e+12
3.7150 1.07301712 7.2485e+12
3.7200 1.06827070 7.2164e+12
3.7250 1.06294134 7.1804e+12
3.7300 1.05817592 7.1482e+12
3.7350 1.05370810 7.1181e+12
3.7400 1.04964692 7.0906e+12
3.7450 1.04590334 7.0653e+12
3.7500 1.04101538 7.0323e+12
3.7550 1.03506104 6.9921e+12
3.7600 1.03082573 6.9635e+12
3.7650 1.02817218 6.9456e+12
3.7700 1.02268000 6.9085e+12
3.7750 1.01503614 6.8568e+12
3.7800 1.00558201 6.7930e+12
3.7850 0.99519434 6.7228e+12
3.7900 0.99034849 6.6900e+12
3.7950 0.98696021 6.6672e+12
3.8000 0.97807403 6.6071e+12
3.8050 0.96969220 6.5505e+12
3.8100 0.96475012 6.5171e+12
3.8150 0.95934426 6.4806e+12
3.8200 0.95329087 6.4397e+12
3.8250 0.94534692 6.3860e+12
3.8300 0.93659674 6.3269e+12
3.8350 0.92919241 6.2769e+12
3.8400 0.92075078 6.2199e+12
3.8450 0.91043396 6.1502e+12
3.8500 0.90088599 6.0857e+12
3.8550 0.89137094 6.0214e+12
3.8600 0.88031849 5.9468e+12
3.8650 0.87091346 5.8832e+12
3.8700 0.86267354 5.8276e+12
3.8750 0.85287230 5.7614e+12
3.8800 0.84274014 5.6929e+12
3.8850 0.83238914 5.6230e+12
3.8900 0.82390526 5.5657e+12
3.8950 0.81413811 5.4997e+12
3.9000 0.80283745 5.4234e+12
3.9050 0.78796003 5.3229e+12
3.9100 0.77816667 5.2567e+12
3.9150 0.76946347 5.1979e+12
3.9200 0.75930244 5.1293e+12
3.9250 0.74916627 5.0608e+12
3.9300 0.73981693 4.9976e+12
3.9350 0.72959472 4.9286e+12
3.9400 0.71628963 4.8387e+12
3.9450 0.70631692 4.7713e+12
3.9500 0.69620409 4.7030e+12
3.9550 0.68430945 4.6227e+12
3.9600 0.67111890 4.5336e+12
3.9650 0.66163472 4.4695e+12
3.9700 0.64269183 4.3415e+12
3.9750 0.63029751 4.2578e+12
3.9800 0.61898917 4.1814e+12
3.9850 0.60784364 4.1061e+12
3.9900 0.59895997 4.0461e+12
3.9950 0.59027552 3.9875e+12
4.0000 0.57661488 3.8952e+12
4.0050 0.56042733 3.7858e+12
4.0100 0.54576424 3.6868e+12
4.0150 0.53494428 3.6137e+12
4.0200 0.52584015 3.5522e+12
4.0250 0.51212362 3.4595e+12
4.0300 0.50187711 3.3903e+12
4.0350 0.49556132 3.3476e+12
4.0400 0.48218187 3.2573e+12
4.0450 0.47128683 3.1837e+12
4.0500 0.45961803 3.1048e+12
4.0550 0.44879062 3.0317e+12
4.0600 0.43528900 2.9405e+12
4.0650 0.42246845 2.8539e+12
4.0700 0.41261093 2.7873e+12
4.0750 0.40461459 2.7333e+12
4.0800 0.39380345 2.6602e+12
4.0850 0.38169470 2.5784e+12
4.0900 0.36917164 2.4938e+12
4.0950 0.35873957 2.4234e+12
4.1000 0.34595813 2.3370e+12
4.1050 0.33830676 2.2853e+12
4.1100 0.32710861 2.2097e+12
4.1150 0.31602765 2.1348e+12
4.1200 0.30405607 2.0540e+12
4.1250 0.29822438 2.0146e+12
4.1300 0.28435652 1.9209e+12
4.1350 0.27406131 1.8514e+12
4.1400 0.27004188 1.8242e+12
4.1450 0.25375156 1.7142e+12
4.1500 0.24999954 1.6888e+12
4.1550 0.24025734 1.6230e+12
4.1600 0.23149656 1.5638e+12
4.1650 0.21965690 1.4838e+12
4.1700 0.21565619 1.4568e+12
4.1750 0.20836441 1.4076e+12
4.1800 0.19764359 1.3351e+12
4.1850 0.19039983 1.2862e+12
4.1900 0.18402163 1.2431e+12
4.1950 0.18004500 1.2162e+12
4.2000 0.16869687 1.1396e+12
4.2050 0.16273881 1.0993e+12
4.2100 0.15676321 1.0590e+12
4.2150 0.14430470 9.7481e+11
4.2200 0.14405006 9.7309e+11
4.2250 0.13558276 9.1589e+11
4.2300 0.13197399 8.9152e+11
4.2350 0.12330840 8.3298e+11
4.2400 0.11864138 8.0145e+11
4.2450 0.11320702 7.6474e+11
4.2500 0.10684843 7.2179e+11
4.2550 0.10263209 6.9330e+11
4.2600 0.09351939 6.3175e+11
4.2650 0.09135544 6.1713e+11
4.2700 0.08804374 5.9476e+11
4.2750 0.08135372 5.4956e+11
4.2800 0.07712314 5.2099e+11
4.2850 0.07565058 5.1104e+11
4.2900 0.07085339 4.7863e+11
4.2950 0.06477681 4.3758e+11
4.3000 0.06412388 4.3317e+11
4.3050 0.05936890 4.0105e+11
4.3100 0.05344404 3.6103e+11
4.3150 0.05344124 3.6101e+11
4.3200 0.04825026 3.2594e+11
4.3250 0.04801578 3.2436e+11
4.3300 0.04410034 2.9791e+11
4.3350 0.04256500 2.8754e+11
4.3400 0.03729870 2.5196e+11
4.3450 0.03684162 2.4887e+11
4.3500 0.03206884 2.1663e+11
4.3550 0.03084476 2.0836e+11
4.3600 0.02731214 1.8450e+11
4.3650 0.02934205 1.9821e+11
4.3700 0.02377644 1.6062e+11
4.3750 0.02340610 1.5811e+11
4.3800 0.02107043 1.4234e+11
4.3850 0.02037062 1.3761e+11
4.3900 0.01932846 1.3057e+11
4.3950 0.01761637 1.1900e+11
4.4000 0.01696542 1.1461e+11
4.4050 0.01599750 1.0807e+11
4.4100 0.01491051 1.0072e+11
4.4150 0.01369641 9.2523e+10
4.4200 0.01307734 8.8341e+10
4.4250 0.01010407 6.8255e+10
4.4300 0.00941487 6.3600e+10
4.4350 0.00828474 5.5965e+10
4.4400 0.00813697 5.4967e+10
4.4450 0.00744678 5.0305e+10
4.4500 0.00815983 5.5122e+10
4.4550 0.00734781 4.9636e+10
4.4600 0.00720923 4.8700e+10
4.4650 0.00545814 3.6871e+10
4.4700 0.00551889 3.7281e+10
4.4750 0.00443162 2.9937e+10
4.4800 0.00329253 2.2242e+10
4.4850 0.00386827 2.6131e+10
4.4900 0.00337435 2.2795e+10
4.4950 0.00323343 2.1843e+10
4.5000 0.00229332 1.5492e+10
4.5050 0.00181778 1.2280e+10
4.5100 0.00175537 1.1858e+10
4.5150 0.00180929 1.2222e+10
4.5200 0.00176036 1.1892e+10
4.5250 0.00149487 1.0098e+10
4.5300 0.00130822 8.8373e+09
4.5350 0.00150632 1.0176e+10
4.5400 0.00088988 6.0114e+09
4.5450 0.00060575 4.0920e+09
4.5500 0.00091950 6.2115e+09
4.5550 0.00128083 8.6523e+09
4.5600 0.00052833 3.5690e+09
4.5650 0.00030494 2.0600e+09
4.5700 0.00028700 1.9388e+09
4.5750 0.00032047 2.1648e+09
4.5800 0.00027173 1.8356e+09
4.5850 0.00077137 5.2108e+09
4.5900 0.00055247 3.7321e+09
4.5950 0.00022929 1.5489e+09
4.6000 0.00023462 1.5849e+09
4.6050 0.00024009 1.6218e+09
4.6100 0.00029165 1.9702e+09
4.6150 0.00075395 5.0931e+09
4.6200 0.00045613 3.0812e+09
4.6250 0.00026325 1.7783e+09
4.6300 0.00051989 3.5120e+09
4.6350 0.00027566 1.8622e+09
4.6400 0.00028207 1.9055e+09
4.6450 0.00028867 1.9501e+09
4.6500 0.00029550 1.9962e+09
4.6550 0.00030259 2.0441e+09
4.6600 0.00030969 2.0920e+09
4.6650 0.00031678 2.1400e+09
4.6700 0.00032388 2.1879e+09
4.6750 0.00033202 2.2429e+09
4.6800 0.00034092 2.3030e+09
4.6850 0.00034982 2.3631e+09
4.6900 0.00035872 2.4233e+09
4.6950 0.00036762 2.4834e+09
4.7000 0.00037652 2.5435e+09
4.7050 0.00038542 2.6036e+09
4.7100 0.00039432 2.6638e+09
4.7150 0.00040323 2.7239e+09
4.7200 0.00041213 2.7840e+09
4.7250 0.00042103 2.8441e+09
4.7300 0.00042993 2.9043e+09
4.7350 0.00043883 2.9644e+09
4.7400 0.00044773 3.0245e+09
4.7450 0.00000000 0.0000e+00
4.7500 0.00000000 0.0000e+00
4.7550 0.00000000 0.0000e+00
4.7600 0.00000000 0.0000e+00
4.7650 0.00000000 0.0000e+00
4.7700 0.00000000 0.0000e+00
4.7750 0.00000000 0.0000e+00
4.7800 0.00000000 0.0000e+00
4.7850 0.00000000 0.0000e+00
4.7900 0.00000000 0.0000e+00
4.7950 0.00000000 0.0000e+00
4.8000 0.00000000 0.0000e+00
4.8050 0.00000000 0.0000e+00
4.8100 0.00000000 0.0000e+00
4.8150 0.00000000 0.0000e+00
4.8200 0.00000000 0.0000e+00
4.8250 0.00000000 0.0000e+00
4.8300 0.00000000 0.0000e+00
4.8350 0.00000000 0.0000e+00
4.8400 0.00000000 0.0000e+00
4.8450 0.00000000 0.0000e+00
4.8500 0.00000000 0.0000e+00
4.8550 0.00000000 0.0000e+00
4.8600 0.00000000 0.0000e+00
4.8650 0.00000000 0.0000e+00
4.8700 0.00000000 0.0000e+00
4.8750 0.00000000 0.0000e+00
4.8800 0.00000000 0.0000e+00
4.8850 0.00000000 0.0000e+00
4.8900 0.00000000 0.0000e+00
4.8950 0.00000000 0.0000e+00
4.9000 0.00000000 0.0000e+00
4.9050 0.00000000 0.0000e+00
4.9100 0.00000000 0.0000e+00
4.9150 0.00000000 0.0000e+00
4.9200 0.00000000 0.0000e+00
4.9250 0.00000000 0.0000e+00
4.9300 0.00000000 0.0000e+00
4.9350 0.00000000 0.0000e+00
4.9400 0.00000000 0.0000e+00
4.9450 0.00000000 0.0000e+00
4.9500 0.00000000 0.0000e+00
4.9550 0.00000000 0.0000e+00
4.9600 0.00000000 0.0000e+00
4.9650 0.00000000 0.0000e+00
4.9700 0.00000000 0.0000e+00
4.9750 0.00000000 0.0000e+00
4.9800 0.00000000 0.0000e+00
4.9850 0.00000000 0.0000e+00
4.9900 0.00000000 0.0000e+00
4.9950 0.00000000 0.0000e+00
5.0000 0.00000000 0.0000e+00
5.0050 0.00000000 0.0000e+00
5.0100 0.00000000 0.0000e+00
5.0150 0.00000000 0.0000e+00
5.0200 0.00000000 0.0000e+00
5.0250 0.00000000 0.0000e+00
5.0300 0.00000000 0.0000e+00
5.0350 0.00000000 0.0000e+00
5.0400 0.00000000 0.0000e+00
5.0450 0.00000000 0.0000e+00
5.0500 0.00000000 0.0000e+00
5.0550 0.00000000 0.0000e+00
5.0600 0.00000000 0.0000e+00
5.0650 0.00000000 0.0000e+00
5.0700 0.00000000 0.0000e+00
5.0750 0.00000000 0.0000e+00
5.0800 0.00000000 0.0000e+00
5.0850 0.00000000 0.0000e+00
5.0900 0.00000000 0.0000e+00
5.0950 0.00000000 0.0000e+00
5.1000 0.00000000 0.0000e+00
5.1050 0.00000000 0.0000e+00
5.1100 0.00000000 0.0000e+00
5.1150 0.00000000 0.0000e+00
5.1200 0.00000000 0.0000e+00
5.1250 0.00000000 0.0000e+00
5.1300 0.00000000 0.0000e+00
5.1350 0.00000000 0.0000e+00
5.1400 0.00000000 0.0000e+00
5.1450 0.00000000 0.0000e+00
5.1500 0.00000000 0.0000e+00
5.1550 0.00000000 0.0000e+00
5.1600 0.00000000 0.0000e+00
5.1650 0.00000000 0.0000e+00
5.1700 0.00000000 0.0000e+00
5.1750 0.00000000 0.0000e+00
5.1800 0.00000000 0.0000e+00
5.1850 0.00000000 0.0000e+00
5.1900 0.00000000 0.0000e+00
5.1950 0.00000000 0.0000e+00
5.2000 0.00000000 0.0000e+00
5.2050 0.00000000 0.0000e+00
5.2100 0.00000000 0.0000e+00
5.2150 0.00000000 0.0000e+00
5.2200 0.00000000 0.0000e+00
5.2250 0.00000000 0.0000e+00
5.2300 0.00000000 0.0000e+00
5.2350 0.00000000 0.0000e+00
5.2400 0.00000000 0.0000e+00
5.2450 0.00000000 0.0000e+00
5.2500 0.00000000 0.0000e+00
5.2550 0.00000000 0.0000e+00
5.2600 0.00000000 0.0000e+00
5.2650 0.00000000 0.0000e+00
5.2700 0.00000000 0.0000e+00
5.2750 0.00000000 0.0000e+00
5.2800 0.00000000 0.0000e+00
5.2850 0.00000000 0.0000e+00
5.2900 0.00000000 0.0000e+00
5.2950 0.00000000 0.0000e+00
5.3000 0.00000000 0.0000e+00
5.3050 0.00000000 0.0000e+00
5.3100 0.00000000 0.0000e+00
5.3150 0.00000000 0.0000e+00
5.3200 0.00000000 0.0000e+00
5.3250 0.00000000 0.0000e+00
5.3300 0.00000000 0.0000e+00
5.3350 0.00000000 0.0000e+00
5.3400 0.00000000 0.0000e+00
5.3450 0.00000000 0.0000e+00
5.3500 0.00000000 0.0000e+00
5.3550 0.00000000 0.0000e+00
5.3600 0.00000000 0.0000e+00
5.3650 0.00000000 0.0000e+00
5.3700 0.00000000 0.0000e+00
5.3750 0.00000000 0.0000e+00
5.3800 0.00000000 0.0000e+00
5.3850 0.00000000 0.0000e+00
5.3900 0.00000000 0.0000e+00
5.3950 0.00000000 0.0000e+00
5.4000 0.00000000 0.0000e+00
5.4050 0.00000000 0.0000e+00
5.4100 0.00000000 0.0000e+00
5.4150 0.00000000 0.0000e+00
5.4200 0.00000000 0.0000e+00
5.4250 0.00000000 0.0000e+00
5.4300 0.00000000 0.0000e+00
5.4350 0.00000000 0.0000e+00
5.4400 0.00000000 0.0000e+00
5.4450 0.00000000 0.0000e+00
5.4500 0.00000000 0.0000e+00
5.4550 0.00000000 0.0000e+00
5.4600 0.00000000 0.0000e+00
5.4650 0.00000000 0.0000e+00
5.4700 0.00000000 0.0000e+00
5.4750 0.00000000 0.0000e+00
5.4800 0.00000000 0.0000e+00
5.4850 0.00000000 0.0000e+00
5.4900 0.00000000 0.0000e+00
5.4950 0.00000000 0.0000e+00
5.5000 0.00000000 0.0000e+00
5.5050 0.00000000 0.0000e+00
5.5100 0.00000000 0.0000e+00
5.5150 0.00000000 0.0000e+00
5.5200 0.00000000 0.0000e+00
5.5250 0.00000000 0.0000e+00
5.5300 0.00000000 0.0000e+00
5.5350 0.00000000 0.0000e+00
5.5400 0.00000000 0.0000e+00
5.5450 0.00000000 0.0000e+00
5.5500 0.00000000 0.0000e+00
5.5550 0.00000000 0.0000e+00
5.5600 0.00000000 0.0000e+00
5.5650 0.00000000 0.0000e+00
5.5700 0.00000000 0.0000e+00
5.5750 0.00000000 0.0000e+00
5.5800 0.00000000 0.0000e+00
5.5850 0.00000000 0.0000e+00
5.5900 0.00000000 0.0000e+00
5.5950 0.00000000 0.0000e+00
5.6000 0.00000000 0.0000e+00
5.6050 0.00000000 0.0000e+00
5.6100 0.00000000 0.0000e+00
5.6150 0.00000000 0.0000e+00
5.6200 0.00000000 0.0000e+00
5.6250 0.00000000 0.0000e+00
5.6300 0.00000000 0.0000e+00
5.6350 0.00000000 0.0000e+00
5.6400 0.00000000 0.0000e+00
5.6450 0.00000000 0.0000e+00
5.6500 0.00000000 0.0000e+00
5.6550 0.00000000 0.0000e+00
5.6600 0.00000000 0.0000e+00
5.6650 0.00000000 0.0000e+00
5.6700 0.00000000 0.0000e+00
5.6750 0.00000000 0.0000e+00
5.6800 0.00000000 0.0000e+00
5.6850 0.00000000 0.0000e+00
5.6900 0.00000000 0.0000e+00
5.6950 0.00000000 0.0000e+00
5.7000 0.00000000 0.0000e+00
5.7050 0.00000000 0.0000e+00
5.7100 0.00000000 0.0000e+00
5.7150 0.00000000 0.0000e+00
5.7200 0.00000000 0.0000e+00
5.7250 0.00000000 0.0000e+00
5.7300 0.00000000 0.0000e+00
5.7350 0.00000000 0.0000e+00
5.7400 0.00000000 0.0000e+00
5.7450 0.00000000 0.0000e+00
5.7500 0.00000000 0.0000e+00
5.7550 0.00000000 0.0000e+00
5.7600 0.00000000 0.0000e+00
5.7650 0.00000000 0.0000e+00
5.7700 0.00000000 0.0000e+00
5.7750 0.00000000 0.0000e+00
5.7800 0.00000000 0.0000e+00
5.7850 0.00000000 0.0000e+00
5.7900 0.00000000 0.0000e+00
5.7950 0.00000000 0.0000e+00
5.8000 0.00000000 0.0000e+00
5.8050 0.00000000 0.0000e+00
5.8100 0.00000000 0.0000e+00
5.8150 0.00000000 0.0000e+00
5.8200 0.00000000 0.0000e+00
5.8250 0.00000000 0.0000e+00
5.8300 0.00000000 0.0000e+00
5.8350 0.00000000 0.0000e+00
5.8400 0.00000000 0.0000e+00
5.8450 0.00000000 0.0000e+00
5.8500 0.00000000 0.0000e+00
5.8550 0.00000000 0.0000e+00
5.8600 0.00000000 0.0000e+00
5.8650 0.00000000 0.0000e+00
5.8700 0.00000000 0.0000e+00
5.8750 0.00000000 0.0000e+00
5.8800 0.00000000 0.0000e+00
5.8850 0.00000000 0.0000e+00
5.8900 0.00000000 0.0000e+00
5.8950 0.00000000 0.0000e+00
5.9000 0.00000000 0.0000e+00
5.9050 0.00000000 0.0000e+00
5.9100 0.00000000 0.0000e+00
5.9150 0.00000000 0.0000e+00
5.9200 0.00000000 0.0000e+00
5.9250 0.00000000 0.0000e+00
5.9300 0.00000000 0.0000e+00
5.9350 0.00000000 0.0000e+00
5.9400 0.00000000 0.0000e+00
5.9450 0.00000000 0.0000e+00
5.9500 0.00000000 0.0000e+00
5.9550 0.00000000 0.0000e+00
5.9600 0.00000000 0.0000e+00
5.9650 0.00000000 0.0000e+00
5.9700 0.00000000 0.0000e+00
5.9750 0.00000000 0.0000e+00
5.9800 0.00000000 0.0000e+00
5.9850 0.00000000 0.0000e+00
5.9900 0.00000000 0.0000e+00
5.9950 0.00000000 0.0000e+00
6.0000 0.00000000 0.0000e+00
6.0050 0.00000000 0.0000e+00
6.0100 0.00000000 0.0000e+00
6.0150 0.00000000 0.0000e+00
6.0200 0.00000000 0.0000e+00
6.0250 0.00000000 0.0000e+00
6.0300 0.00000000 0.0000e+00
6.0350 0.00000000 0.0000e+00
6.0400 0.00000000 0.0000e+00
6.0450 0.00000000 0.0000e+00
6.0500 0.00000000 0.0000e+00
6.0550 0.00000000 0.0000e+00
6.0600 0.00000000 0.0000e+00
6.0650 0.00000000 0.0000e+00
6.0700 0.00000000 0.0000e+00
6.0750 0.00000000 0.0000e+00
6.0800 0.00000000 0.0000e+00
6.0850 0.00000000 0.0000e+00
6.0900 0.00000000 0.0000e+00
6.0950 0.00000000 0.0000e+00
6.1000 0.00000000 0.0000e+00
6.1050 0.00000000 0.0000e+00
6.1100 0.00000000 0.0000e+00
6.1150 0.00000000 0.0000e+00
6.1200 0.00000000 0.0000e+00
6.1250 0.00000000 0.0000e+00
6.1300 0.00000000 0.0000e+00
6.1350 0.00000000 0.0000e+00
6.1400 0.00000000 0.0000e+00
6.1450 0.00000000 0.0000e+00
6.1500 0.00000000 0.0000e+00
6.1550 0.00000000 0.0000e+00
6.1600 0.00000000 0.0000e+00
6.1650 0.00000000 0.0000e+00
6.1700 0.00000000 0.0000e+00
6.1750 0.00000000 0.0000e+00
6.1800 0.00000000 0.0000e+00
6.1850 0.00000000 0.0000e+00
6.1900 0.00000000 0.0000e+00
6.1950 0.00000000 0.0000e+00
6.2000 0.00000000 0.0000e+00
6.2050 0.00000000 0.0000e+00
6.2100 0.00000000 0.0000e+00
6.2150 0.00000000 0.0000e+00
6.2200 0.00000000 0.0000e+00
6.2250 0.00000000 0.0000e+00
6.2300 0.00000000 0.0000e+00
6.2350 0.00000000 0.0000e+00
6.2400 0.00000000 0.0000e+00
6.2450 0.00000000 0.0000e+00
6.2500 0.00000000 0.0000e+00
6.2550 0.00000000 0.0000e+00
6.2600 0.00000000 0.0000e+00
6.2650 0.00000000 0.0000e+00
6.2700 0.00000000 0.0000e+00
6.2750 0.00000000 0.0000e+00
6.2800 0.00000000 0.0000e+00
6.2850 0.00000000 0.0000e+00
6.2900 0.00000000 0.0000e+00
6.2950 0.00000000 0.0000e+00
6.3000 0.00000000 0.0000e+00
6.3050 0.00000000 0.0000e+00
6.3100 0.00000000 0.0000e+00
6.3150 0.00000000 0.0000e+00
6.3200 0.00000000 0.0000e+00
6.3250 0.00000000 0.0000e+00
6.3300 0.00000000 0.0000e+00
6.3350 0.00000000 0.0000e+00
6.3400 0.00000000 0.0000e+00
6.3450 0.00000000 0.0000e+00
6.3500 0.00000000 0.0000e+00
6.3550 0.00000000 0.0000e+00
6.3600 0.00000000 0.0000e+00
6.3650 0.00000000 0.0000e+00
6.3700 0.00000000 0.0000e+00
6.3750 0.00000000 0.0000e+00
6.3800 0.00000000 0.0000e+00
6.3850 0.00000000 0.0000e+00
6.3900 0.00000000 0.0000e+00
6.3950 0.00000000 0.0000e+00
6.4000 0.00000000 0.0000e+00
6.4050 0.00000000 0.0000e+00
6.4100 0.00000000 0.0000e+00
6.4150 0.00000000 0.0000e+00
6.4200 0.00000000 0.0000e+00
6.4250 0.00000000 0.0000e+00
6.4300 0.00000000 0.0000e+00
6.4350 0.00000000 0.0000e+00
6.4400 0.00000000 0.0000e+00
6.4450 0.00000000 0.0000e+00
6.4500 0.00000000 0.0000e+00
6.4550 0.00000000 0.0000e+00
6.4600 0.00000000 0.0000e+00
6.4650 0.00000000 0.0000e+00
6.4700 0.00000000 0.0000e+00
6.4750 0.00000000 0.0000e+00
6.4800 0.00000000 0.0000e+00
6.4850 0.00000000 0.0000e+00
6.4900 0.00000000 0.0000e+00
6.4950 0.00000000 0.0000e+00
6.5000 0.00000000 0.0000e+00
6.5050 0.00000000 0.0000e+00
6.5100 0.00000000 0.0000e+00
6.5150 0.00000000 0.0000e+00
6.5200 0.00000000 0.0000e+00
6.5250 0.00000000 0.0000e+00
6.5300 0.00000000 0.0000e+00
6.5350 0.00000000 0.0000e+00
6.5400 0.00000000 0.0000e+00
6.5450 0.00000000 0.0000e+00
6.5500 0.00000000 0.0000e+00
6.5550 0.00000000 0.0000e+00
6.5600 0.00000000 0.0000e+00
6.5650 0.00000000 0.0000e+00
6.5700 0.00000000 0.0000e+00
6.5750 0.00000000 0.0000e+00
6.5800 0.00000000 0.0000e+00
6.5850 0.00000000 0.0000e+00
6.5900 0.00000000 0.0000e+00
6.5950 0.00000000 0.0000e+00
6.6000 0.00000000 0.0000e+00
6.6050 0.00000000 0.0000e+00
6.6100 0.00000000 0.0000e+00
6.6150 0.00000000 0.0000e+00
6.6200 0.00000000 0.0000e+00
6.6250 0.00000000 0.0000e+00
6.6300 0.00000000 0.0000e+00
6.6350 0.00000000 0.0000e+00
6.6400 0.00000000 0.0000e+00
6.6450 0.00000000 0.0000e+00
6.6500 0.00000000 0.0000e+00
6.6550 0.00000000 0.0000e+00
6.6600 0.00000000 0.0000e+00
6.6650 0.00000000 0.0000e+00
6.6700 0.00000000 0.0000e+00
6.6750 0.00000000 0.0000e+00
6.6800 0.00000000 0.0000e+00
6.6850 0.00000000 0.0000e+00
6.6900 0.00000000 0.0000e+00
6.6950 0.00000000 0.0000e+00
6.7000 0.00000000 0.0000e+00
6.7050 0.00000000 0.0000e+00
6.7100 0.00000000 0.0000e+00
6.7150 0.00000000 0.0000e+00
6.7200 0.00000000 0.0000e+00
6.7250 0.00000000 0.0000e+00
6.7300 0.00000000 0.0000e+00
6.7350 0.00000000 0.0000e+00
6.7400 0.00000000 0.0000e+00
6.7450 0.00000000 0.0000e+00
6.7500 0.00000000 0.0000e+00
6.7550 0.00000000 0.0000e+00
6.7600 0.00000000 0.0000e+00
6.7650 0.00000000 0.0000e+00
6.7700 0.00000000 0.0000e+00
6.7750 0.00000000 0.0000e+00
6.7800 0.00000000 0.0000e+00
6.7850 0.00000000 0.0000e+00
6.7900 0.00000000 0.0000e+00
6.7950 0.00000000 0.0000e+00
6.8000 0.00000000 0.0000e+00
6.8050 0.00000000 0.0000e+00
6.8100 0.00000000 0.0000e+00
6.8150 0.00000000 0.0000e+00
6.8200 0.00000000 0.0000e+00
6.8250 0.00000000 0.0000e+00
6.8300 0.00000000 0.0000e+00
6.8350 0.00000000 0.0000e+00
6.8400 0.00000000 0.0000e+00
6.8450 0.00000000 0.0000e+00
6.8500 0.00000000 0.0000e+00
6.8550 0.00000000 0.0000e+00
6.8600 0.00000000 0.0000e+00
6.8650 0.00000000 0.0000e+00
6.8700 0.00000000 0.0000e+00
6.8750 0.00000000 0.0000e+00
6.8800 0.00000000 0.0000e+00
6.8850 0.00000000 0.0000e+00
6.8900 0.00000000 0.0000e+00
6.8950 0.00000000 0.0000e+00
6.9000 0.00000000 0.0000e+00
6.9050 0.00000000 0.0000e+00
6.9100 0.00000000 0.0000e+00
6.9150 0.00000000 0.0000e+00
6.9200 0.00000000 0.0000e+00
6.9250 0.00000000 0.0000e+00
6.9300 0.00000000 0.0000e+00
6.9350 0.00000000 0.0000e+00
6.9400 0.00000000 0.0000e+00
6.9450 0.00000000 0.0000e+00
6.9500 0.00000000 0.0000e+00
6.9550 0.00000000 0.0000e+00
6.9600 0.00000000 0.0000e+00
6.9650 0.00000000 0.0000e+00
6.9700 0.00000000 0.0000e+00
6.9750 0.00000000 0.0000e+00
6.9800 0.00000000 0.0000e+00
6.9850 0.00000000 0.0000e+00
6.9900 0.00000000 0.0000e+00
6.9950 0.00000000 0.0000e+00
7.0000 0.00000000 0.0000e+00
7.0050 0.00000000 0.0000e+00
7.0100 0.00000000 0.0000e+00
7.0150 0.00000000 0.0000e+00
7.0200 0.00000000 0.0000e+00
7.0250 0.00000000 0.0000e+00
7.0300 0.00000000 0.0000e+00
7.0350 0.00000000 0.0000e+00
7.0400 0.00000000 0.0000e+00
7.0450 0.00000000 0.0000e+00
7.0500 0.00000000 0.0000e+00
7.0550 0.00000000 0.0000e+00
7.0600 0.00000000 0.0000e+00
7.0650 0.00000000 0.0000e+00
7.0700 0.00000000 0.0000e+00
7.0750 0.00000000 0.0000e+00
7.0800 0.00000000 0.0000e+00
7.0850 0.00000000 0.0000e+00
7.0900 0.00000000 0.0000e+00
7.0950 0.00000000 0.0000e+00
7.1000 0.00000000 0.0000e+00
7.1050 0.00000000 0.0000e+00
7.1100 0.00000000 0.0000e+00
7.1150 0.00000000 0.0000e+00
7.1200 0.00000000 0.0000e+00
7.1250 0.00000000 0.0000e+00
7.1300 0.00000000 0.0000e+00
7.1350 0.00000000 0.0000e+00
7.1400 0.00000000 0.0000e+00
7.1450 0.00000000 0.0000e+00
7.1500 0.00000000 0.0000e+00
7.1550 0.00000000 0.0000e+00
7.1600 0.00000000 0.0000e+00
7.1650 0.00000000 0.0000e+00
7.1700 0.00000000 0.0000e+00
7.1750 0.00000000 0.0000e+00
7.1800 0.00000000 0.0000e+00
7.1850 0.00000000 0.0000e+00
7.1900 0.00000000 0.0000e+00
7.1950 0.00000000 0.0000e+00
7.2000 0.00000000 0.0000e+00
7.2050 0.00000000 0.0000e+00
7.2100 0.00000000 0.0000e+00
7.2150 0.00000000 0.0000e+00
7.2200 0.00000000 0.0000e+00
7.2250 0.00000000 0.0000e+00
7.2300 0.00000000 0.0000e+00
7.2350 0.00000000 0.0000e+00
7.2400 0.00000000 0.0000e+00
7.2450 0.00000000 0.0000e+00
7.2500 0.00000000 0.0000e+00
7.2550 0.00000000 0.0000e+00
7.2600 0.00000000 0.0000e+00
7.2650 0.00000000 0.0000e+00
7.2700 0.00000000 0.0000e+00
7.2750 0.00000000 0.0000e+00
7.2800 0.00000000 0.0000e+00
7.2850 0.00000000 0.0000e+00
7.2900 0.00000000 0.0000e+00
7.2950 0.00000000 0.0000e+00
7.3000 0.00000000 0.0000e+00
7.3050 0.00000000 0.0000e+00
7.3100 0.00000000 0.0000e+00
7.3150 0.00000000 0.0000e+00
7.3200 0.00000000 0.0000e+00
7.3250 0.00000000 0.0000e+00
7.3300 0.00000000 0.0000e+00
7.3350 0.00000000 0.0000e+00
7.3400 0.00000000 0.0000e+00
7.3450 0.00000000 0.0000e+00
7.3500 0.00000000 0.0000e+00
7.3550 0.00000000 0.0000e+00
7.3600 0.00000000 0.0000e+00
7.3650 0.00000000 0.0000e+00
7.3700 0.00000000 0.0000e+00
7.3750 0.00000000 0.0000e+00
7.3800 0.00000000 0.0000e+00
7.3850 0.00000000 0.0000e+00
7.3900 0.00000000 0.0000e+00
7.3950 0.00000000 0.0000e+00
7.4000 0.00000000 0.0000e+00
7.4050 0.00000000 0.0000e+00
7.4100 0.00000000 0.0000e+00
7.4150 0.00000000 0.0000e+00
7.4200 0.00000000 0.0000e+00
7.4250 0.00000000 0.0000e+00
7.4300 0.00000000 0.0000e+00
7.4350 0.00000000 0.0000e+00
7.4400 0.00000000 0.0000e+00
7.4450 0.00000000 0.0000e+00
7.4500 0.00000000 0.0000e+00
7.4550 0.00000000 0.0000e+00
7.4600 0.00000000 0.0000e+00
7.4650 0.00000000 0.0000e+00
7.4700 0.00000000 0.0000e+00
7.4750 0.00000000 0.0000e+00
7.4800 0.00000000 0.0000e+00
7.4850 0.00000000 0.0000e+00
7.4900 0.00000000 0.0000e+00
7.4950 0.00000000 0.0000e+00
7.5000 0.00000000 0.0000e+00
7.5050 0.00000000 0.0000e+00
7.5100 0.00000000 0.0000e+00
7.5150 0.00000000 0.0000e+00
7.5200 0.00000000 0.0000e+00
7.5250 0.00000000 0.0000e+00
7.5300 0.00000000 0.0000e+00
7.5350 0.00000000 0.0000e+00
7.5400 0.00000000 0.0000e+00
7.5450 0.00000000 0.0000e+00
7.5500 0.00000000 0.0000e+00
7.5550 0.00000000 0.0000e+00
7.5600 0.00000000 0.0000e+00
7.5650 0.00000000 0.0000e+00
7.5700 0.00000000 0.0000e+00
7.5750 0.00000000 0.0000e+00
7.5800 0.00000000 0.0000e+00
7.5850 0.00000000 0.0000e+00
7.5900 0.00000000 0.0000e+00
7.5950 0.00000000 0.0000e+00
7.6000 0.00000000 0.0000e+00
7.6050 0.00000000 0.0000e+00
7.6100 0.00000000 0.0000e+00
7.6150 0.00000000 0.0000e+00
7.6200 0.00000000 0.0000e+00
7.6250 0.00000000 0.0000e+00
7.6300 0.00000000 0.0000e+00
7.6350 0.00000000 0.0000e+00
7.6400 0.00000000 0.0000e+00
7.6450 0.00000000 0.0000e+00
7.6500 0.00000000 0.0000e+00
7.6550 0.00000000 0.0000e+00
7.6600 0.00000000 0.0000e+00
7.6650 0.00000000 0.0000e+00
7.6700 0.00000000 0.0000e+00
7.6750 0.00000000 0.0000e+00
7.6800 0.00000000 0.0000e+00
7.6850 0.00000000 0.0000e+00
7.6900 0.00000000 0.0000e+00
7.6950 0.00000000 0.0000e+00
7.7000 0.00000000 0.0000e+00
7.7050 0.00000000 0.0000e+00
7.7100 0.00000000 0.0000e+00
7.7150 0.00000000 0.0000e+00
7.7200 0.00000000 0.0000e+00
7.7250 0.00000000 0.0000e+00
7.7300 0.00000000 0.0000e+00
7.7350 0.00000000 0.0000e+00
7.7400 0.00000000 0.0000e+00
7.7450 0.00000000 0.0000e+00
7.7500 0.00000000 0.0000e+00
7.7550 0.00000000 0.0000e+00
7.7600 0.00000000 0.0000e+00
7.7650 0.00000000 0.0000e+00
7.7700 0.00000000 0.0000e+00
7.7750 0.00000000 0.0000e+00
7.7800 0.00000000 0.0000e+00
7.7850 0.00000000 0.0000e+00
7.7900 0.00000000 0.0000e+00
7.7950 0.00000000 0.0000e+00
7.8000 0.00000000 0.0000e+00
7.8050 0.00000000 0.0000e+00
7.8100 0.00000000 0.0000e+00
7.8150 0.00000000 0.0000e+00
7.8200 0.00000000 0.0000e+00
7.8250 0.00000000 0.0000e+00
7.8300 0.00000000 0.0000e+00
7.8350 0.00000000 0.0000e+00
7.8400 0.00000000 0.0000e+00
7.8450 0.00000000 0.0000e+00
7.8500 0.00000000 0.0000e+00
7.8550 0.00000000 0.0000e+00
7.8600 0.00000000 0.0000e+00
7.8650 0.00000000 0.0000e+00
7.8700 0.00000000 0.0000e+00
7.8750 0.00000000 0.0000e+00
7.8800 0.00000000 0.0000e+00
7.8850 0.00000000 0.0000e+00
7.8900 0.00000000 0.0000e+00
7.8950 0.00000000 0.0000e+00
7.9000 0.00000000 0.0000e+00
7.9050 0.00000000 0.0000e+00
7.9100 0.00000000 0.0000e+00
7.9150 0.00000000 0.0000e+00
7.9200 0.00000000 0.0000e+00
7.9250 0.00000000 0.0000e+00
7.9300 0.00000000 0.0000e+00
7.9350 0.00000000 0.0000e+00
7.9400 0.00000000 0.0000e+00
7.9450 0.00000000 0.0000e+00
7.9500 0.00000000 0.0000e+00
7.9550 0.00000000 0.0000e+00
7.9600 0.00000000 0.0000e+00
7.9650 0.00000000 0.0000e+00
7.9700 0.00000000 0.0000e+00
7.9750 0.00000000 0.0000e+00
7.9800 0.00000000 0.0000e+00
7.9850 0.00000000 0.0000e+00
7.9900 0.00000000 0.0000e+00
7.9950 0.00000000 0.0000e+00
8.0000 0.00000000 0.0000e+00
