0.0050 0.00000000 0.0000e+00
0.0100 0.00000000 0.0000e+00
0.0150 0.00000000 0.0000e+00
0.0200 0.00000000 0.0000e+00
0.0250 0.00000000 0.0000e+00
0.0300 0.00000000 0.0000e+00
0.0350 0.00000000 0.0000e+00
0.0400 0.00000000 0.0000e+00
0.0450 0.00000000 0.0000e+00
0.0500 0.00000000 0.0000e+00
0.0550 0.00000000 0.0000e+00
0.0600 0.00000000 0.0000e+00
0.0650 0.00000000 0.0000e+00
0.0700 0.00000000 0.0000e+00
0.0750 0.00000000 0.0000e+00
0.0800 0.00000000 0.0000e+00
0.0850 0.00000000 0.0000e+00
0.0900 0.00000000 0.0000e+00
0.0950 0.00000000 0.0000e+00
0.1000 0.00000000 0.0000e+00
0.1050 0.00000000 0.0000e+00
0.1100 0.00000000 0.0000e+00
0.1150 0.00000000 0.0000e+00
0.1200 0.00000000 0.0000e+00
0.1250 0.00000000 0.0000e+00
0.1300 0.00000000 0.0000e+00
0.1350 0.00000000 0.0000e+00
0.1400 0.00000000 0.0000e+00
0.1450 0.00000000 0.0000e+00
0.1500 0.00000000 0.0000e+00
0.1550 0.00000000 0.0000e+00
0.1600 0.00000000 0.0000e+00
0.1650 0.00000000 0.0000e+00
0.1700 0.00000000 0.0000e+00
0.1750 0.00000000 0.0000e+00
0.1800 0.00000000 0.0000e+00
0.1850 0.00000000 0.0000e+00
0.1900 0.00000000 0.0000e+00
0.1950 0.00000000 0.0000e+00
0.2000 0.00000000 0.0000e+00
0.2050 0.00000000 0.0000e+00
0.2100 0.00000000 0.0000e+00
0.2150 0.00000000 0.0000e+00
0.2200 0.00000000 0.0000e+00
0.2250 0.00000000 0.0000e+00
0.2300 0.00000000 0.0000e+00
0.2350 0.00000000 0.0000e+00
0.2400 0.00000000 0.0000e+00
0.2450 0.00000000 0.0000e+00
0.2500 0.00000000 0.0000e+00
0.2550 0.00000000 0.0000e+00
0.2600 0.00000000 0.0000e+00
0.2650 0.00000000 0.0000e+00
0.2700 0.00000000 0.0000e+00
0.2750 0.00000000 0.0000e+00
0.2800 0.00000000 0.0000e+00
0.2850 0.00000000 0.0000e+00
0.2900 0.00000000 0.0000e+00
0.2950 0.00000000 0.0000e+00
0.3000 0.00000000 0.0000e+00
0.3050 0.00000000 0.0000e+00
0.3100 0.00000000 0.0000e+00
0.3150 0.00000000 0.0000e+00
0.3200 0.00000000 0.0000e+00
0.3250 0.00000000 0.0000e+00
0.3300 0.00000000 0.0000e+00
0.3350 0.00000000 0.0000e+00
0.3400 0.00000000 0.0000e+00
0.3450 0.00000000 0.0000e+00
0.3500 0.00000000 0.0000e+00
0.3550 0.00000000 0.0000e+00
0.3600 0.00000000 0.0000e+00
0.3650 0.00000000 0.0000e+00
0.3700 0.00000000 0.0000e+00
0.3750 0.00000000 0.0000e+00
0.3800 0.00000000 0.0000e+00
0.3850 0.00000000 0.0000e+00
0.3900 0.00000000 0.0000e+00
0.3950 0.00000000 0.0000e+00
0.4000 0.00000000 0.0000e+00
0.4050 0.00000000 0.0000e+00
0.4100 0.00000000 0.0000e+00
0.4150 0.00000000 0.0000e+00
0.4200 0.00000000 0.0000e+00
0.4250 0.00000000 0.0000e+00
0.4300 0.00000000 0.0000e+00
0.4350 0.00000000 0.0000e+00
0.4400 0.00000000 0.0000e+00
0.4450 0.00000000 0.0000e+00
0.4500 0.00000000 0.0000e+00
0.4550 0.00000000 0.0000e+00
0.4600 0.00000000 0.0000e+00
0.4650 0.00000000 0.0000e+00
0.4700 0.00000000 0.0000e+00
0.4750 0.00000000 0.0000e+00
0.4800 0.00000000 0.0000e+00
0.4850 0.00000000 0.0000e+00
0.4900 0.00000000 0.0000e+00
0.4950 0.00000000 0.0000e+00
0.5000 0.00000000 0.0000e+00
0.5050 0.00000000 0.0000e+00
0.5100 0.00000000 0.0000e+00
0.5150 0.00000000 0.0000e+00
0.5200 0.00000000 0.0000e+00
0.5250 0.00000000 0.0000e+00
0.5300 0.00000000 0.0000e+00
0.5350 0.00000000 0.0000e+00
0.5400 0.00000000 0.0000e+00
0.5450 0.00000000 0.0000e+00
0.5500 0.00000000 0.0000e+00
0.5550 0.00000000 0.0000e+00
0.5600 0.00000000 0.0000e+00
0.5650 0.00000000 0.0000e+00
0.5700 0.00000000 0.0000e+00
0.5750 0.00000000 0.0000e+00
0.5800 0.00000000 0.0000e+00
0.5850 0.00000000 0.0000e+00
0.5900 0.00000000 0.0000e+00
0.5950 0.00000000 0.0000e+00
0.6000 0.00000000 0.0000e+00
0.6050 0.00000000 0.0000e+00
0.6100 0.00000000 0.0000e+00
0.6150 0.00000000 0.0000e+00
0.6200 0.00000000 0.0000e+00
0.6250 0.00000000 0.0000e+00
0.6300 0.00000000 0.0000e+00
0.6350 0.00000000 0.0000e+00
0.6400 0.00000000 0.0000e+00
0.6450 0.00000000 0.0000e+00
0.6500 0.00000000 0.0000e+00
0.6550 0.00000000 0.0000e+00
0.6600 0.00000000 0.0000e+00
0.6650 0.00000000 0.0000e+00
0.6700 0.00000000 0.0000e+00
0.6750 0.00000000 0.0000e+00
0.6800 0.00000000 0.0000e+00
0.6850 0.00000000 0.0000e+00
0.6900 0.00000000 0.0000e+00
0.6950 0.00000000 0.0000e+00
0.7000 0.00000000 0.0000e+00
0.7050 0.00000000 0.0000e+00
0.7100 0.00000000 0.0000e+00
0.7150 0.00000000 0.0000e+00
0.7200 0.00000000 0.0000e+00
0.7250 0.00000000 0.0000e+00
0.7300 0.00000000 0.0000e+00
0.7350 0.00000000 0.0000e+00
0.7400 0.00000000 0.0000e+00
0.7450 0.00000000 0.0000e+00
0.7500 0.00000000 0.0000e+00
0.7550 0.00000000 0.0000e+00
0.7600 0.00000000 0.0000e+00
0.7650 0.00000000 0.0000e+00
0.7700 0.00000000 0.0000e+00
0.7750 0.00000000 0.0000e+00
0.7800 0.00000000 0.0000e+00
0.7850 0.00000000 0.0000e+00
0.7900 0.00000000 0.0000e+00
0.7950 0.00000000 0.0000e+00
0.8000 0.00000000 0.0000e+00
0.8050 0.00000000 0.0000e+00
0.8100 0.00000000 0.0000e+00
0.8150 0.00000000 0.0000e+00
0.8200 0.00000000 0.0000e+00
0.8250 0.00000000 0.0000e+00
0.8300 0.00000000 0.0000e+00
0.8350 0.00000000 0.0000e+00
0.8400 0.00000000 0.0000e+00
0.8450 0.00000000 0.0000e+00
0.8500 0.00000000 0.0000e+00
0.8550 0.00000000 0.0000e+00
0.8600 0.00000000 0.0000e+00
0.8650 0.00000000 0.0000e+00
0.8700 0.00000000 0.0000e+00
0.8750 0.00000000 0.0000e+00
0.8800 0.00000000 0.0000e+00
0.8850 0.00000000 0.0000e+00
0.8900 0.00000000 0.0000e+00
0.8950 0.00000000 0.0000e+00
0.9000 0.00000000 0.0000e+00
0.9050 0.00000000 0.0000e+00
0.9100 0.00000000 0.0000e+00
0.9150 0.00000000 0.0000e+00
0.9200 0.00000000 0.0000e+00
0.9250 0.00000000 0.0000e+00
0.9300 0.00000000 0.0000e+00
0.9350 0.00000000 0.0000e+00
0.9400 0.00000000 0.0000e+00
0.9450 0.00000000 0.0000e+00
0.9500 0.00000000 0.0000e+00
0.9550 0.00000000 0.0000e+00
0.9600 0.00000000 0.0000e+00
0.9650 0.00000000 0.0000e+00
0.9700 0.00000000 0.0000e+00
0.9750 0.00000000 0.0000e+00
0.9800 0.00000000 0.0000e+00
0.9850 0.00000000 0.0000e+00
0.9900 0.00000000 0.0000e+00
0.9950 0.00000000 0.0000e+00
1.0000 0.00000000 0.0000e+00
1.0050 0.00000000 0.0000e+00
1.0100 0.00000000 0.0000e+00
1.0150 0.00000000 0.0000e+00
1.0200 0.00000000 0.0000e+00
1.0250 0.00000000 0.0000e+00
1.0300 0.00000000 0.0000e+00
1.0350 0.00000000 0.0000e+00
1.0400 0.00000000 0.0000e+00
1.0450 0.00000000 0.0000e+00
1.0500 0.00000000 0.0000e+00
1.0550 0.00000000 0.0000e+00
1.0600 0.00000000 0.0000e+00
1.0650 0.00000000 0.0000e+00
1.0700 0.00000000 0.0000e+00
1.0750 0.00000000 0.0000e+00
1.0800 0.00000000 0.0000e+00
1.0850 0.00000000 0.0000e+00
1.0900 0.00000000 0.0000e+00
1.0950 0.00000000 0.0000e+00
1.1000 0.00000000 0.0000e+00
1.1050 0.00000000 0.0000e+00
1.1100 0.00000000 0.0000e+00
1.1150 0.00000000 0.0000e+00
1.1200 0.00000000 0.0000e+00
1.1250 0.00000000 0.0000e+00
1.1300 0.00000000 0.0000e+00
1.1350 0.00000000 0.0000e+00
1.1400 0.00000000 0.0000e+00
1.1450 0.00000000 0.0000e+00
1.1500 0.00000000 0.0000e+00
1.1550 0.00000000 0.0000e+00
1.1600 0.00000000 0.0000e+00
1.1650 0.00000000 0.0000e+00
1.1700 0.00000000 0.0000e+00
1.1750 0.00000000 0.0000e+00
1.1800 0.00000000 0.0000e+00
1.1850 0.00000000 0.0000e+00
1.1900 0.00000000 0.0000e+00
1.1950 0.00000000 0.0000e+00
1.2000 0.00000000 0.0000e+00
1.2050 0.00000000 0.0000e+00
1.2100 0.00000000 0.0000e+00
1.2150 0.00000000 0.0000e+00
1.2200 0.00000000 0.0000e+00
1.2250 0.00000000 0.0000e+00
1.2300 0.00000000 0.0000e+00
1.2350 0.00000000 0.0000e+00
1.2400 0.00000000 0.0000e+00
1.2450 0.00000000 0.0000e+00
1.2500 0.00000000 0.0000e+00
1.2550 0.00000000 0.0000e+00
1.2600 0.00000000 0.0000e+00
1.2650 0.00000000 0.0000e+00
1.2700 0.00000000 0.0000e+00
1.2750 0.00000000 0.0000e+00
1.2800 0.00000000 0.0000e+00
1.2850 0.00000000 0.0000e+00
1.2900 0.00000000 0.0000e+00
1.2950 0.00000000 0.0000e+00
1.3000 0.00000000 0.0000e+00
1.3050 0.00000000 0.0000e+00
1.3100 0.00000000 0.0000e+00
1.3150 0.00000000 0.0000e+00
1.3200 0.00000000 0.0000e+00
1.3250 0.00000000 0.0000e+00
1.3300 0.00000000 0.0000e+00
1.3350 0.00000000 0.0000e+00
1.3400 0.00000000 0.0000e+00
1.3450 0.00000000 0.0000e+00
1.3500 0.00000000 0.0000e+00
1.3550 0.00000000 0.0000e+00
1.3600 0.00000000 0.0000e+00
1.3650 0.00000000 0.0000e+00
1.3700 0.00000000 0.0000e+00
1.3750 0.00000000 0.0000e+00
1.3800 0.00000000 0.0000e+00
1.3850 0.00000000 0.0000e+00
1.3900 0.00000000 0.0000e+00
1.3950 0.00000000 0.0000e+00
1.4000 0.00000000 0.0000e+00
1.4050 0.00000000 0.0000e+00
1.4100 0.00000000 0.0000e+00
1.4150 0.00000000 0.0000e+00
1.4200 0.00000000 0.0000e+00
1.4250 0.00000000 0.0000e+00
1.4300 0.00000000 0.0000e+00
1.4350 0.00000000 0.0000e+00
1.4400 0.00000000 0.0000e+00
1.4450 0.00000000 0.0000e+00
1.4500 0.00000000 0.0000e+00
1.4550 0.00000000 0.0000e+00
1.4600 0.00000000 0.0000e+00
1.4650 0.00000000 0.0000e+00
1.4700 0.00000000 0.0000e+00
1.4750 0.00000000 0.0000e+00
1.4800 0.00000000 0.0000e+00
1.4850 0.00000000 0.0000e+00
1.4900 0.00000000 0.0000e+00
1.4950 0.00000000 0.0000e+00
1.5000 0.00000000 0.0000e+00
1.5050 0.00000000 0.0000e+00
1.5100 0.00000000 0.0000e+00
1.5150 0.00000000 0.0000e+00
1.5200 0.00000000 0.0000e+00
1.5250 0.00000000 0.0000e+00
1.5300 0.00000000 0.0000e+00
1.5350 0.00000000 0.0000e+00
1.5400 0.00000000 0.0000e+00
1.5450 0.00000000 0.0000e+00
1.5500 0.00000000 0.0000e+00
1.5550 0.00000000 0.0000e+00
1.5600 0.00000000 0.0000e+00
1.5650 0.00000000 0.0000e+00
1.5700 0.00000000 0.0000e+00
1.5750 0.00000000 0.0000e+00
1.5800 0.00000000 0.0000e+00
1.5850 0.00000000 0.0000e+00
1.5900 0.00000000 0.0000e+00
1.5950 0.00000000 0.0000e+00
1.6000 0.00000000 0.0000e+00
1.6050 0.00000000 0.0000e+00
1.6100 0.00000000 0.0000e+00
1.6150 0.00000000 0.0000e+00
1.6200 0.00000000 0.0000e+00
1.6250 0.00000000 0.0000e+00
1.6300 0.00000000 0.0000e+00
1.6350 0.00000000 0.0000e+00
1.6400 0.00000000 0.0000e+00
1.6450 0.00000000 0.0000e+00
1.6500 0.00000000 0.0000e+00
1.6550 0.00000000 0.0000e+00
1.6600 0.00000000 0.0000e+00
1.6650 0.00000000 0.0000e+00
1.6700 0.00000000 0.0000e+00
1.6750 0.00000000 0.0000e+00
1.6800 0.00000000 0.0000e+00
1.6850 0.00000000 0.0000e+00
1.6900 0.00000000 0.0000e+00
1.6950 0.00000000 0.0000e+00
1.7000 0.00000000 0.0000e+00
1.7050 0.00000000 0.0000e+00
1.7100 0.00000000 0.0000e+00
1.7150 0.00000000 0.0000e+00
1.7200 0.00000000 0.0000e+00
1.7250 0.00000000 0.0000e+00
1.7300 0.00000000 0.0000e+00
1.7350 0.00000000 0.0000e+00
1.7400 0.00000000 0.0000e+00
1.7450 0.00000000 0.0000e+00
1.7500 0.00000000 0.0000e+00
1.7550 0.00000000 0.0000e+00
1.7600 0.00000000 0.0000e+00
1.7650 0.00000000 0.0000e+00
1.7700 0.00000000 0.0000e+00
1.7750 0.00000000 0.0000e+00
1.7800 0.00000000 0.0000e+00
1.7850 0.00000000 0.0000e+00
1.7900 0.00000000 0.0000e+00
1.7950 0.00000000 0.0000e+00
1.8000 0.00000000 0.0000e+00
1.8050 0.00000000 0.0000e+00
1.8100 0.00000000 0.0000e+00
1.8150 0.00000000 0.0000e+00
1.8200 0.00000000 0.0000e+00
1.8250 0.00000000 0.0000e+00
1.8300 0.00000000 0.0000e+00
1.8350 0.00000000 0.0000e+00
1.8400 0.00000000 0.0000e+00
1.8450 0.00000000 0.0000e+00
1.8500 0.00000000 0.0000e+00
1.8550 0.00000000 0.0000e+00
1.8600 0.00000000 0.0000e+00
1.8650 0.00000000 0.0000e+00
1.8700 0.00000000 0.0000e+00
1.8750 0.00000000 0.0000e+00
1.8800 0.00000000 0.0000e+00
1.8850 0.00000000 0.0000e+00
1.8900 0.00000000 0.0000e+00
1.8950 0.00000000 0.0000e+00
1.9000 0.00000000 0.0000e+00
1.9050 0.00000000 0.0000e+00
1.9100 0.00000000 0.0000e+00
1.9150 0.00000000 0.0000e+00
1.9200 0.00000000 0.0000e+00
1.9250 0.00000000 0.0000e+00
1.9300 0.00000000 0.0000e+00
1.9350 0.00000000 0.0000e+00
1.9400 0.00000000 0.0000e+00
1.9450 0.00000000 0.0000e+00
1.9500 0.00000000 0.0000e+00
1.9550 0.00000000 0.0000e+00
1.9600 0.00000000 0.0000e+00
1.9650 0.00000000 0.0000e+00
1.9700 0.00000000 0.0000e+00
1.9750 0.00000000 0.0000e+00
1.9800 0.00000000 0.0000e+00
1.9850 0.00000000 0.0000e+00
1.9900 0.00000000 0.0000e+00
1.9950 0.00000000 0.0000e+00
2.0000 0.00000000 0.0000e+00
2.0050 0.00000000 0.0000e+00
2.0100 0.00000000 0.0000e+00
2.0150 0.00000000 0.0000e+00
2.0200 0.00000000 0.0000e+00
2.0250 0.00000000 0.0000e+00
2.0300 0.00000000 0.0000e+00
2.0350 0.00000000 0.0000e+00
2.0400 0.00000000 0.0000e+00
2.0450 0.00000000 0.0000e+00
2.0500 0.00000000 0.0000e+00
2.0550 0.00000000 0.0000e+00
2.0600 0.00000000 0.0000e+00
2.0650 0.00000000 0.0000e+00
2.0700 0.00000000 0.0000e+00
2.0750 0.00000000 0.0000e+00
2.0800 0.00000000 0.0000e+00
2.0850 0.00000000 0.0000e+00
2.0900 0.00000000 0.0000e+00
2.0950 0.00000000 0.0000e+00
2.1000 0.00000000 0.0000e+00
2.1050 0.00000000 0.0000e+00
2.1100 0.00000000 0.0000e+00
2.1150 0.00354729 1.3296e+10
2.1200 0.00371601 1.3928e+10
2.1250 0.00388473 1.4561e+10
2.1300 0.00405344 1.5193e+10
2.1350 0.00422216 1.5825e+10
2.1400 0.00439088 1.6458e+10
2.1450 0.00455959 1.7090e+10
2.1500 0.00472831 1.7723e+10
2.1550 0.00489703 1.8355e+10
2.1600 0.00506575 1.8987e+10
2.1650 0.00523446 1.9620e+10
2.1700 0.00540318 2.0252e+10
2.1750 0.00557190 2.0884e+10
2.1800 0.00574061 2.1517e+10
2.1850 0.00590933 2.2149e+10
2.1900 0.00607805 2.2782e+10
2.1950 0.00624676 2.3414e+10
2.2000 0.00641548 2.4046e+10
2.2050 0.00658420 2.4679e+10
2.2100 0.00675291 2.5311e+10
2.2150 0.00692163 2.5943e+10
2.2200 0.00709035 2.6576e+10
2.2250 0.00725907 2.7208e+10
2.2300 0.00742778 2.7841e+10
2.2350 0.00759650 2.8473e+10
2.2400 0.00776522 2.9105e+10
2.2450 0.00793393 2.9738e+10
2.2500 0.00810265 3.0370e+10
2.2550 0.00827137 3.1002e+10
2.2600 0.00844008 3.1635e+10
2.2650 0.00860880 3.2267e+10
2.2700 0.00877752 3.2900e+10
2.2750 0.00894624 3.3532e+10
2.2800 0.00911495 3.4164e+10
2.2850 0.00928367 3.4797e+10
2.2900 0.00945239 3.5429e+10
2.2950 0.00962110 3.6062e+10
2.3000 0.00978982 3.6694e+10
2.3050 0.00995854 3.7326e+10
2.3100 0.01012725 3.7959e+10
2.3150 0.01029597 3.8591e+10
2.3200 0.01046469 3.9223e+10
2.3250 0.01063340 3.9856e+10
2.3300 0.01080212 4.0488e+10
2.3350 0.01097084 4.1121e+10
2.3400 0.01113956 4.1753e+10
2.3450 0.01130827 4.2385e+10
2.3500 0.01147699 4.3018e+10
2.3550 0.01164571 4.3650e+10
2.3600 0.01181442 4.4282e+10
2.3650 0.01198314 4.4915e+10
2.3700 0.01215186 4.5547e+10
2.3750 0.01232057 4.6180e+10
2.3800 0.01248929 4.6812e+10
2.3850 0.01265801 4.7444e+10
2.3900 0.01282673 4.8077e+10
2.3950 0.01299544 4.8709e+10
2.4000 0.01316416 4.9341e+10
2.4050 0.01333288 4.9974e+10
2.4100 0.01350159 5.0606e+10
2.4150 0.01367186 5.1244e+10
2.4200 0.01413069 5.2964e+10
2.4250 0.01458952 5.4684e+10
2.4300 0.01504836 5.6404e+10
2.4350 0.01550719 5.8124e+10
2.4400 0.01596602 5.9843e+10
2.4450 0.01642486 6.1563e+10
2.4500 0.01688369 6.3283e+10
2.4550 0.01734252 6.5003e+10
2.4600 0.01780136 6.6722e+10
2.4650 0.01826019 6.8442e+10
2.4700 0.01871902 7.0162e+10
2.4750 0.01917786 7.1882e+10
2.4800 0.01963669 7.3602e+10
2.4850 0.02009552 7.5321e+10
2.4900 0.02055436 7.7041e+10
2.4950 0.02101319 7.8761e+10
2.5000 0.02147202 8.0481e+10
2.5050 0.02193086 8.2201e+10
2.5100 0.02238969 8.3920e+10
2.5150 0.02284853 8.5640e+10
2.5200 0.02330736 8.7360e+10
2.5250 0.02376619 8.9080e+10
2.5300 0.02422503 9.0799e+10
2.5350 0.02468386 9.2519e+10
2.5400 0.02514269 9.4239e+10
2.5450 0.02560153 9.5959e+10
2.5500 0.02606036 9.7679e+10
2.5550 0.02651919 9.9398e+10
2.5600 0.02697803 1.0112e+11
2.5650 0.02743686 1.0284e+11
2.5700 0.02789569 1.0456e+11
2.5750 0.02835453 1.0628e+11
2.5800 0.02881336 1.0800e+11
2.5850 0.02927219 1.0972e+11
2.5900 0.02973103 1.1144e+11
2.5950 0.03050807 1.1435e+11
2.6000 0.03137119 1.1758e+11
2.6050 0.03223432 1.2082e+11
2.6100 0.03309744 1.2405e+11
2.6150 0.03396057 1.2729e+11
2.6200 0.03482369 1.3053e+11
2.6250 0.03568682 1.3376e+11
2.6300 0.03654994 1.3700e+11
2.6350 0.03741307 1.4023e+11
2.6400 0.03827619 1.4347e+11
2.6450 0.03913932 1.4670e+11
2.6500 0.04000244 1.4994e+11
2.6550 0.04086557 1.5317e+11
2.6600 0.04172869 1.5641e+11
2.6650 0.04259182 1.5964e+11
2.6700 0.04345494 1.6288e+11
2.6750 0.04431807 1.6611e+11
2.6800 0.04518119 1.6935e+11
2.6850 0.04604432 1.7258e+11
2.6900 0.04690744 1.7582e+11
2.6950 0.04777057 1.7905e+11
2.7000 0.04863369 1.8229e+11
2.7050 0.04949682 1.8552e+11
2.7100 0.05035994 1.8876e+11
2.7150 0.05122307 1.9199e+11
2.7200 0.05248636 1.9673e+11
2.7250 0.05385012 2.0184e+11
2.7300 0.05521387 2.0695e+11
2.7350 0.05657763 2.1206e+11
2.7400 0.05794139 2.1717e+11
2.7450 0.05930514 2.2229e+11
2.7500 0.06066890 2.2740e+11
2.7550 0.06203265 2.3251e+11
2.7600 0.06339641 2.3762e+11
2.7650 0.06476017 2.4273e+11
2.7700 0.06612392 2.4784e+11
2.7750 0.06748768 2.5296e+11
2.7800 0.06885144 2.5807e+11
2.7850 0.07021519 2.6318e+11
2.7900 0.07157895 2.6829e+11
2.7950 0.07294270 2.7340e+11
2.8000 0.07430646 2.7851e+11
2.8050 0.07567022 2.8362e+11
2.8100 0.07703397 2.8874e+11
2.8150 0.07863467 2.9474e+11
2.8200 0.08056619 3.0198e+11
2.8250 0.08249771 3.0922e+11
2.8300 0.08442923 3.1645e+11
2.8350 0.08636075 3.2369e+11
2.8400 0.08829227 3.3093e+11
2.8450 0.09022379 3.3817e+11
2.8500 0.09215531 3.4541e+11
2.8550 0.09408682 3.5265e+11
2.8600 0.09601834 3.5989e+11
2.8650 0.09794986 3.6713e+11
2.8700 0.09988138 3.7437e+11
2.8750 0.10181290 3.8161e+11
2.8800 0.10374442 3.8885e+11
2.8850 0.10567594 3.9609e+11
2.8900 0.10760746 4.0333e+11
2.8950 0.10991824 4.1199e+11
2.9000 0.11250246 4.2168e+11
2.9050 0.11508667 4.3136e+11
2.9100 0.11767088 4.4105e+11
2.9150 0.12025510 4.5074e+11
2.9200 0.12283931 4.6042e+11
2.9250 0.12542352 4.7011e+11
2.9300 0.12800774 4.7979e+11
2.9350 0.13059195 4.8948e+11
2.9400 0.13317616 4.9917e+11
2.9450 0.13576038 5.0885e+11
2.9500 0.13834459 5.1854e+11
2.9550 0.14092880 5.2822e+11
2.9600 0.14363872 5.3838e+11
2.9650 0.14687859 5.5053e+11
2.9700 0.15011846 5.6267e+11
2.9750 0.15335833 5.7481e+11
2.9800 0.15659820 5.8696e+11
2.9850 0.15983807 5.9910e+11
2.9900 0.16307794 6.1124e+11
2.9950 0.16631780 6.2339e+11
3.0000 0.16955767 6.3553e+11
3.0050 0.17279754 6.4767e+11
3.0100 0.17603741 6.5982e+11
3.0150 0.17927728 6.7196e+11
3.0200 0.18293470 6.8567e+11
3.0250 0.18687831 7.0045e+11
3.0300 0.19082192 7.1523e+11
3.0350 0.19476553 7.3001e+11
3.0400 0.19870914 7.4480e+11
3.0450 0.20265274 7.5958e+11
3.0500 0.20659635 7.7436e+11
3.0550 0.21053996 7.8914e+11
3.0600 0.21448357 8.0392e+11
3.0650 0.21842718 8.1870e+11
3.0700 0.22261993 8.3442e+11
3.0750 0.22725020 8.5177e+11
3.0800 0.23188047 8.6913e+11
3.0850 0.23651075 8.8648e+11
3.0900 0.24114102 9.0384e+11
3.0950 0.24577129 9.2119e+11
3.1000 0.25040156 9.3855e+11
3.1050 0.25503183 9.5590e+11
3.1100 0.25966211 9.7326e+11
3.1150 0.26446020 9.9124e+11
3.1200 0.26988459 1.0116e+12
3.1250 0.27530898 1.0319e+12
3.1300 0.28073337 1.0522e+12
3.1350 0.28615776 1.0726e+12
3.1400 0.29158215 1.0929e+12
3.1450 0.29700654 1.1132e+12
3.1500 0.30243093 1.1336e+12
3.1550 0.30785532 1.1539e+12
3.1600 0.31384119 1.1763e+12
3.1650 0.31986752 1.1989e+12
3.1700 0.32589384 1.2215e+12
3.1750 0.33192017 1.2441e+12
3.1800 0.33794649 1.2667e+12
3.1850 0.34397281 1.2893e+12
3.1900 0.34999914 1.3119e+12
3.1950 0.35624934 1.3353e+12
3.2000 0.36287254 1.3601e+12
3.2050 0.36949574 1.3849e+12
3.2100 0.37611894 1.4098e+12
3.2150 0.38274214 1.4346e+12
3.2200 0.38936534 1.4594e+12
3.2250 0.39598854 1.4842e+12
3.2300 0.40290964 1.5102e+12
3.2350 0.41023767 1.5376e+12
3.2400 0.41756569 1.5651e+12
3.2450 0.42489372 1.5926e+12
3.2500 0.43222175 1.6200e+12
3.2550 0.43954977 1.6475e+12
3.2600 0.44687780 1.6750e+12
3.2650 0.45482282 1.7048e+12
3.2700 0.46277678 1.7346e+12
3.2750 0.47073074 1.7644e+12
3.2800 0.47868470 1.7942e+12
3.2850 0.48663866 1.8240e+12
3.2900 0.49459262 1.8538e+12
3.2950 0.50305907 1.8856e+12
3.3000 0.51152909 1.9173e+12
3.3050 0.51999912 1.9490e+12
3.3100 0.52846914 1.9808e+12
3.3150 0.53693916 2.0125e+12
3.3200 0.54564778 2.0452e+12
3.3250 0.55473380 2.0792e+12
3.3300 0.56381981 2.1133e+12
3.3350 0.57290583 2.1473e+12
3.3400 0.58199185 2.1814e+12
3.3450 0.59109295 2.2155e+12
3.3500 0.60030306 2.2500e+12
3.3550 0.60951316 2.2846e+12
3.3600 0.61872326 2.3191e+12
3.3650 0.62793337 2.3536e+12
3.3700 0.63725121 2.3885e+12
3.3750 0.64714827 2.4256e+12
3.3800 0.65704534 2.4627e+12
3.3850 0.66694241 2.4998e+12
3.3900 0.67683947 2.5369e+12
3.3950 0.68668977 2.5738e+12
3.4000 0.69648528 2.6105e+12
3.4050 0.70628080 2.6473e+12
3.4100 0.71607632 2.6840e+12
3.4150 0.72587588 2.7207e+12
3.4200 0.73642919 2.7603e+12
3.4250 0.74698250 2.7998e+12
3.4300 0.75753581 2.8394e+12
3.4350 0.76808912 2.8789e+12
3.4400 0.77843557 2.9177e+12
3.4450 0.78871934 2.9563e+12
3.4500 0.79900310 2.9948e+12
3.4550 0.80928687 3.0333e+12
3.4600 0.81977035 3.0726e+12
3.4650 0.83032891 3.1122e+12
3.4700 0.84088746 3.1518e+12
3.4750 0.85144602 3.1914e+12
3.4800 0.86284426 3.2341e+12
3.4850 0.87437270 3.2773e+12
3.4900 0.88590114 3.3205e+12
3.4950 0.89709777 3.3625e+12
3.5000 0.90666376 3.3983e+12
3.5050 0.91622975 3.4342e+12
3.5100 0.92579574 3.4700e+12
3.5150 0.93651836 3.5102e+12
3.5200 0.94793992 3.5530e+12
3.5250 0.95936147 3.5958e+12
3.5300 0.97060595 3.6380e+12
3.5350 0.98121019 3.6777e+12
3.5400 0.99181443 3.7175e+12
3.5450 1.00241867 3.7572e+12
3.5500 1.01234264 3.7944e+12
3.5550 1.02222208 3.8315e+12
3.5600 1.03210153 3.8685e+12
3.5650 1.04334223 3.9106e+12
3.5700 1.05496750 3.9542e+12
3.5750 1.06659277 3.9978e+12
3.5800 1.07537380 4.0307e+12
3.5850 1.08311205 4.0597e+12
3.5900 1.09085031 4.0887e+12
3.5950 1.09975448 4.1221e+12
3.6000 1.10897407 4.1566e+12
3.6050 1.11819365 4.1912e+12
3.6100 1.12841517 4.2295e+12
3.6150 1.13870180 4.2680e+12
3.6200 1.14845180 4.3046e+12
3.6250 1.15577912 4.3321e+12
3.6300 1.16310645 4.3595e+12
3.6350 1.17107917 4.3894e+12
3.6400 1.17967563 4.4216e+12
3.6450 1.18827209 4.4538e+12
3.6500 1.19586089 4.4823e+12
3.6550 1.20335673 4.5104e+12
3.6600 1.21051215 4.5372e+12
3.6650 1.21715204 4.5621e+12
3.6700 1.22379194 4.5870e+12
3.6750 1.22813692 4.6033e+12
3.6800 1.23236322 4.6191e+12
3.6850 1.23931184 4.6451e+12
3.6900 1.24830590 4.6789e+12
3.6950 1.25638159 4.7091e+12
3.7000 1.26176869 4.7293e+12
3.7050 1.26715578 4.7495e+12
3.7100 1.27339115 4.7729e+12
3.7150 1.27962787 4.7963e+12
3.7200 1.28201876 4.8052e+12
3.7250 1.28344417 4.8106e+12
3.7300 1.28507709 4.8167e+12
3.7350 1.28681953 4.8232e+12
3.7400 1.28947317 4.8332e+12
3.7450 1.29283850 4.8458e+12
3.7500 1.29510555 4.8543e+12
3.7550 1.29634915 4.8589e+12
3.7600 1.29969784 4.8715e+12
3.7650 1.30498353 4.8913e+12
3.7700 1.30655864 4.8972e+12
3.7750 1.30532113 4.8926e+12
3.7800 1.30084097 4.8758e+12
3.7850 1.29468859 4.8527e+12
3.7900 1.29469573 4.8527e+12
3.7950 1.29632289 4.8588e+12
3.8000 1.29305618 4.8466e+12
3.8050 1.29020243 4.8359e+12
3.8100 1.29023743 4.8360e+12
3.8150 1.28993281 4.8349e+12
3.8200 1.28915401 4.8320e+12
3.8250 1.28329549 4.8100e+12
3.8300 1.27531750 4.7801e+12
3.8350 1.27529488 4.7800e+12
3.8400 1.27242997 4.7693e+12
3.8450 1.26442687 4.7393e+12
3.8500 1.25702942 4.7116e+12
3.8550 1.24961656 4.6838e+12
3.8600 1.24073621 4.6505e+12
3.8650 1.23388679 4.6248e+12
3.8700 1.22843253 4.6044e+12
3.8750 1.21996192 4.5726e+12
3.8800 1.21194586 4.5426e+12
3.8850 1.20435767 4.5141e+12
3.8900 1.19718686 4.4873e+12
3.8950 1.18913326 4.4571e+12
3.9000 1.17932990 4.4203e+12
3.9050 1.16298092 4.3590e+12
3.9100 1.15250242 4.3198e+12
3.9150 1.14311066 4.2846e+12
3.9200 1.13170632 4.2418e+12
3.9250 1.12305736 4.2094e+12
3.9300 1.11314815 4.1723e+12
3.9350 1.10097709 4.1266e+12
3.9400 1.08540274 4.0683e+12
3.9450 1.07444234 4.0272e+12
3.9500 1.06524021 3.9927e+12
3.9550 1.05216655 3.9437e+12
3.9600 1.03505086 3.8795e+12
3.9650 1.02534247 3.8432e+12
3.9700 0.99854517 3.7427e+12
3.9750 0.98223613 3.6816e+12
3.9800 0.96853160 3.6302e+12
3.9850 0.95462200 3.5781e+12
3.9900 0.94307939 3.5348e+12
3.9950 0.93471376 3.5035e+12
4.0000 0.91428090 3.4269e+12
4.0050 0.89285201 3.3466e+12
4.0100 0.87306194 3.2724e+12
4.0150 0.85681544 3.2115e+12
4.0200 0.84513068 3.1677e+12
4.0250 0.82763906 3.1021e+12
4.0300 0.81367378 3.0498e+12
4.0350 0.80559644 3.0195e+12
4.0400 0.78752340 2.9518e+12
4.0450 0.77190149 2.8932e+12
4.0500 0.75470207 2.8288e+12
4.0550 0.73743569 2.7640e+12
4.0600 0.71830414 2.6923e+12
4.0650 0.69665208 2.6112e+12
4.0700 0.68302635 2.5601e+12
4.0750 0.67280999 2.5218e+12
4.0800 0.65546601 2.4568e+12
4.0850 0.63562536 2.3824e+12
4.0900 0.61880287 2.3194e+12
4.0950 0.60350923 2.2621e+12
4.1000 0.58251856 2.1834e+12
4.1050 0.57143483 2.1418e+12
4.1100 0.55194937 2.0688e+12
4.1150 0.53400666 2.0015e+12
4.1200 0.51475519 1.9294e+12
4.1250 0.50677870 1.8995e+12
4.1300 0.48443408 1.8157e+12
4.1350 0.46855575 1.7562e+12
4.1400 0.46332021 1.7366e+12
4.1450 0.43543393 1.6321e+12
4.1500 0.43035216 1.6130e+12
4.1550 0.41329119 1.5491e+12
4.1600 0.39941445 1.4971e+12
4.1650 0.38026970 1.4253e+12
4.1700 0.37307485 1.3983e+12
4.1750 0.36020006 1.3501e+12
4.1800 0.34400653 1.2894e+12
4.1850 0.33107494 1.2409e+12
4.1900 0.31973448 1.1984e+12
4.1950 0.31452117 1.1789e+12
4.2000 0.29461716 1.1043e+12
4.2050 0.28429548 1.0656e+12
4.2100 0.27444311 1.0287e+12
4.2150 0.25183354 9.4391e+11
4.2200 0.25265810 9.4701e+11
4.2250 0.23779288 8.9129e+11
4.2300 0.23158500 8.6802e+11
4.2350 0.21783975 8.1650e+11
4.2400 0.20917592 7.8403e+11
4.2450 0.19972154 7.4859e+11
4.2500 0.18867484 7.0719e+11
4.2550 0.18128916 6.7950e+11
4.2600 0.16491385 6.1812e+11
4.2650 0.16159359 6.0568e+11
4.2700 0.15604107 5.8487e+11
4.2750 0.14381120 5.3903e+11
4.2800 0.13665124 5.1219e+11
4.2850 0.13368451 5.0107e+11
4.2900 0.12545765 4.7024e+11
4.2950 0.11479283 4.3026e+11
4.3000 0.11413366 4.2779e+11
4.3050 0.10563282 3.9593e+11
4.3100 0.09551046 3.5799e+11
4.3150 0.09475062 3.5514e+11
4.3200 0.08642892 3.2395e+11
4.3250 0.08533904 3.1987e+11
4.3300 0.07847659 2.9414e+11
4.3350 0.07597763 2.8478e+11
4.3400 0.06696724 2.5100e+11
4.3450 0.06610606 2.4778e+11
4.3500 0.05776868 2.1653e+11
4.3550 0.05553455 2.0815e+11
4.3600 0.04883526 1.8304e+11
4.3650 0.05259599 1.9714e+11
4.3700 0.04226309 1.5841e+11
4.3750 0.04184673 1.5685e+11
4.3800 0.03790247 1.4206e+11
4.3850 0.03645191 1.3663e+11
4.3900 0.03480724 1.3046e+11
4.3950 0.03174791 1.1900e+11
4.4000 0.03016423 1.1306e+11
4.4050 0.02865969 1.0742e+11
4.4100 0.02687289 1.0072e+11
4.4150 0.02450437 9.1847e+10
4.4200 0.02356900 8.8341e+10
4.4250 0.01808307 6.7778e+10
4.4300 0.01696017 6.3570e+10
4.4350 0.01493141 5.5965e+10
4.4400 0.01466509 5.4967e+10
4.4450 0.01328025 4.9777e+10
4.4500 0.01470628 5.5122e+10
4.4550 0.01324280 4.9636e+10
4.4600 0.01299303 4.8700e+10
4.4650 0.00983709 3.6871e+10
4.4700 0.00994657 3.7281e+10
4.4750 0.00798702 2.9937e+10
4.4800 0.00593405 2.2242e+10
4.4850 0.00697170 2.6131e+10
4.4900 0.00608153 2.2795e+10
4.4950 0.00582753 2.1843e+10
4.5000 0.00413321 1.5492e+10
4.5050 0.00327614 1.2280e+10
4.5100 0.00316366 1.1858e+10
4.5150 0.00326084 1.2222e+10
4.5200 0.00317267 1.1892e+10
4.5250 0.00269418 1.0098e+10
4.5300 0.00235777 8.8373e+09
4.5350 0.00271480 1.0176e+10
4.5400 0.00160381 6.0114e+09
4.5450 0.00109172 4.0920e+09
4.5500 0.00165720 6.2115e+09
4.5550 0.00230840 8.6523e+09
4.5600 0.00095220 3.5690e+09
4.5650 0.00054959 2.0600e+09
4.5700 0.00051726 1.9388e+09
4.5750 0.00057757 2.1648e+09
4.5800 0.00048974 1.8356e+09
4.5850 0.00139022 5.2108e+09
4.5900 0.00099571 3.7321e+09
4.5950 0.00041324 1.5489e+09
4.6000 0.00042285 1.5849e+09
4.6050 0.00043270 1.6218e+09
4.6100 0.00052564 1.9702e+09
4.6150 0.00135883 5.0931e+09
4.6200 0.00082206 3.0812e+09
4.6250 0.00047445 1.7783e+09
4.6300 0.00093699 3.5120e+09
4.6350 0.00049682 1.8622e+09
4.6400 0.00050838 1.9055e+09
4.6450 0.00052027 1.9501e+09
4.6500 0.00053257 1.9962e+09
4.6550 0.00054536 2.0441e+09
4.6600 0.00055814 2.0920e+09
4.6650 0.00057093 2.1400e+09
4.6700 0.00058372 2.1879e+09
4.6750 0.00059839 2.2429e+09
4.6800 0.00061443 2.3030e+09
4.6850 0.00063048 2.3631e+09
4.6900 0.00064652 2.4233e+09
4.6950 0.00066256 2.4834e+09
4.7000 0.00067860 2.5435e+09
4.7050 0.00069464 2.6036e+09
4.7100 0.00071068 2.6638e+09
4.7150 0.00072672 2.7239e+09
4.7200 0.00074277 2.7840e+09
4.7250 0.00075881 2.8441e+09
4.7300 0.00077485 2.9043e+09
4.7350 0.00079089 2.9644e+09
4.7400 0.00080693 3.0245e+09
4.7450 0.00000000 0.0000e+00
4.7500 0.00000000 0.0000e+00
4.7550 0.00000000 0.0000e+00
4.7600 0.00000000 0.0000e+00
4.7650 0.00000000 0.0000e+00
4.7700 0.00000000 0.0000e+00
4.7750 0.00000000 0.0000e+00
4.7800 0.00000000 0.0000e+00
4.7850 0.00000000 0.0000e+00
4.7900 0.00000000 0.0000e+00
4.7950 0.00000000 0.0000e+00
4.8000 0.00000000 0.0000e+00
4.8050 0.00000000 0.0000e+00
4.8100 0.00000000 0.0000e+00
4.8150 0.00000000 0.0000e+00
4.8200 0.00000000 0.0000e+00
4.8250 0.00000000 0.0000e+00
4.8300 0.00000000 0.0000e+00
4.8350 0.00000000 0.0000e+00
4.8400 0.00000000 0.0000e+00
4.8450 0.00000000 0.0000e+00
4.8500 0.00000000 0.0000e+00
4.8550 0.00000000 0.0000e+00
4.8600 0.00000000 0.0000e+00
4.8650 0.00000000 0.0000e+00
4.8700 0.00000000 0.0000e+00
4.8750 0.00000000 0.0000e+00
4.8800 0.00000000 0.0000e+00
4.8850 0.00000000 0.0000e+00
4.8900 0.00000000 0.0000e+00
4.8950 0.00000000 0.0000e+00
4.9000 0.00000000 0.0000e+00
4.9050 0.00000000 0.0000e+00
4.9100 0.00000000 0.0000e+00
4.9150 0.00000000 0.0000e+00
4.9200 0.00000000 0.0000e+00
4.9250 0.00000000 0.0000e+00
4.9300 0.00000000 0.0000e+00
4.9350 0.00000000 0.0000e+00
4.9400 0.00000000 0.0000e+00
4.9450 0.00000000 0.0000e+00
4.9500 0.00000000 0.0000e+00
4.9550 0.00000000 0.0000e+00
4.9600 0.00000000 0.0000e+00
4.9650 0.00000000 0.0000e+00
4.9700 0.00000000 0.0000e+00
4.9750 0.00000000 0.0000e+00
4.9800 0.00000000 0.0000e+00
4.9850 0.00000000 0.0000e+00
4.9900 0.00000000 0.0000e+00
4.9950 0.00000000 0.0000e+00
5.0000 0.00000000 0.0000e+00
5.0050 0.00000000 0.0000e+00
5.0100 0.00000000 0.0000e+00
5.0150 0.00000000 0.0000e+00
5.0200 0.00000000 0.0000e+00
5.0250 0.00000000 0.0000e+00
5.0300 0.00000000 0.0000e+00
5.0350 0.00000000 0.0000e+00
5.0400 0.00000000 0.0000e+00
5.0450 0.00000000 0.0000e+00
5.0500 0.00000000 0.0000e+00
5.0550 0.00000000 0.0000e+00
5.0600 0.00000000 0.0000e+00
5.0650 0.00000000 0.0000e+00
5.0700 0.00000000 0.0000e+00
5.0750 0.00000000 0.0000e+00
5.0800 0.00000000 0.0000e+00
5.0850 0.00000000 0.0000e+00
5.0900 0.00000000 0.0000e+00
5.0950 0.00000000 0.0000e+00
5.1000 0.00000000 0.0000e+00
5.1050 0.00000000 0.0000e+00
5.1100 0.00000000 0.0000e+00
5.1150 0.00000000 0.0000e+00
5.1200 0.00000000 0.0000e+00
5.1250 0.00000000 0.0000e+00
5.1300 0.00000000 0.0000e+00
5.1350 0.00000000 0.0000e+00
5.1400 0.00000000 0.0000e+00
5.1450 0.00000000 0.0000e+00
5.1500 0.00000000 0.0000e+00
5.1550 0.00000000 0.0000e+00
5.1600 0.00000000 0.0000e+00
5.1650 0.00000000 0.0000e+00
5.1700 0.00000000 0.0000e+00
5.1750 0.00000000 0.0000e+00
5.1800 0.00000000 0.0000e+00
5.1850 0.00000000 0.0000e+00
5.1900 0.00000000 0.0000e+00
5.1950 0.00000000 0.0000e+00
5.2000 0.00000000 0.0000e+00
5.2050 0.00000000 0.0000e+00
5.2100 0.00000000 0.0000e+00
5.2150 0.00000000 0.0000e+00
5.2200 0.00000000 0.0000e+00
5.2250 0.00000000 0.0000e+00
5.2300 0.00000000 0.0000e+00
5.2350 0.00000000 0.0000e+00
5.2400 0.00000000 0.0000e+00
5.2450 0.00000000 0.0000e+00
5.2500 0.00000000 0.0000e+00
5.2550 0.00000000 0.0000e+00
5.2600 0.00000000 0.0000e+00
5.2650 0.00000000 0.0000e+00
5.2700 0.00000000 0.0000e+00
5.2750 0.00000000 0.0000e+00
5.2800 0.00000000 0.0000e+00
5.2850 0.00000000 0.0000e+00
5.2900 0.00000000 0.0000e+00
5.2950 0.00000000 0.0000e+00
5.3000 0.00000000 0.0000e+00
5.3050 0.00000000 0.0000e+00
5.3100 0.00000000 0.0000e+00
5.3150 0.00000000 0.0000e+00
5.3200 0.00000000 0.0000e+00
5.3250 0.00000000 0.0000e+00
5.3300 0.00000000 0.0000e+00
5.3350 0.00000000 0.0000e+00
5.3400 0.00000000 0.0000e+00
5.3450 0.00000000 0.0000e+00
5.3500 0.00000000 0.0000e+00
5.3550 0.00000000 0.0000e+00
5.3600 0.00000000 0.0000e+00
5.3650 0.00000000 0.0000e+00
5.3700 0.00000000 0.0000e+00
5.3750 0.00000000 0.0000e+00
5.3800 0.00000000 0.0000e+00
5.3850 0.00000000 0.0000e+00
5.3900 0.00000000 0.0000e+00
5.3950 0.00000000 0.0000e+00
5.4000 0.00000000 0.0000e+00
5.4050 0.00000000 0.0000e+00
5.4100 0.00000000 0.0000e+00
5.4150 0.00000000 0.0000e+00
5.4200 0.00000000 0.0000e+00
5.4250 0.00000000 0.0000e+00
5.4300 0.00000000 0.0000e+00
5.4350 0.00000000 0.0000e+00
5.4400 0.00000000 0.0000e+00
5.4450 0.00000000 0.0000e+00
5.4500 0.00000000 0.0000e+00
5.4550 0.00000000 0.0000e+00
5.4600 0.00000000 0.0000e+00
5.4650 0.00000000 0.0000e+00
5.4700 0.00000000 0.0000e+00
5.4750 0.00000000 0.0000e+00
5.4800 0.00000000 0.0000e+00
5.4850 0.00000000 0.0000e+00
5.4900 0.00000000 0.0000e+00
5.4950 0.00000000 0.0000e+00
5.5000 0.00000000 0.0000e+00
5.5050 0.00000000 0.0000e+00
5.5100 0.00000000 0.0000e+00
5.5150 0.00000000 0.0000e+00
5.5200 0.00000000 0.0000e+00
5.5250 0.00000000 0.0000e+00
5.5300 0.00000000 0.0000e+00
5.5350 0.00000000 0.0000e+00
5.5400 0.00000000 0.0000e+00
5.5450 0.00000000 0.0000e+00
5.5500 0.00000000 0.0000e+00
5.5550 0.00000000 0.0000e+00
5.5600 0.00000000 0.0000e+00
5.5650 0.00000000 0.0000e+00
5.5700 0.00000000 0.0000e+00
5.5750 0.00000000 0.0000e+00
5.5800 0.00000000 0.0000e+00
5.5850 0.00000000 0.0000e+00
5.5900 0.00000000 0.0000e+00
5.5950 0.00000000 0.0000e+00
5.6000 0.00000000 0.0000e+00
5.6050 0.00000000 0.0000e+00
5.6100 0.00000000 0.0000e+00
5.6150 0.00000000 0.0000e+00
5.6200 0.00000000 0.0000e+00
5.6250 0.00000000 0.0000e+00
5.6300 0.00000000 0.0000e+00
5.6350 0.00000000 0.0000e+00
5.6400 0.00000000 0.0000e+00
5.6450 0.00000000 0.0000e+00
5.6500 0.00000000 0.0000e+00
5.6550 0.00000000 0.0000e+00
5.6600 0.00000000 0.0000e+00
5.6650 0.00000000 0.0000e+00
5.6700 0.00000000 0.0000e+00
5.6750 0.00000000 0.0000e+00
5.6800 0.00000000 0.0000e+00
5.6850 0.00000000 0.0000e+00
5.6900 0.00000000 0.0000e+00
5.6950 0.00000000 0.0000e+00
5.7000 0.00000000 0.0000e+00
5.7050 0.00000000 0.0000e+00
5.7100 0.00000000 0.0000e+00
5.7150 0.00000000 0.0000e+00
5.7200 0.00000000 0.0000e+00
5.7250 0.00000000 0.0000e+00
5.7300 0.00000000 0.0000e+00
5.7350 0.00000000 0.0000e+00
5.7400 0.00000000 0.0000e+00
5.7450 0.00000000 0.0000e+00
5.7500 0.00000000 0.0000e+00
5.7550 0.00000000 0.0000e+00
5.7600 0.00000000 0.0000e+00
5.7650 0.00000000 0.0000e+00
5.7700 0.00000000 0.0000e+00
5.7750 0.00000000 0.0000e+00
5.7800 0.00000000 0.0000e+00
5.7850 0.00000000 0.0000e+00
5.7900 0.00000000 0.0000e+00
5.7950 0.00000000 0.0000e+00
5.8000 0.00000000 0.0000e+00
5.8050 0.00000000 0.0000e+00
5.8100 0.00000000 0.0000e+00
5.8150 0.00000000 0.0000e+00
5.8200 0.00000000 0.0000e+00
5.8250 0.00000000 0.0000e+00
5.8300 0.00000000 0.0000e+00
5.8350 0.00000000 0.0000e+00
5.8400 0.00000000 0.0000e+00
5.8450 0.00000000 0.0000e+00
5.8500 0.00000000 0.0000e+00
5.8550 0.00000000 0.0000e+00
5.8600 0.00000000 0.0000e+00
5.8650 0.00000000 0.0000e+00
5.8700 0.00000000 0.0000e+00
5.8750 0.00000000 0.0000e+00
5.8800 0.00000000 0.0000e+00
5.8850 0.00000000 0.0000e+00
5.8900 0.00000000 0.0000e+00
5.8950 0.00000000 0.0000e+00
5.9000 0.00000000 0.0000e+00
5.9050 0.00000000 0.0000e+00
5.9100 0.00000000 0.0000e+00
5.9150 0.00000000 0.0000e+00
5.9200 0.00000000 0.0000e+00
5.9250 0.00000000 0.0000e+00
5.9300 0.00000000 0.0000e+00
5.9350 0.00000000 0.0000e+00
5.9400 0.00000000 0.0000e+00
5.9450 0.00000000 0.0000e+00
5.9500 0.00000000 0.0000e+00
5.9550 0.00000000 0.0000e+00
5.9600 0.00000000 0.0000e+00
5.9650 0.00000000 0.0000e+00
5.9700 0.00000000 0.0000e+00
5.9750 0.00000000 0.0000e+00
5.9800 0.00000000 0.0000e+00
5.9850 0.00000000 0.0000e+00
5.9900 0.00000000 0.0000e+00
5.9950 0.00000000 0.0000e+00
6.0000 0.00000000 0.0000e+00
6.0050 0.00000000 0.0000e+00
6.0100 0.00000000 0.0000e+00
6.0150 0.00000000 0.0000e+00
6.0200 0.00000000 0.0000e+00
6.0250 0.00000000 0.0000e+00
6.0300 0.00000000 0.0000e+00
6.0350 0.00000000 0.0000e+00
6.0400 0.00000000 0.0000e+00
6.0450 0.00000000 0.0000e+00
6.0500 0.00000000 0.0000e+00
6.0550 0.00000000 0.0000e+00
6.0600 0.00000000 0.0000e+00
6.0650 0.00000000 0.0000e+00
6.0700 0.00000000 0.0000e+00
6.0750 0.00000000 0.0000e+00
6.0800 0.00000000 0.0000e+00
6.0850 0.00000000 0.0000e+00
6.0900 0.00000000 0.0000e+00
6.0950 0.00000000 0.0000e+00
6.1000 0.00000000 0.0000e+00
6.1050 0.00000000 0.0000e+00
6.1100 0.00000000 0.0000e+00
6.1150 0.00000000 0.0000e+00
6.1200 0.00000000 0.0000e+00
6.1250 0.00000000 0.0000e+00
6.1300 0.00000000 0.0000e+00
6.1350 0.00000000 0.0000e+00
6.1400 0.00000000 0.0000e+00
6.1450 0.00000000 0.0000e+00
6.1500 0.00000000 0.0000e+00
6.1550 0.00000000 0.0000e+00
6.1600 0.00000000 0.0000e+00
6.1650 0.00000000 0.0000e+00
6.1700 0.00000000 0.0000e+00
6.1750 0.00000000 0.0000e+00
6.1800 0.00000000 0.0000e+00
6.1850 0.00000000 0.0000e+00
6.1900 0.00000000 0.0000e+00
6.1950 0.00000000 0.0000e+00
6.2000 0.00000000 0.0000e+00
6.2050 0.00000000 0.0000e+00
6.2100 0.00000000 0.0000e+00
6.2150 0.00000000 0.0000e+00
6.2200 0.00000000 0.0000e+00
6.2250 0.00000000 0.0000e+00
6.2300 0.00000000 0.0000e+00
6.2350 0.00000000 0.0000e+00
6.2400 0.00000000 0.0000e+00
6.2450 0.00000000 0.0000e+00
6.2500 0.00000000 0.0000e+00
6.2550 0.00000000 0.0000e+00
6.2600 0.00000000 0.0000e+00
6.2650 0.00000000 0.0000e+00
6.2700 0.00000000 0.0000e+00
6.2750 0.00000000 0.0000e+00
6.2800 0.00000000 0.0000e+00
6.2850 0.00000000 0.0000e+00
6.2900 0.00000000 0.0000e+00
6.2950 0.00000000 0.0000e+00
6.3000 0.00000000 0.0000e+00
6.3050 0.00000000 0.0000e+00
6.3100 0.00000000 0.0000e+00
6.3150 0.00000000 0.0000e+00
6.3200 0.00000000 0.0000e+00
6.3250 0.00000000 0.0000e+00
6.3300 0.00000000 0.0000e+00
6.3350 0.00000000 0.0000e+00
6.3400 0.00000000 0.0000e+00
6.3450 0.00000000 0.0000e+00
6.3500 0.00000000 0.0000e+00
6.3550 0.00000000 0.0000e+00
6.3600 0.00000000 0.0000e+00
6.3650 0.00000000 0.0000e+00
6.3700 0.00000000 0.0000e+00
6.3750 0.00000000 0.0000e+00
6.3800 0.00000000 0.0000e+00
6.3850 0.00000000 0.0000e+00
6.3900 0.00000000 0.0000e+00
6.3950 0.00000000 0.0000e+00
6.4000 0.00000000 0.0000e+00
6.4050 0.00000000 0.0000e+00
6.4100 0.00000000 0.0000e+00
6.4150 0.00000000 0.0000e+00
6.4200 0.00000000 0.0000e+00
6.4250 0.00000000 0.0000e+00
6.4300 0.00000000 0.0000e+00
6.4350 0.00000000 0.0000e+00
6.4400 0.00000000 0.0000e+00
6.4450 0.00000000 0.0000e+00
6.4500 0.00000000 0.0000e+00
6.4550 0.00000000 0.0000e+00
6.4600 0.00000000 0.0000e+00
6.4650 0.00000000 0.0000e+00
6.4700 0.00000000 0.0000e+00
6.4750 0.00000000 0.0000e+00
6.4800 0.00000000 0.0000e+00
6.4850 0.00000000 0.0000e+00
6.4900 0.00000000 0.0000e+00
6.4950 0.00000000 0.0000e+00
6.5000 0.00000000 0.0000e+00
6.5050 0.00000000 0.0000e+00
6.5100 0.00000000 0.0000e+00
6.5150 0.00000000 0.0000e+00
6.5200 0.00000000 0.0000e+00
6.5250 0.00000000 0.0000e+00
6.5300 0.00000000 0.0000e+00
6.5350 0.00000000 0.0000e+00
6.5400 0.00000000 0.0000e+00
6.5450 0.00000000 0.0000e+00
6.5500 0.00000000 0.0000e+00
6.5550 0.00000000 0.0000e+00
6.5600 0.00000000 0.0000e+00
6.5650 0.00000000 0.0000e+00
6.5700 0.00000000 0.0000e+00
6.5750 0.00000000 0.0000e+00
6.5800 0.00000000 0.0000e+00
6.5850 0.00000000 0.0000e+00
6.5900 0.00000000 0.0000e+00
6.5950 0.00000000 0.0000e+00
6.6000 0.00000000 0.0000e+00
6.6050 0.00000000 0.0000e+00
6.6100 0.00000000 0.0000e+00
6.6150 0.00000000 0.0000e+00
6.6200 0.00000000 0.0000e+00
6.6250 0.00000000 0.0000e+00
6.6300 0.00000000 0.0000e+00
6.6350 0.00000000 0.0000e+00
6.6400 0.00000000 0.0000e+00
6.6450 0.00000000 0.0000e+00
6.6500 0.00000000 0.0000e+00
6.6550 0.00000000 0.0000e+00
6.6600 0.00000000 0.0000e+00
6.6650 0.00000000 0.0000e+00
6.6700 0.00000000 0.0000e+00
6.6750 0.00000000 0.0000e+00
6.6800 0.00000000 0.0000e+00
6.6850 0.00000000 0.0000e+00
6.6900 0.00000000 0.0000e+00
6.6950 0.00000000 0.0000e+00
6.7000 0.00000000 0.0000e+00
6.7050 0.00000000 0.0000e+00
6.7100 0.00000000 0.0000e+00
6.7150 0.00000000 0.0000e+00
6.7200 0.00000000 0.0000e+00
6.7250 0.00000000 0.0000e+00
6.7300 0.00000000 0.0000e+00
6.7350 0.00000000 0.0000e+00
6.7400 0.00000000 0.0000e+00
6.7450 0.00000000 0.0000e+00
6.7500 0.00000000 0.0000e+00
6.7550 0.00000000 0.0000e+00
6.7600 0.00000000 0.0000e+00
6.7650 0.00000000 0.0000e+00
6.7700 0.00000000 0.0000e+00
6.7750 0.00000000 0.0000e+00
6.7800 0.00000000 0.0000e+00
6.7850 0.00000000 0.0000e+00
6.7900 0.00000000 0.0000e+00
6.7950 0.00000000 0.0000e+00
6.8000 0.00000000 0.0000e+00
6.8050 0.00000000 0.0000e+00
6.8100 0.00000000 0.0000e+00
6.8150 0.00000000 0.0000e+00
6.8200 0.00000000 0.0000e+00
6.8250 0.00000000 0.0000e+00
6.8300 0.00000000 0.0000e+00
6.8350 0.00000000 0.0000e+00
6.8400 0.00000000 0.0000e+00
6.8450 0.00000000 0.0000e+00
6.8500 0.00000000 0.0000e+00
6.8550 0.00000000 0.0000e+00
6.8600 0.00000000 0.0000e+00
6.8650 0.00000000 0.0000e+00
6.8700 0.00000000 0.0000e+00
6.8750 0.00000000 0.0000e+00
6.8800 0.00000000 0.0000e+00
6.8850 0.00000000 0.0000e+00
6.8900 0.00000000 0.0000e+00
6.8950 0.00000000 0.0000e+00
6.9000 0.00000000 0.0000e+00
6.9050 0.00000000 0.0000e+00
6.9100 0.00000000 0.0000e+00
6.9150 0.00000000 0.0000e+00
6.9200 0.00000000 0.0000e+00
6.9250 0.00000000 0.0000e+00
6.9300 0.00000000 0.0000e+00
6.9350 0.00000000 0.0000e+00
6.9400 0.00000000 0.0000e+00
6.9450 0.00000000 0.0000e+00
6.9500 0.00000000 0.0000e+00
6.9550 0.00000000 0.0000e+00
6.9600 0.00000000 0.0000e+00
6.9650 0.00000000 0.0000e+00
6.9700 0.00000000 0.0000e+00
6.9750 0.00000000 0.0000e+00
6.9800 0.00000000 0.0000e+00
6.9850 0.00000000 0.0000e+00
6.9900 0.00000000 0.0000e+00
6.9950 0.00000000 0.0000e+00
7.0000 0.00000000 0.0000e+00
7.0050 0.00000000 0.0000e+00
7.0100 0.00000000 0.0000e+00
7.0150 0.00000000 0.0000e+00
7.0200 0.00000000 0.0000e+00
7.0250 0.00000000 0.0000e+00
7.0300 0.00000000 0.0000e+00
7.0350 0.00000000 0.0000e+00
7.0400 0.00000000 0.0000e+00
7.0450 0.00000000 0.0000e+00
7.0500 0.00000000 0.0000e+00
7.0550 0.00000000 0.0000e+00
7.0600 0.00000000 0.0000e+00
7.0650 0.00000000 0.0000e+00
7.0700 0.00000000 0.0000e+00
7.0750 0.00000000 0.0000e+00
7.0800 0.00000000 0.0000e+00
7.0850 0.00000000 0.0000e+00
7.0900 0.00000000 0.0000e+00
7.0950 0.00000000 0.0000e+00
7.1000 0.00000000 0.0000e+00
7.1050 0.00000000 0.0000e+00
7.1100 0.00000000 0.0000e+00
7.1150 0.00000000 0.0000e+00
7.1200 0.00000000 0.0000e+00
7.1250 0.00000000 0.0000e+00
7.1300 0.00000000 0.0000e+00
7.1350 0.00000000 0.0000e+00
7.1400 0.00000000 0.0000e+00
7.1450 0.00000000 0.0000e+00
7.1500 0.00000000 0.0000e+00
7.1550 0.00000000 0.0000e+00
7.1600 0.00000000 0.0000e+00
7.1650 0.00000000 0.0000e+00
7.1700 0.00000000 0.0000e+00
7.1750 0.00000000 0.0000e+00
7.1800 0.00000000 0.0000e+00
7.1850 0.00000000 0.0000e+00
7.1900 0.00000000 0.0000e+00
7.1950 0.00000000 0.0000e+00
7.2000 0.00000000 0.0000e+00
7.2050 0.00000000 0.0000e+00
7.2100 0.00000000 0.0000e+00
7.2150 0.00000000 0.0000e+00
7.2200 0.00000000 0.0000e+00
7.2250 0.00000000 0.0000e+00
7.2300 0.00000000 0.0000e+00
7.2350 0.00000000 0.0000e+00
7.2400 0.00000000 0.0000e+00
7.2450 0.00000000 0.0000e+00
7.2500 0.00000000 0.0000e+00
7.2550 0.00000000 0.0000e+00
7.2600 0.00000000 0.0000e+00
7.2650 0.00000000 0.0000e+00
7.2700 0.00000000 0.0000e+00
7.2750 0.00000000 0.0000e+00
7.2800 0.00000000 0.0000e+00
7.2850 0.00000000 0.0000e+00
7.2900 0.00000000 0.0000e+00
7.2950 0.00000000 0.0000e+00
7.3000 0.00000000 0.0000e+00
7.3050 0.00000000 0.0000e+00
7.3100 0.00000000 0.0000e+00
7.3150 0.00000000 0.0000e+00
7.3200 0.00000000 0.0000e+00
7.3250 0.00000000 0.0000e+00
7.3300 0.00000000 0.0000e+00
7.3350 0.00000000 0.0000e+00
7.3400 0.00000000 0.0000e+00
7.3450 0.00000000 0.0000e+00
7.3500 0.00000000 0.0000e+00
7.3550 0.00000000 0.0000e+00
7.3600 0.00000000 0.0000e+00
7.3650 0.00000000 0.0000e+00
7.3700 0.00000000 0.0000e+00
7.3750 0.00000000 0.0000e+00
7.3800 0.00000000 0.0000e+00
7.3850 0.00000000 0.0000e+00
7.3900 0.00000000 0.0000e+00
7.3950 0.00000000 0.0000e+00
7.4000 0.00000000 0.0000e+00
7.4050 0.00000000 0.0000e+00
7.4100 0.00000000 0.0000e+00
7.4150 0.00000000 0.0000e+00
7.4200 0.00000000 0.0000e+00
7.4250 0.00000000 0.0000e+00
7.4300 0.00000000 0.0000e+00
7.4350 0.00000000 0.0000e+00
7.4400 0.00000000 0.0000e+00
7.4450 0.00000000 0.0000e+00
7.4500 0.00000000 0.0000e+00
7.4550 0.00000000 0.0000e+00
7.4600 0.00000000 0.0000e+00
7.4650 0.00000000 0.0000e+00
7.4700 0.00000000 0.0000e+00
7.4750 0.00000000 0.0000e+00
7.4800 0.00000000 0.0000e+00
7.4850 0.00000000 0.0000e+00
7.4900 0.00000000 0.0000e+00
7.4950 0.00000000 0.0000e+00
7.5000 0.00000000 0.0000e+00
7.5050 0.00000000 0.0000e+00
7.5100 0.00000000 0.0000e+00
7.5150 0.00000000 0.0000e+00
7.5200 0.00000000 0.0000e+00
7.5250 0.00000000 0.0000e+00
7.5300 0.00000000 0.0000e+00
7.5350 0.00000000 0.0000e+00
7.5400 0.00000000 0.0000e+00
7.5450 0.00000000 0.0000e+00
7.5500 0.00000000 0.0000e+00
7.5550 0.00000000 0.0000e+00
7.5600 0.00000000 0.0000e+00
7.5650 0.00000000 0.0000e+00
7.5700 0.00000000 0.0000e+00
7.5750 0.00000000 0.0000e+00
7.5800 0.00000000 0.0000e+00
7.5850 0.00000000 0.0000e+00
7.5900 0.00000000 0.0000e+00
7.5950 0.00000000 0.0000e+00
7.6000 0.00000000 0.0000e+00
7.6050 0.00000000 0.0000e+00
7.6100 0.00000000 0.0000e+00
7.6150 0.00000000 0.0000e+00
7.6200 0.00000000 0.0000e+00
7.6250 0.00000000 0.0000e+00
7.6300 0.00000000 0.0000e+00
7.6350 0.00000000 0.0000e+00
7.6400 0.00000000 0.0000e+00
7.6450 0.00000000 0.0000e+00
7.6500 0.00000000 0.0000e+00
7.6550 0.00000000 0.0000e+00
7.6600 0.00000000 0.0000e+00
7.6650 0.00000000 0.0000e+00
7.6700 0.00000000 0.0000e+00
7.6750 0.00000000 0.0000e+00
7.6800 0.00000000 0.0000e+00
7.6850 0.00000000 0.0000e+00
7.6900 0.00000000 0.0000e+00
7.6950 0.00000000 0.0000e+00
7.7000 0.00000000 0.0000e+00
7.7050 0.00000000 0.0000e+00
7.7100 0.00000000 0.0000e+00
7.7150 0.00000000 0.0000e+00
7.7200 0.00000000 0.0000e+00
7.7250 0.00000000 0.0000e+00
7.7300 0.00000000 0.0000e+00
7.7350 0.00000000 0.0000e+00
7.7400 0.00000000 0.0000e+00
7.7450 0.00000000 0.0000e+00
7.7500 0.00000000 0.0000e+00
7.7550 0.00000000 0.0000e+00
7.7600 0.00000000 0.0000e+00
7.7650 0.00000000 0.0000e+00
7.7700 0.00000000 0.0000e+00
7.7750 0.00000000 0.0000e+00
7.7800 0.00000000 0.0000e+00
7.7850 0.00000000 0.0000e+00
7.7900 0.00000000 0.0000e+00
7.7950 0.00000000 0.0000e+00
7.8000 0.00000000 0.0000e+00
7.8050 0.00000000 0.0000e+00
7.8100 0.00000000 0.0000e+00
7.8150 0.00000000 0.0000e+00
7.8200 0.00000000 0.0000e+00
7.8250 0.00000000 0.0000e+00
7.8300 0.00000000 0.0000e+00
7.8350 0.00000000 0.0000e+00
7.8400 0.00000000 0.0000e+00
7.8450 0.00000000 0.0000e+00
7.8500 0.00000000 0.0000e+00
7.8550 0.00000000 0.0000e+00
7.8600 0.00000000 0.0000e+00
7.8650 0.00000000 0.0000e+00
7.8700 0.00000000 0.0000e+00
7.8750 0.00000000 0.0000e+00
7.8800 0.00000000 0.0000e+00
7.8850 0.00000000 0.0000e+00
7.8900 0.00000000 0.0000e+00
7.8950 0.00000000 0.0000e+00
7.9000 0.00000000 0.0000e+00
7.9050 0.00000000 0.0000e+00
7.9100 0.00000000 0.0000e+00
7.9150 0.00000000 0.0000e+00
7.9200 0.00000000 0.0000e+00
7.9250 0.00000000 0.0000e+00
7.9300 0.00000000 0.0000e+00
7.9350 0.00000000 0.0000e+00
7.9400 0.00000000 0.0000e+00
7.9450 0.00000000 0.0000e+00
7.9500 0.00000000 0.0000e+00
7.9550 0.00000000 0.0000e+00
7.9600 0.00000000 0.0000e+00
7.9650 0.00000000 0.0000e+00
7.9700 0.00000000 0.0000e+00
7.9750 0.00000000 0.0000e+00
7.9800 0.00000000 0.0000e+00
7.9850 0.00000000 0.0000e+00
7.9900 0.00000000 0.0000e+00
7.9950 0.00000000 0.0000e+00
8.0000 0.00000000 0.0000e+00
