0.0050 0.00000000 0.0000e+00
0.0100 0.00000000 0.0000e+00
0.0150 0.00000000 0.0000e+00
0.0200 0.00000000 0.0000e+00
0.0250 0.00000000 0.0000e+00
0.0300 0.00000000 0.0000e+00
0.0350 0.00000000 0.0000e+00
0.0400 0.00000000 0.0000e+00
0.0450 0.00000000 0.0000e+00
0.0500 0.00000000 0.0000e+00
0.0550 0.00000000 0.0000e+00
0.0600 0.00000000 0.0000e+00
0.0650 0.00000000 0.0000e+00
0.0700 0.00000000 0.0000e+00
0.0750 0.00000000 0.0000e+00
0.0800 0.00000000 0.0000e+00
0.0850 0.00000000 0.0000e+00
0.0900 0.00000000 0.0000e+00
0.0950 0.00000000 0.0000e+00
0.1000 0.00000000 0.0000e+00
0.1050 0.00000000 0.0000e+00
0.1100 0.00000000 0.0000e+00
0.1150 0.00000000 0.0000e+00
0.1200 0.00000000 0.0000e+00
0.1250 0.00000000 0.0000e+00
0.1300 0.00000000 0.0000e+00
0.1350 0.00000000 0.0000e+00
0.1400 0.00000000 0.0000e+00
0.1450 0.00000000 0.0000e+00
0.1500 0.00000000 0.0000e+00
0.1550 0.00000000 0.0000e+00
0.1600 0.00000000 0.0000e+00
0.1650 0.00000000 0.0000e+00
0.1700 0.00000000 0.0000e+00
0.1750 0.00000000 0.0000e+00
0.1800 0.00000000 0.0000e+00
0.1850 0.00000000 0.0000e+00
0.1900 0.00000000 0.0000e+00
0.1950 0.00000000 0.0000e+00
0.2000 0.00000000 0.0000e+00
0.2050 0.00000000 0.0000e+00
0.2100 0.00000000 0.0000e+00
0.2150 0.00000000 0.0000e+00
0.2200 0.00000000 0.0000e+00
0.2250 0.00000000 0.0000e+00
0.2300 0.00000000 0.0000e+00
0.2350 0.00000000 0.0000e+00
0.2400 0.00000000 0.0000e+00
0.2450 0.00000000 0.0000e+00
0.2500 0.00000000 0.0000e+00
0.2550 0.00000000 0.0000e+00
0.2600 0.00000000 0.0000e+00
0.2650 0.00000000 0.0000e+00
0.2700 0.00000000 0.0000e+00
0.2750 0.00000000 0.0000e+00
0.2800 0.00000000 0.0000e+00
0.2850 0.00000000 0.0000e+00
0.2900 0.00000000 0.0000e+00
0.2950 0.00000000 0.0000e+00
0.3000 0.00000000 0.0000e+00
0.3050 0.00000000 0.0000e+00
0.3100 0.00000000 0.0000e+00
0.3150 0.00000000 0.0000e+00
0.3200 0.00000000 0.0000e+00
0.3250 0.00000000 0.0000e+00
0.3300 0.00000000 0.0000e+00
0.3350 0.00000000 0.0000e+00
0.3400 0.00000000 0.0000e+00
0.3450 0.00000000 0.0000e+00
0.3500 0.00000000 0.0000e+00
0.3550 0.00000000 0.0000e+00
0.3600 0.00000000 0.0000e+00
0.3650 0.00000000 0.0000e+00
0.3700 0.00000000 0.0000e+00
0.3750 0.00000000 0.0000e+00
0.3800 0.00000000 0.0000e+00
0.3850 0.00000000 0.0000e+00
0.3900 0.00000000 0.0000e+00
0.3950 0.00000000 0.0000e+00
0.4000 0.00000000 0.0000e+00
0.4050 0.00000000 0.0000e+00
0.4100 0.00000000 0.0000e+00
0.4150 0.00000000 0.0000e+00
0.4200 0.00000000 0.0000e+00
0.4250 0.00000000 0.0000e+00
0.4300 0.00000000 0.0000e+00
0.4350 0.00000000 0.0000e+00
0.4400 0.00000000 0.0000e+00
0.4450 0.00000000 0.0000e+00
0.4500 0.00000000 0.0000e+00
0.4550 0.00000000 0.0000e+00
0.4600 0.00000000 0.0000e+00
0.4650 0.00000000 0.0000e+00
0.4700 0.00000000 0.0000e+00
0.4750 0.00000000 0.0000e+00
0.4800 0.00000000 0.0000e+00
0.4850 0.00000000 0.0000e+00
0.4900 0.00000000 0.0000e+00
0.4950 0.00000000 0.0000e+00
0.5000 0.00000000 0.0000e+00
0.5050 0.00000000 0.0000e+00
0.5100 0.00000000 0.0000e+00
0.5150 0.00000000 0.0000e+00
0.5200 0.00000000 0.0000e+00
0.5250 0.00000000 0.0000e+00
0.5300 0.00000000 0.0000e+00
0.5350 0.00000000 0.0000e+00
0.5400 0.00000000 0.0000e+00
0.5450 0.00000000 0.0000e+00
0.5500 0.00000000 0.0000e+00
0.5550 0.00000000 0.0000e+00
0.5600 0.00000000 0.0000e+00
0.5650 0.00000000 0.0000e+00
0.5700 0.00000000 0.0000e+00
0.5750 0.00000000 0.0000e+00
0.5800 0.00000000 0.0000e+00
0.5850 0.00000000 0.0000e+00
0.5900 0.00000000 0.0000e+00
0.5950 0.00000000 0.0000e+00
0.6000 0.00000000 0.0000e+00
0.6050 0.00000000 0.0000e+00
0.6100 0.00000000 0.0000e+00
0.6150 0.00000000 0.0000e+00
0.6200 0.00000000 0.0000e+00
0.6250 0.00000000 0.0000e+00
0.6300 0.00000000 0.0000e+00
0.6350 0.00000000 0.0000e+00
0.6400 0.00000000 0.0000e+00
0.6450 0.00000000 0.0000e+00
0.6500 0.00000000 0.0000e+00
0.6550 0.00000000 0.0000e+00
0.6600 0.00000000 0.0000e+00
0.6650 0.00000000 0.0000e+00
0.6700 0.00000000 0.0000e+00
0.6750 0.00000000 0.0000e+00
0.6800 0.00000000 0.0000e+00
0.6850 0.00000000 0.0000e+00
0.6900 0.00000000 0.0000e+00
0.6950 0.00000000 0.0000e+00
0.7000 0.00000000 0.0000e+00
0.7050 0.00000000 0.0000e+00
0.7100 0.00000000 0.0000e+00
0.7150 0.00000000 0.0000e+00
0.7200 0.00000000 0.0000e+00
0.7250 0.00000000 0.0000e+00
0.7300 0.00000000 0.0000e+00
0.7350 0.00000000 0.0000e+00
0.7400 0.00000000 0.0000e+00
0.7450 0.00000000 0.0000e+00
0.7500 0.00000000 0.0000e+00
0.7550 0.00000000 0.0000e+00
0.7600 0.00000000 0.0000e+00
0.7650 0.00000000 0.0000e+00
0.7700 0.00000000 0.0000e+00
0.7750 0.00000000 0.0000e+00
0.7800 0.00000000 0.0000e+00
0.7850 0.00000000 0.0000e+00
0.7900 0.00000000 0.0000e+00
0.7950 0.00000000 0.0000e+00
0.8000 0.00000000 0.0000e+00
0.8050 0.00000000 0.0000e+00
0.8100 0.00000000 0.0000e+00
0.8150 0.00000000 0.0000e+00
0.8200 0.00000000 0.0000e+00
0.8250 0.00000000 0.0000e+00
0.8300 0.00000000 0.0000e+00
0.8350 0.00000000 0.0000e+00
0.8400 0.00000000 0.0000e+00
0.8450 0.00000000 0.0000e+00
0.8500 0.00000000 0.0000e+00
0.8550 0.00000000 0.0000e+00
0.8600 0.00000000 0.0000e+00
0.8650 0.00000000 0.0000e+00
0.8700 0.00000000 0.0000e+00
0.8750 0.00000000 0.0000e+00
0.8800 0.00000000 0.0000e+00
0.8850 0.00000000 0.0000e+00
0.8900 0.00000000 0.0000e+00
0.8950 0.00000000 0.0000e+00
0.9000 0.00000000 0.0000e+00
0.9050 0.00000000 0.0000e+00
0.9100 0.00000000 0.0000e+00
0.9150 0.00000000 0.0000e+00
0.9200 0.00000000 0.0000e+00
0.9250 0.00000000 0.0000e+00
0.9300 0.00000000 0.0000e+00
0.9350 0.00000000 0.0000e+00
0.9400 0.00000000 0.0000e+00
0.9450 0.00000000 0.0000e+00
0.9500 0.00000000 0.0000e+00
0.9550 0.00000000 0.0000e+00
0.9600 0.00000000 0.0000e+00
0.9650 0.00000000 0.0000e+00
0.9700 0.00000000 0.0000e+00
0.9750 0.00000000 0.0000e+00
0.9800 0.00000000 0.0000e+00
0.9850 0.00000000 0.0000e+00
0.9900 0.00000000 0.0000e+00
0.9950 0.00000000 0.0000e+00
1.0000 0.00000000 0.0000e+00
1.0050 0.00000000 0.0000e+00
1.0100 0.00000000 0.0000e+00
1.0150 0.00000000 0.0000e+00
1.0200 0.00000000 0.0000e+00
1.0250 0.00000000 0.0000e+00
1.0300 0.00000000 0.0000e+00
1.0350 0.00000000 0.0000e+00
1.0400 0.00000000 0.0000e+00
1.0450 0.00000000 0.0000e+00
1.0500 0.00000000 0.0000e+00
1.0550 0.00000000 0.0000e+00
1.0600 0.00000000 0.0000e+00
1.0650 0.00000000 0.0000e+00
1.0700 0.00000000 0.0000e+00
1.0750 0.00000000 0.0000e+00
1.0800 0.00000000 0.0000e+00
1.0850 0.00000000 0.0000e+00
1.0900 0.00000000 0.0000e+00
1.0950 0.00000000 0.0000e+00
1.1000 0.00000000 0.0000e+00
1.1050 0.00000000 0.0000e+00
1.1100 0.00000000 0.0000e+00
1.1150 0.00000000 0.0000e+00
1.1200 0.00000000 0.0000e+00
1.1250 0.00000000 0.0000e+00
1.1300 0.00000000 0.0000e+00
1.1350 0.00000000 0.0000e+00
1.1400 0.00000000 0.0000e+00
1.1450 0.00000000 0.0000e+00
1.1500 0.00000000 0.0000e+00
1.1550 0.00000000 0.0000e+00
1.1600 0.00000000 0.0000e+00
1.1650 0.00000000 0.0000e+00
1.1700 0.00000000 0.0000e+00
1.1750 0.00000000 0.0000e+00
1.1800 0.00000000 0.0000e+00
1.1850 0.00000000 0.0000e+00
1.1900 0.00000000 0.0000e+00
1.1950 0.00000000 0.0000e+00
1.2000 0.00000000 0.0000e+00
1.2050 0.00000000 0.0000e+00
1.2100 0.00000000 0.0000e+00
1.2150 0.00000000 0.0000e+00
1.2200 0.00000000 0.0000e+00
1.2250 0.00000000 0.0000e+00
1.2300 0.00000000 0.0000e+00
1.2350 0.00000000 0.0000e+00
1.2400 0.00000000 0.0000e+00
1.2450 0.00000000 0.0000e+00
1.2500 0.00000000 0.0000e+00
1.2550 0.00000000 0.0000e+00
1.2600 0.00000000 0.0000e+00
1.2650 0.00000000 0.0000e+00
1.2700 0.00000000 0.0000e+00
1.2750 0.00000000 0.0000e+00
1.2800 0.00000000 0.0000e+00
1.2850 0.00000000 0.0000e+00
1.2900 0.00000000 0.0000e+00
1.2950 0.00000000 0.0000e+00
1.3000 0.00000000 0.0000e+00
1.3050 0.00000000 0.0000e+00
1.3100 0.00000000 0.0000e+00
1.3150 0.00000000 0.0000e+00
1.3200 0.00000000 0.0000e+00
1.3250 0.00000000 0.0000e+00
1.3300 0.00000000 0.0000e+00
1.3350 0.00000000 0.0000e+00
1.3400 0.00000000 0.0000e+00
1.3450 0.00000000 0.0000e+00
1.3500 0.00000000 0.0000e+00
1.3550 0.00000000 0.0000e+00
1.3600 0.00000000 0.0000e+00
1.3650 0.00000000 0.0000e+00
1.3700 0.00000000 0.0000e+00
1.3750 0.00000000 0.0000e+00
1.3800 0.00000000 0.0000e+00
1.3850 0.00000000 0.0000e+00
1.3900 0.00000000 0.0000e+00
1.3950 0.00000000 0.0000e+00
1.4000 0.00000000 0.0000e+00
1.4050 0.00000000 0.0000e+00
1.4100 0.00000000 0.0000e+00
1.4150 0.00000000 0.0000e+00
1.4200 0.00000000 0.0000e+00
1.4250 0.00000000 0.0000e+00
1.4300 0.00000000 0.0000e+00
1.4350 0.00000000 0.0000e+00
1.4400 0.00000000 0.0000e+00
1.4450 0.00000000 0.0000e+00
1.4500 0.00000000 0.0000e+00
1.4550 0.00000000 0.0000e+00
1.4600 0.00000000 0.0000e+00
1.4650 0.00000000 0.0000e+00
1.4700 0.00000000 0.0000e+00
1.4750 0.00000000 0.0000e+00
1.4800 0.00000000 0.0000e+00
1.4850 0.00000000 0.0000e+00
1.4900 0.00000000 0.0000e+00
1.4950 0.00000000 0.0000e+00
1.5000 0.00000000 0.0000e+00
1.5050 0.00000000 0.0000e+00
1.5100 0.00000000 0.0000e+00
1.5150 0.00000000 0.0000e+00
1.5200 0.00000000 0.0000e+00
1.5250 0.00000000 0.0000e+00
1.5300 0.00000000 0.0000e+00
1.5350 0.00000000 0.0000e+00
1.5400 0.00000000 0.0000e+00
1.5450 0.00000000 0.0000e+00
1.5500 0.00000000 0.0000e+00
1.5550 0.00000000 0.0000e+00
1.5600 0.00000000 0.0000e+00
1.5650 0.00000000 0.0000e+00
1.5700 0.00000000 0.0000e+00
1.5750 0.00000000 0.0000e+00
1.5800 0.00000000 0.0000e+00
1.5850 0.00000000 0.0000e+00
1.5900 0.00000000 0.0000e+00
1.5950 0.00000000 0.0000e+00
1.6000 0.00000000 0.0000e+00
1.6050 0.00000000 0.0000e+00
1.6100 0.00000000 0.0000e+00
1.6150 0.00000000 0.0000e+00
1.6200 0.00000000 0.0000e+00
1.6250 0.00000000 0.0000e+00
1.6300 0.00000000 0.0000e+00
1.6350 0.00000000 0.0000e+00
1.6400 0.00000000 0.0000e+00
1.6450 0.00000000 0.0000e+00
1.6500 0.00000000 0.0000e+00
1.6550 0.00000000 0.0000e+00
1.6600 0.00000000 0.0000e+00
1.6650 0.00000000 0.0000e+00
1.6700 0.00000000 0.0000e+00
1.6750 0.00000000 0.0000e+00
1.6800 0.00000000 0.0000e+00
1.6850 0.00000000 0.0000e+00
1.6900 0.00000000 0.0000e+00
1.6950 0.00000000 0.0000e+00
1.7000 0.00000000 0.0000e+00
1.7050 0.00000000 0.0000e+00
1.7100 0.00000000 0.0000e+00
1.7150 0.00000000 0.0000e+00
1.7200 0.00000000 0.0000e+00
1.7250 0.00000000 0.0000e+00
1.7300 0.00000000 0.0000e+00
1.7350 0.00000000 0.0000e+00
1.7400 0.00000000 0.0000e+00
1.7450 0.00000000 0.0000e+00
1.7500 0.00000000 0.0000e+00
1.7550 0.00000000 0.0000e+00
1.7600 0.00000000 0.0000e+00
1.7650 0.00000000 0.0000e+00
1.7700 0.00000000 0.0000e+00
1.7750 0.00000000 0.0000e+00
1.7800 0.00000000 0.0000e+00
1.7850 0.00000000 0.0000e+00
1.7900 0.00000000 0.0000e+00
1.7950 0.00000000 0.0000e+00
1.8000 0.00000000 0.0000e+00
1.8050 0.00000000 0.0000e+00
1.8100 0.00000000 0.0000e+00
1.8150 0.00000000 0.0000e+00
1.8200 0.00000000 0.0000e+00
1.8250 0.00000000 0.0000e+00
1.8300 0.00000000 0.0000e+00
1.8350 0.00000000 0.0000e+00
1.8400 0.00000000 0.0000e+00
1.8450 0.00000000 0.0000e+00
1.8500 0.00000000 0.0000e+00
1.8550 0.00000000 0.0000e+00
1.8600 0.00000000 0.0000e+00
1.8650 0.00000000 0.0000e+00
1.8700 0.00000000 0.0000e+00
1.8750 0.00000000 0.0000e+00
1.8800 0.00000000 0.0000e+00
1.8850 0.00000000 0.0000e+00
1.8900 0.00000000 0.0000e+00
1.8950 0.00000000 0.0000e+00
1.9000 0.00000000 0.0000e+00
1.9050 0.00000000 0.0000e+00
1.9100 0.00000000 0.0000e+00
1.9150 0.00000000 0.0000e+00
1.9200 0.00000000 0.0000e+00
1.9250 0.00000000 0.0000e+00
1.9300 0.00000000 0.0000e+00
1.9350 0.00000000 0.0000e+00
1.9400 0.00000000 0.0000e+00
1.9450 0.00000000 0.0000e+00
1.9500 0.00000000 0.0000e+00
1.9550 0.00000000 0.0000e+00
1.9600 0.00000000 0.0000e+00
1.9650 0.00000000 0.0000e+00
1.9700 0.00000000 0.0000e+00
1.9750 0.00000000 0.0000e+00
1.9800 0.00000000 0.0000e+00
1.9850 0.00000000 0.0000e+00
1.9900 0.00000000 0.0000e+00
1.9950 0.00000000 0.0000e+00
2.0000 0.00000000 0.0000e+00
2.0050 0.00000000 0.0000e+00
2.0100 0.00000000 0.0000e+00
2.0150 0.00000000 0.0000e+00
2.0200 0.00000000 0.0000e+00
2.0250 0.00000000 0.0000e+00
2.0300 0.00000000 0.0000e+00
2.0350 0.00000000 0.0000e+00
2.0400 0.00000000 0.0000e+00
2.0450 0.00000000 0.0000e+00
2.0500 0.00000000 0.0000e+00
2.0550 0.00000000 0.0000e+00
2.0600 0.00000000 0.0000e+00
2.0650 0.00000000 0.0000e+00
2.0700 0.00000000 0.0000e+00
2.0750 0.00000000 0.0000e+00
2.0800 0.00000000 0.0000e+00
2.0850 0.00000000 0.0000e+00
2.0900 0.00000000 0.0000e+00
2.0950 0.00000000 0.0000e+00
2.1000 0.00000000 0.0000e+00
2.1050 0.00000000 0.0000e+00
2.1100 0.00000000 0.0000e+00
2.1150 0.00940579 6.4276e+10
2.1200 0.00983338 6.7198e+10
2.1250 0.01026097 7.0120e+10
2.1300 0.01068856 7.3042e+10
2.1350 0.01111615 7.5964e+10
2.1400 0.01154374 7.8886e+10
2.1450 0.01197133 8.1808e+10
2.1500 0.01239892 8.4730e+10
2.1550 0.01282651 8.7652e+10
2.1600 0.01325410 9.0574e+10
2.1650 0.01368169 9.3496e+10
2.1700 0.01410928 9.6418e+10
2.1750 0.01453687 9.9341e+10
2.1800 0.01496446 1.0226e+11
2.1850 0.01539205 1.0518e+11
2.1900 0.01581964 1.0811e+11
2.1950 0.01624723 1.1103e+11
2.2000 0.01667482 1.1395e+11
2.2050 0.01710241 1.1687e+11
2.2100 0.01753000 1.1979e+11
2.2150 0.01795759 1.2272e+11
2.2200 0.01838518 1.2564e+11
2.2250 0.01881277 1.2856e+11
2.2300 0.01924036 1.3148e+11
2.2350 0.01966795 1.3440e+11
2.2400 0.02009554 1.3733e+11
2.2450 0.02052313 1.4025e+11
2.2500 0.02095072 1.4317e+11
2.2550 0.02137831 1.4609e+11
2.2600 0.02180590 1.4901e+11
2.2650 0.02223349 1.5194e+11
2.2700 0.02266108 1.5486e+11
2.2750 0.02308867 1.5778e+11
2.2800 0.02351626 1.6070e+11
2.2850 0.02394386 1.6362e+11
2.2900 0.02437145 1.6655e+11
2.2950 0.02479904 1.6947e+11
2.3000 0.02522663 1.7239e+11
2.3050 0.02565422 1.7531e+11
2.3100 0.02608181 1.7824e+11
2.3150 0.02650940 1.8116e+11
2.3200 0.02693699 1.8408e+11
2.3250 0.02736458 1.8700e+11
2.3300 0.02779217 1.8992e+11
2.3350 0.02821976 1.9285e+11
2.3400 0.02864735 1.9577e+11
2.3450 0.02907494 1.9869e+11
2.3500 0.02950253 2.0161e+11
2.3550 0.02993012 2.0453e+11
2.3600 0.03035771 2.0746e+11
2.3650 0.03078530 2.1038e+11
2.3700 0.03121289 2.1330e+11
2.3750 0.03164048 2.1622e+11
2.3800 0.03206807 2.1914e+11
2.3850 0.03249566 2.2207e+11
2.3900 0.03292325 2.2499e+11
2.3950 0.03335084 2.2791e+11
2.4000 0.03377843 2.3083e+11
2.4050 0.03420602 2.3375e+11
2.4100 0.03463361 2.3668e+11
2.4150 0.03506479 2.3962e+11
2.4200 0.03616584 2.4715e+11
2.4250 0.03726689 2.5467e+11
2.4300 0.03836794 2.6219e+11
2.4350 0.03946899 2.6972e+11
2.4400 0.04057004 2.7724e+11
2.4450 0.04167109 2.8477e+11
2.4500 0.04277214 2.9229e+11
2.4550 0.04387319 2.9982e+11
2.4600 0.04497424 3.0734e+11
2.4650 0.04607529 3.1486e+11
2.4700 0.04717634 3.2239e+11
2.4750 0.04827739 3.2991e+11
2.4800 0.04937843 3.3744e+11
2.4850 0.05047948 3.4496e+11
2.4900 0.05158053 3.5249e+11
2.4950 0.05268158 3.6001e+11
2.5000 0.05378263 3.6753e+11
2.5050 0.05488368 3.7506e+11
2.5100 0.05598473 3.8258e+11
2.5150 0.05708578 3.9011e+11
2.5200 0.05818683 3.9763e+11
2.5250 0.05928788 4.0516e+11
2.5300 0.06038893 4.1268e+11
2.5350 0.06148998 4.2020e+11
2.5400 0.06259103 4.2773e+11
2.5450 0.06369208 4.3525e+11
2.5500 0.06479313 4.4278e+11
2.5550 0.06589418 4.5030e+11
2.5600 0.06699523 4.5782e+11
2.5650 0.06809628 4.6535e+11
2.5700 0.06919733 4.7287e+11
2.5750 0.07029838 4.8040e+11
2.5800 0.07139943 4.8792e+11
2.5850 0.07250047 4.9545e+11
2.5900 0.07360152 5.0297e+11
2.5950 0.07537348 5.1508e+11
2.6000 0.07732694 5.2843e+11
2.6050 0.07928039 5.4178e+11
2.6100 0.08123384 5.5513e+11
2.6150 0.08318730 5.6848e+11
2.6200 0.08514075 5.8183e+11
2.6250 0.08709421 5.9518e+11
2.6300 0.08904766 6.0852e+11
2.6350 0.09100111 6.2187e+11
2.6400 0.09295457 6.3522e+11
2.6450 0.09490802 6.4857e+11
2.6500 0.09686148 6.6192e+11
2.6550 0.09881493 6.7527e+11
2.6600 0.10076838 6.8862e+11
2.6650 0.10272184 7.0197e+11
2.6700 0.10467529 7.1532e+11
2.6750 0.10662874 7.2867e+11
2.6800 0.10858220 7.4202e+11
2.6850 0.11053565 7.5537e+11
2.6900 0.11248911 7.6872e+11
2.6950 0.11444256 7.8207e+11
2.7000 0.11639601 7.9541e+11
2.7050 0.11834947 8.0876e+11
2.7100 0.12030292 8.2211e+11
2.7150 0.12225638 8.3546e+11
2.7200 0.12494065 8.5381e+11
2.7250 0.12780839 8.7340e+11
2.7300 0.13067614 8.9300e+11
2.7350 0.13354388 9.1260e+11
2.7400 0.13641162 9.3220e+11
2.7450 0.13927937 9.5179e+11
2.7500 0.14214711 9.7139e+11
2.7550 0.14501485 9.9099e+11
2.7600 0.14788260 1.0106e+12
2.7650 0.15075034 1.0302e+12
2.7700 0.15361809 1.0498e+12
2.7750 0.15648583 1.0694e+12
2.7800 0.15935357 1.0890e+12
2.7850 0.16222132 1.1086e+12
2.7900 0.16508906 1.1282e+12
2.7950 0.16795680 1.1478e+12
2.8000 0.17082455 1.1674e+12
2.8050 0.17369229 1.1870e+12
2.8100 0.17656003 1.2066e+12
2.8150 0.17983307 1.2289e+12
2.8200 0.18367196 1.2552e+12
2.8250 0.18751085 1.2814e+12
2.8300 0.19134974 1.3076e+12
2.8350 0.19518863 1.3339e+12
2.8400 0.19902752 1.3601e+12
2.8450 0.20286641 1.3863e+12
2.8500 0.20670530 1.4126e+12
2.8550 0.21054419 1.4388e+12
2.8600 0.21438308 1.4650e+12
2.8650 0.21822197 1.4913e+12
2.8700 0.22206086 1.5175e+12
2.8750 0.22589975 1.5437e+12
2.8800 0.22973864 1.5700e+12
2.8850 0.23357753 1.5962e+12
2.8900 0.23741642 1.6224e+12
2.8950 0.24175955 1.6521e+12
2.9000 0.24646621 1.6843e+12
2.9050 0.25117286 1.7164e+12
2.9100 0.25587952 1.7486e+12
2.9150 0.26058618 1.7808e+12
2.9200 0.26529284 1.8129e+12
2.9250 0.26999949 1.8451e+12
2.9300 0.27470615 1.8773e+12
2.9350 0.27941281 1.9094e+12
2.9400 0.28411946 1.9416e+12
2.9450 0.28882612 1.9737e+12
2.9500 0.29353278 2.0059e+12
2.9550 0.29823943 2.0381e+12
2.9600 0.30310264 2.0713e+12
2.9650 0.30862586 2.1091e+12
2.9700 0.31414909 2.1468e+12
2.9750 0.31967231 2.1845e+12
2.9800 0.32519553 2.2223e+12
2.9850 0.33071875 2.2600e+12
2.9900 0.33624197 2.2978e+12
2.9950 0.34176519 2.3355e+12
3.0000 0.34728841 2.3733e+12
3.0050 0.35281163 2.4110e+12
3.0100 0.35833485 2.4488e+12
3.0150 0.36385807 2.4865e+12
3.0200 0.36981016 2.5272e+12
3.0250 0.37605621 2.5699e+12
3.0300 0.38230225 2.6125e+12
3.0350 0.38854829 2.6552e+12
3.0400 0.39479434 2.6979e+12
3.0450 0.40104038 2.7406e+12
3.0500 0.40728642 2.7833e+12
3.0550 0.41353247 2.8260e+12
3.0600 0.41977851 2.8686e+12
3.0650 0.42602455 2.9113e+12
3.0700 0.43244320 2.9552e+12
3.0750 0.43916496 3.0011e+12
3.0800 0.44588672 3.0471e+12
3.0850 0.45260849 3.0930e+12
3.0900 0.45933025 3.1389e+12
3.0950 0.46605201 3.1849e+12
3.1000 0.47277377 3.2308e+12
3.1050 0.47949554 3.2767e+12
3.1100 0.48621730 3.3227e+12
3.1150 0.49304807 3.3693e+12
3.1200 0.50028564 3.4188e+12
3.1250 0.50752320 3.4683e+12
3.1300 0.51476077 3.5177e+12
3.1350 0.52199834 3.5672e+12
3.1400 0.52923591 3.6166e+12
3.1450 0.53647348 3.6661e+12
3.1500 0.54371105 3.7156e+12
3.1550 0.55094861 3.7650e+12
3.1600 0.55853247 3.8168e+12
3.1650 0.56614127 3.8688e+12
3.1700 0.57375007 3.9208e+12
3.1750 0.58135887 3.9728e+12
3.1800 0.58896767 4.0248e+12
3.1850 0.59657647 4.0768e+12
3.1900 0.60418527 4.1288e+12
3.1950 0.61180748 4.1809e+12
3.2000 0.61945203 4.2331e+12
3.2050 0.62709657 4.2854e+12
3.2100 0.63474112 4.3376e+12
3.2150 0.64238567 4.3899e+12
3.2200 0.65003022 4.4421e+12
3.2250 0.65767477 4.4943e+12
3.2300 0.66544798 4.5475e+12
3.2350 0.67339693 4.6018e+12
3.2400 0.68134588 4.6561e+12
3.2450 0.68929483 4.7104e+12
3.2500 0.69724378 4.7647e+12
3.2550 0.70519273 4.8191e+12
3.2600 0.71314168 4.8734e+12
3.2650 0.72106298 4.9275e+12
3.2700 0.72898387 4.9817e+12
3.2750 0.73690476 5.0358e+12
3.2800 0.74482565 5.0899e+12
3.2850 0.75274654 5.1440e+12
3.2900 0.76066743 5.1982e+12
3.2950 0.76816265 5.2494e+12
3.3000 0.77565490 5.3006e+12
3.3050 0.78314716 5.3518e+12
3.3100 0.79063941 5.4030e+12
3.3150 0.79813167 5.4542e+12
3.3200 0.80561490 5.5053e+12
3.3250 0.81308388 5.5564e+12
3.3300 0.82055286 5.6074e+12
3.3350 0.82802183 5.6584e+12
3.3400 0.83549081 5.7095e+12
3.3450 0.84294671 5.7604e+12
3.3500 0.85030812 5.8107e+12
3.3550 0.85766953 5.8611e+12
3.3600 0.86503093 5.9114e+12
3.3650 0.87239234 5.9617e+12
3.3700 0.87968276 6.0115e+12
3.3750 0.88659154 6.0587e+12
3.3800 0.89350032 6.1059e+12
3.3850 0.90040910 6.1531e+12
3.3900 0.90731788 6.2003e+12
3.3950 0.91401290 6.2461e+12
3.4000 0.92045762 6.2901e+12
3.4050 0.92690234 6.3342e+12
3.4100 0.93334705 6.3782e+12
3.4150 0.93979085 6.4222e+12
3.4200 0.94606379 6.4651e+12
3.4250 0.95233673 6.5080e+12
3.4300 0.95860967 6.5508e+12
3.4350 0.96488261 6.5937e+12
3.4400 0.97046977 6.6319e+12
3.4450 0.97584916 6.6687e+12
3.4500 0.98122854 6.7054e+12
3.4550 0.98660793 6.7422e+12
3.4600 0.99187241 6.7782e+12
3.4650 0.99709370 6.8138e+12
3.4700 1.00231498 6.8495e+12
3.4750 1.00753627 6.8852e+12
3.4800 1.01361784 6.9268e+12
3.4850 1.01983280 6.9692e+12
3.4900 1.02604776 7.0117e+12
3.4950 1.03170613 7.0504e+12
3.5000 1.03462930 7.0703e+12
3.5050 1.03755246 7.0903e+12
3.5100 1.04047563 7.1103e+12
3.5150 1.04387875 7.1335e+12
3.5200 1.04757192 7.1588e+12
3.5250 1.05126508 7.1840e+12
3.5300 1.05507610 7.2101e+12
3.5350 1.05931325 7.2390e+12
3.5400 1.06355039 7.2680e+12
3.5450 1.06778754 7.2969e+12
3.5500 1.07018582 7.3133e+12
3.5550 1.07246376 7.3289e+12
3.5600 1.07474170 7.3445e+12
3.5650 1.07797826 7.3666e+12
3.5700 1.08148563 7.3905e+12
3.5750 1.08499300 7.4145e+12
3.5800 1.08590921 7.4208e+12
3.5850 1.08587544 7.4205e+12
3.5900 1.08584167 7.4203e+12
3.5950 1.08668817 7.4261e+12
3.6000 1.08777279 7.4335e+12
3.6050 1.08885741 7.4409e+12
3.6100 1.09049487 7.4521e+12
3.6150 1.09216826 7.4635e+12
3.6200 1.09342828 7.4722e+12
3.6250 1.09282208 7.4680e+12
3.6300 1.09221588 7.4639e+12
3.6350 1.09180241 7.4610e+12
3.6400 1.09157520 7.4595e+12
3.6450 1.09134799 7.4579e+12
3.6500 1.09032528 7.4509e+12
3.6550 1.08922920 7.4435e+12
3.6600 1.08790499 7.4344e+12
3.6650 1.08623532 7.4230e+12
3.6700 1.08456565 7.4116e+12
3.6750 1.08246524 7.3972e+12
3.6800 1.08034255 7.3827e+12
3.6850 1.07814386 7.3677e+12
3.6900 1.07588807 7.3523e+12
3.6950 1.07365280 7.3370e+12
3.7000 1.07147759 7.3221e+12
3.7050 1.06930239 7.3073e+12
3.7100 1.06687564 7.2907e+12
3.7150 1.06444848 7.2741e+12
3.7200 1.05952976 7.2405e+12
3.7250 1.05398555 7.2026e+12
3.7300 1.04904259 7.1688e+12
3.7350 1.04441694 7.1372e+12
3.7400 1.04027499 7.1089e+12
3.7450 1.03651083 7.0832e+12
3.7500 1.03160910 7.0497e+12
3.7550 1.02564733 7.0090e+12
3.7600 1.02133791 6.9795e+12
3.7650 1.01854889 6.9605e+12
3.7700 1.01299849 6.9225e+12
3.7750 1.00535495 6.8703e+12
3.7800 0.99592099 6.8058e+12
3.7850 0.98556371 6.7350e+12
3.7900 0.98066224 6.7015e+12
3.7950 0.97719570 6.6779e+12
3.8000 0.96837550 6.6176e+12
3.8050 0.96004567 6.5607e+12
3.8100 0.95506173 6.5266e+12
3.8150 0.94962045 6.4894e+12
3.8200 0.94354063 6.4479e+12
3.8250 0.93567789 6.3941e+12
3.8300 0.92705439 6.3352e+12
3.8350 0.91965850 6.2847e+12
3.8400 0.91121660 6.2270e+12
3.8450 0.90088373 6.1564e+12
3.8500 0.89143460 6.0918e+12
3.8550 0.88205037 6.0277e+12
3.8600 0.87106709 5.9526e+12
3.8650 0.86166363 5.8883e+12
3.8700 0.85338064 5.8317e+12
3.8750 0.84368420 5.7655e+12
3.8800 0.83362330 5.6967e+12
3.8850 0.82331182 5.6263e+12
3.8900 0.81483295 5.5683e+12
3.8950 0.80517747 5.5023e+12
3.9000 0.79406625 5.4264e+12
3.9050 0.77938341 5.3261e+12
3.9100 0.76964968 5.2595e+12
3.9150 0.76100647 5.2005e+12
3.9200 0.75100021 5.1321e+12
3.9250 0.74090000 5.0631e+12
3.9300 0.73164681 4.9998e+12
3.9350 0.72154832 4.9308e+12
3.9400 0.70834453 4.8406e+12
3.9450 0.69842174 4.7728e+12
3.9500 0.68840287 4.7043e+12
3.9550 0.67663551 4.6239e+12
3.9600 0.66357727 4.5347e+12
3.9650 0.65416546 4.4704e+12
3.9700 0.63539071 4.3421e+12
3.9750 0.62315985 4.2585e+12
3.9800 0.61199719 4.1822e+12
3.9850 0.60099243 4.1070e+12
3.9900 0.59223446 4.0471e+12
3.9950 0.58357332 3.9880e+12
4.0000 0.57012282 3.8960e+12
4.0050 0.55410402 3.7866e+12
4.0100 0.53955100 3.6871e+12
4.0150 0.52884455 3.6140e+12
4.0200 0.51983393 3.5524e+12
4.0250 0.50626099 3.4596e+12
4.0300 0.49613249 3.3904e+12
4.0350 0.48988959 3.3478e+12
4.0400 0.47667649 3.2575e+12
4.0450 0.46593648 3.1841e+12
4.0500 0.45442123 3.1054e+12
4.0550 0.44371509 3.0322e+12
4.0600 0.43033685 2.9408e+12
4.0650 0.41765720 2.8541e+12
4.0700 0.40789748 2.7874e+12
4.0750 0.40001395 2.7336e+12
4.0800 0.38929351 2.6603e+12
4.0850 0.37731294 2.5784e+12
4.0900 0.36500476 2.4943e+12
4.0950 0.35468454 2.4238e+12
4.1000 0.34203301 2.3373e+12
4.1050 0.33444770 2.2855e+12
4.1100 0.32335348 2.2097e+12
4.1150 0.31239973 2.1348e+12
4.1200 0.30056558 2.0540e+12
4.1250 0.29480084 2.0146e+12
4.1300 0.28109218 1.9209e+12
4.1350 0.27091516 1.8514e+12
4.1400 0.26694708 1.8242e+12
4.1450 0.25085515 1.7143e+12
4.1500 0.24714894 1.6889e+12
4.1550 0.23750174 1.6230e+12
4.1600 0.22883904 1.5638e+12
4.1650 0.21713530 1.4838e+12
4.1700 0.21318051 1.4568e+12
4.1750 0.20597244 1.4076e+12
4.1800 0.19537469 1.3351e+12
4.1850 0.18821409 1.2862e+12
4.1900 0.18190911 1.2431e+12
4.1950 0.17797813 1.2162e+12
4.2000 0.16676028 1.1396e+12
4.2050 0.16087061 1.0993e+12
4.2100 0.15496361 1.0590e+12
4.2150 0.14264811 9.7481e+11
4.2200 0.14239640 9.7309e+11
4.2250 0.13402631 9.1589e+11
4.2300 0.13045896 8.9152e+11
4.2350 0.12189285 8.3298e+11
4.2400 0.11727941 8.0145e+11
4.2450 0.11190743 7.6474e+11
4.2500 0.10562184 7.2179e+11
4.2550 0.10145390 6.9330e+11
4.2600 0.09244581 6.3175e+11
4.2650 0.09030670 6.1713e+11
4.2700 0.08703302 5.9476e+11
4.2750 0.08041980 5.4956e+11
4.2800 0.07623778 5.2099e+11
4.2850 0.07478213 5.1104e+11
4.2900 0.07004001 4.7863e+11
4.2950 0.06403319 4.3758e+11
4.3000 0.06338775 4.3317e+11
4.3050 0.05868736 4.0105e+11
4.3100 0.05283051 3.6103e+11
4.3150 0.05282775 3.6101e+11
4.3200 0.04769636 3.2594e+11
4.3250 0.04746457 3.2436e+11
4.3300 0.04359408 2.9791e+11
4.3350 0.04207637 2.8754e+11
4.3400 0.03687052 2.5196e+11
4.3450 0.03641869 2.4887e+11
4.3500 0.03170070 2.1663e+11
4.3550 0.03049067 2.0836e+11
4.3600 0.02699860 1.8450e+11
4.3650 0.02900521 1.9821e+11
4.3700 0.02350349 1.6062e+11
4.3750 0.02313740 1.5811e+11
4.3800 0.02082855 1.4234e+11
4.3850 0.02013677 1.3761e+11
4.3900 0.01910657 1.3057e+11
4.3950 0.01741414 1.1900e+11
4.4000 0.01677066 1.1461e+11
4.4050 0.01581386 1.0807e+11
4.4100 0.01473934 1.0072e+11
4.4150 0.01353918 9.2523e+10
4.4200 0.01292721 8.8341e+10
4.4250 0.00998808 6.8255e+10
4.4300 0.00930679 6.3600e+10
4.4350 0.00818963 5.5965e+10
4.4400 0.00804356 5.4967e+10
4.4450 0.00736130 5.0305e+10
4.4500 0.00806616 5.5122e+10
4.4550 0.00726346 4.9636e+10
4.4600 0.00712647 4.8700e+10
4.4650 0.00539548 3.6871e+10
4.4700 0.00545553 3.7281e+10
4.4750 0.00438075 2.9937e+10
4.4800 0.00325473 2.2242e+10
4.4850 0.00382387 2.6131e+10
4.4900 0.00333562 2.2795e+10
4.4950 0.00319631 2.1843e+10
4.5000 0.00226700 1.5492e+10
4.5050 0.00179691 1.2280e+10
4.5100 0.00173521 1.1858e+10
4.5150 0.00178852 1.2222e+10
4.5200 0.00174016 1.1892e+10
4.5250 0.00147771 1.0098e+10
4.5300 0.00129320 8.8373e+09
4.5350 0.00148903 1.0176e+10
4.5400 0.00087966 6.0114e+09
4.5450 0.00059879 4.0920e+09
4.5500 0.00090895 6.2115e+09
4.5550 0.00126612 8.6523e+09
4.5600 0.00052226 3.5690e+09
4.5650 0.00030144 2.0600e+09
4.5700 0.00028371 1.9388e+09
4.5750 0.00031679 2.1648e+09
4.5800 0.00026861 1.8356e+09
4.5850 0.00076251 5.2108e+09
4.5900 0.00054613 3.7321e+09
4.5950 0.00022666 1.5489e+09
4.6000 0.00023193 1.5849e+09
4.6050 0.00023733 1.6218e+09
4.6100 0.00028830 1.9702e+09
4.6150 0.00074530 5.0931e+09
4.6200 0.00045089 3.0812e+09
4.6250 0.00026023 1.7783e+09
4.6300 0.00051392 3.5120e+09
4.6350 0.00027250 1.8622e+09
4.6400 0.00027884 1.9055e+09
4.6450 0.00028536 1.9501e+09
4.6500 0.00029211 1.9962e+09
4.6550 0.00029912 2.0441e+09
4.6600 0.00030613 2.0920e+09
4.6650 0.00031315 2.1400e+09
4.6700 0.00032016 2.1879e+09
4.6750 0.00032821 2.2429e+09
4.6800 0.00033701 2.3030e+09
4.6850 0.00034581 2.3631e+09
4.6900 0.00035460 2.4233e+09
4.6950 0.00036340 2.4834e+09
4.7000 0.00037220 2.5435e+09
4.7050 0.00038100 2.6036e+09
4.7100 0.00038980 2.6638e+09
4.7150 0.00039860 2.7239e+09
4.7200 0.00040740 2.7840e+09
4.7250 0.00041619 2.8441e+09
4.7300 0.00042499 2.9043e+09
4.7350 0.00043379 2.9644e+09
4.7400 0.00044259 3.0245e+09
4.7450 0.00000000 0.0000e+00
4.7500 0.00000000 0.0000e+00
4.7550 0.00000000 0.0000e+00
4.7600 0.00000000 0.0000e+00
4.7650 0.00000000 0.0000e+00
4.7700 0.00000000 0.0000e+00
4.7750 0.00000000 0.0000e+00
4.7800 0.00000000 0.0000e+00
4.7850 0.00000000 0.0000e+00
4.7900 0.00000000 0.0000e+00
4.7950 0.00000000 0.0000e+00
4.8000 0.00000000 0.0000e+00
4.8050 0.00000000 0.0000e+00
4.8100 0.00000000 0.0000e+00
4.8150 0.00000000 0.0000e+00
4.8200 0.00000000 0.0000e+00
4.8250 0.00000000 0.0000e+00
4.8300 0.00000000 0.0000e+00
4.8350 0.00000000 0.0000e+00
4.8400 0.00000000 0.0000e+00
4.8450 0.00000000 0.0000e+00
4.8500 0.00000000 0.0000e+00
4.8550 0.00000000 0.0000e+00
4.8600 0.00000000 0.0000e+00
4.8650 0.00000000 0.0000e+00
4.8700 0.00000000 0.0000e+00
4.8750 0.00000000 0.0000e+00
4.8800 0.00000000 0.0000e+00
4.8850 0.00000000 0.0000e+00
4.8900 0.00000000 0.0000e+00
4.8950 0.00000000 0.0000e+00
4.9000 0.00000000 0.0000e+00
4.9050 0.00000000 0.0000e+00
4.9100 0.00000000 0.0000e+00
4.9150 0.00000000 0.0000e+00
4.9200 0.00000000 0.0000e+00
4.9250 0.00000000 0.0000e+00
4.9300 0.00000000 0.0000e+00
4.9350 0.00000000 0.0000e+00
4.9400 0.00000000 0.0000e+00
4.9450 0.00000000 0.0000e+00
4.9500 0.00000000 0.0000e+00
4.9550 0.00000000 0.0000e+00
4.9600 0.00000000 0.0000e+00
4.9650 0.00000000 0.0000e+00
4.9700 0.00000000 0.0000e+00
4.9750 0.00000000 0.0000e+00
4.9800 0.00000000 0.0000e+00
4.9850 0.00000000 0.0000e+00
4.9900 0.00000000 0.0000e+00
4.9950 0.00000000 0.0000e+00
5.0000 0.00000000 0.0000e+00
5.0050 0.00000000 0.0000e+00
5.0100 0.00000000 0.0000e+00
5.0150 0.00000000 0.0000e+00
5.0200 0.00000000 0.0000e+00
5.0250 0.00000000 0.0000e+00
5.0300 0.00000000 0.0000e+00
5.0350 0.00000000 0.0000e+00
5.0400 0.00000000 0.0000e+00
5.0450 0.00000000 0.0000e+00
5.0500 0.00000000 0.0000e+00
5.0550 0.00000000 0.0000e+00
5.0600 0.00000000 0.0000e+00
5.0650 0.00000000 0.0000e+00
5.0700 0.00000000 0.0000e+00
5.0750 0.00000000 0.0000e+00
5.0800 0.00000000 0.0000e+00
5.0850 0.00000000 0.0000e+00
5.0900 0.00000000 0.0000e+00
5.0950 0.00000000 0.0000e+00
5.1000 0.00000000 0.0000e+00
5.1050 0.00000000 0.0000e+00
5.1100 0.00000000 0.0000e+00
5.1150 0.00000000 0.0000e+00
5.1200 0.00000000 0.0000e+00
5.1250 0.00000000 0.0000e+00
5.1300 0.00000000 0.0000e+00
5.1350 0.00000000 0.0000e+00
5.1400 0.00000000 0.0000e+00
5.1450 0.00000000 0.0000e+00
5.1500 0.00000000 0.0000e+00
5.1550 0.00000000 0.0000e+00
5.1600 0.00000000 0.0000e+00
5.1650 0.00000000 0.0000e+00
5.1700 0.00000000 0.0000e+00
5.1750 0.00000000 0.0000e+00
5.1800 0.00000000 0.0000e+00
5.1850 0.00000000 0.0000e+00
5.1900 0.00000000 0.0000e+00
5.1950 0.00000000 0.0000e+00
5.2000 0.00000000 0.0000e+00
5.2050 0.00000000 0.0000e+00
5.2100 0.00000000 0.0000e+00
5.2150 0.00000000 0.0000e+00
5.2200 0.00000000 0.0000e+00
5.2250 0.00000000 0.0000e+00
5.2300 0.00000000 0.0000e+00
5.2350 0.00000000 0.0000e+00
5.2400 0.00000000 0.0000e+00
5.2450 0.00000000 0.0000e+00
5.2500 0.00000000 0.0000e+00
5.2550 0.00000000 0.0000e+00
5.2600 0.00000000 0.0000e+00
5.2650 0.00000000 0.0000e+00
5.2700 0.00000000 0.0000e+00
5.2750 0.00000000 0.0000e+00
5.2800 0.00000000 0.0000e+00
5.2850 0.00000000 0.0000e+00
5.2900 0.00000000 0.0000e+00
5.2950 0.00000000 0.0000e+00
5.3000 0.00000000 0.0000e+00
5.3050 0.00000000 0.0000e+00
5.3100 0.00000000 0.0000e+00
5.3150 0.00000000 0.0000e+00
5.3200 0.00000000 0.0000e+00
5.3250 0.00000000 0.0000e+00
5.3300 0.00000000 0.0000e+00
5.3350 0.00000000 0.0000e+00
5.3400 0.00000000 0.0000e+00
5.3450 0.00000000 0.0000e+00
5.3500 0.00000000 0.0000e+00
5.3550 0.00000000 0.0000e+00
5.3600 0.00000000 0.0000e+00
5.3650 0.00000000 0.0000e+00
5.3700 0.00000000 0.0000e+00
5.3750 0.00000000 0.0000e+00
5.3800 0.00000000 0.0000e+00
5.3850 0.00000000 0.0000e+00
5.3900 0.00000000 0.0000e+00
5.3950 0.00000000 0.0000e+00
5.4000 0.00000000 0.0000e+00
5.4050 0.00000000 0.0000e+00
5.4100 0.00000000 0.0000e+00
5.4150 0.00000000 0.0000e+00
5.4200 0.00000000 0.0000e+00
5.4250 0.00000000 0.0000e+00
5.4300 0.00000000 0.0000e+00
5.4350 0.00000000 0.0000e+00
5.4400 0.00000000 0.0000e+00
5.4450 0.00000000 0.0000e+00
5.4500 0.00000000 0.0000e+00
5.4550 0.00000000 0.0000e+00
5.4600 0.00000000 0.0000e+00
5.4650 0.00000000 0.0000e+00
5.4700 0.00000000 0.0000e+00
5.4750 0.00000000 0.0000e+00
5.4800 0.00000000 0.0000e+00
5.4850 0.00000000 0.0000e+00
5.4900 0.00000000 0.0000e+00
5.4950 0.00000000 0.0000e+00
5.5000 0.00000000 0.0000e+00
5.5050 0.00000000 0.0000e+00
5.5100 0.00000000 0.0000e+00
5.5150 0.00000000 0.0000e+00
5.5200 0.00000000 0.0000e+00
5.5250 0.00000000 0.0000e+00
5.5300 0.00000000 0.0000e+00
5.5350 0.00000000 0.0000e+00
5.5400 0.00000000 0.0000e+00
5.5450 0.00000000 0.0000e+00
5.5500 0.00000000 0.0000e+00
5.5550 0.00000000 0.0000e+00
5.5600 0.00000000 0.0000e+00
5.5650 0.00000000 0.0000e+00
5.5700 0.00000000 0.0000e+00
5.5750 0.00000000 0.0000e+00
5.5800 0.00000000 0.0000e+00
5.5850 0.00000000 0.0000e+00
5.5900 0.00000000 0.0000e+00
5.5950 0.00000000 0.0000e+00
5.6000 0.00000000 0.0000e+00
5.6050 0.00000000 0.0000e+00
5.6100 0.00000000 0.0000e+00
5.6150 0.00000000 0.0000e+00
5.6200 0.00000000 0.0000e+00
5.6250 0.00000000 0.0000e+00
5.6300 0.00000000 0.0000e+00
5.6350 0.00000000 0.0000e+00
5.6400 0.00000000 0.0000e+00
5.6450 0.00000000 0.0000e+00
5.6500 0.00000000 0.0000e+00
5.6550 0.00000000 0.0000e+00
5.6600 0.00000000 0.0000e+00
5.6650 0.00000000 0.0000e+00
5.6700 0.00000000 0.0000e+00
5.6750 0.00000000 0.0000e+00
5.6800 0.00000000 0.0000e+00
5.6850 0.00000000 0.0000e+00
5.6900 0.00000000 0.0000e+00
5.6950 0.00000000 0.0000e+00
5.7000 0.00000000 0.0000e+00
5.7050 0.00000000 0.0000e+00
5.7100 0.00000000 0.0000e+00
5.7150 0.00000000 0.0000e+00
5.7200 0.00000000 0.0000e+00
5.7250 0.00000000 0.0000e+00
5.7300 0.00000000 0.0000e+00
5.7350 0.00000000 0.0000e+00
5.7400 0.00000000 0.0000e+00
5.7450 0.00000000 0.0000e+00
5.7500 0.00000000 0.0000e+00
5.7550 0.00000000 0.0000e+00
5.7600 0.00000000 0.0000e+00
5.7650 0.00000000 0.0000e+00
5.7700 0.00000000 0.0000e+00
5.7750 0.00000000 0.0000e+00
5.7800 0.00000000 0.0000e+00
5.7850 0.00000000 0.0000e+00
5.7900 0.00000000 0.0000e+00
5.7950 0.00000000 0.0000e+00
5.8000 0.00000000 0.0000e+00
5.8050 0.00000000 0.0000e+00
5.8100 0.00000000 0.0000e+00
5.8150 0.00000000 0.0000e+00
5.8200 0.00000000 0.0000e+00
5.8250 0.00000000 0.0000e+00
5.8300 0.00000000 0.0000e+00
5.8350 0.00000000 0.0000e+00
5.8400 0.00000000 0.0000e+00
5.8450 0.00000000 0.0000e+00
5.8500 0.00000000 0.0000e+00
5.8550 0.00000000 0.0000e+00
5.8600 0.00000000 0.0000e+00
5.8650 0.00000000 0.0000e+00
5.8700 0.00000000 0.0000e+00
5.8750 0.00000000 0.0000e+00
5.8800 0.00000000 0.0000e+00
5.8850 0.00000000 0.0000e+00
5.8900 0.00000000 0.0000e+00
5.8950 0.00000000 0.0000e+00
5.9000 0.00000000 0.0000e+00
5.9050 0.00000000 0.0000e+00
5.9100 0.00000000 0.0000e+00
5.9150 0.00000000 0.0000e+00
5.9200 0.00000000 0.0000e+00
5.9250 0.00000000 0.0000e+00
5.9300 0.00000000 0.0000e+00
5.9350 0.00000000 0.0000e+00
5.9400 0.00000000 0.0000e+00
5.9450 0.00000000 0.0000e+00
5.9500 0.00000000 0.0000e+00
5.9550 0.00000000 0.0000e+00
5.9600 0.00000000 0.0000e+00
5.9650 0.00000000 0.0000e+00
5.9700 0.00000000 0.0000e+00
5.9750 0.00000000 0.0000e+00
5.9800 0.00000000 0.0000e+00
5.9850 0.00000000 0.0000e+00
5.9900 0.00000000 0.0000e+00
5.9950 0.00000000 0.0000e+00
6.0000 0.00000000 0.0000e+00
6.0050 0.00000000 0.0000e+00
6.0100 0.00000000 0.0000e+00
6.0150 0.00000000 0.0000e+00
6.0200 0.00000000 0.0000e+00
6.0250 0.00000000 0.0000e+00
6.0300 0.00000000 0.0000e+00
6.0350 0.00000000 0.0000e+00
6.0400 0.00000000 0.0000e+00
6.0450 0.00000000 0.0000e+00
6.0500 0.00000000 0.0000e+00
6.0550 0.00000000 0.0000e+00
6.0600 0.00000000 0.0000e+00
6.0650 0.00000000 0.0000e+00
6.0700 0.00000000 0.0000e+00
6.0750 0.00000000 0.0000e+00
6.0800 0.00000000 0.0000e+00
6.0850 0.00000000 0.0000e+00
6.0900 0.00000000 0.0000e+00
6.0950 0.00000000 0.0000e+00
6.1000 0.00000000 0.0000e+00
6.1050 0.00000000 0.0000e+00
6.1100 0.00000000 0.0000e+00
6.1150 0.00000000 0.0000e+00
6.1200 0.00000000 0.0000e+00
6.1250 0.00000000 0.0000e+00
6.1300 0.00000000 0.0000e+00
6.1350 0.00000000 0.0000e+00
6.1400 0.00000000 0.0000e+00
6.1450 0.00000000 0.0000e+00
6.1500 0.00000000 0.0000e+00
6.1550 0.00000000 0.0000e+00
6.1600 0.00000000 0.0000e+00
6.1650 0.00000000 0.0000e+00
6.1700 0.00000000 0.0000e+00
6.1750 0.00000000 0.0000e+00
6.1800 0.00000000 0.0000e+00
6.1850 0.00000000 0.0000e+00
6.1900 0.00000000 0.0000e+00
6.1950 0.00000000 0.0000e+00
6.2000 0.00000000 0.0000e+00
6.2050 0.00000000 0.0000e+00
6.2100 0.00000000 0.0000e+00
6.2150 0.00000000 0.0000e+00
6.2200 0.00000000 0.0000e+00
6.2250 0.00000000 0.0000e+00
6.2300 0.00000000 0.0000e+00
6.2350 0.00000000 0.0000e+00
6.2400 0.00000000 0.0000e+00
6.2450 0.00000000 0.0000e+00
6.2500 0.00000000 0.0000e+00
6.2550 0.00000000 0.0000e+00
6.2600 0.00000000 0.0000e+00
6.2650 0.00000000 0.0000e+00
6.2700 0.00000000 0.0000e+00
6.2750 0.00000000 0.0000e+00
6.2800 0.00000000 0.0000e+00
6.2850 0.00000000 0.0000e+00
6.2900 0.00000000 0.0000e+00
6.2950 0.00000000 0.0000e+00
6.3000 0.00000000 0.0000e+00
6.3050 0.00000000 0.0000e+00
6.3100 0.00000000 0.0000e+00
6.3150 0.00000000 0.0000e+00
6.3200 0.00000000 0.0000e+00
6.3250 0.00000000 0.0000e+00
6.3300 0.00000000 0.0000e+00
6.3350 0.00000000 0.0000e+00
6.3400 0.00000000 0.0000e+00
6.3450 0.00000000 0.0000e+00
6.3500 0.00000000 0.0000e+00
6.3550 0.00000000 0.0000e+00
6.3600 0.00000000 0.0000e+00
6.3650 0.00000000 0.0000e+00
6.3700 0.00000000 0.0000e+00
6.3750 0.00000000 0.0000e+00
6.3800 0.00000000 0.0000e+00
6.3850 0.00000000 0.0000e+00
6.3900 0.00000000 0.0000e+00
6.3950 0.00000000 0.0000e+00
6.4000 0.00000000 0.0000e+00
6.4050 0.00000000 0.0000e+00
6.4100 0.00000000 0.0000e+00
6.4150 0.00000000 0.0000e+00
6.4200 0.00000000 0.0000e+00
6.4250 0.00000000 0.0000e+00
6.4300 0.00000000 0.0000e+00
6.4350 0.00000000 0.0000e+00
6.4400 0.00000000 0.0000e+00
6.4450 0.00000000 0.0000e+00
6.4500 0.00000000 0.0000e+00
6.4550 0.00000000 0.0000e+00
6.4600 0.00000000 0.0000e+00
6.4650 0.00000000 0.0000e+00
6.4700 0.00000000 0.0000e+00
6.4750 0.00000000 0.0000e+00
6.4800 0.00000000 0.0000e+00
6.4850 0.00000000 0.0000e+00
6.4900 0.00000000 0.0000e+00
6.4950 0.00000000 0.0000e+00
6.5000 0.00000000 0.0000e+00
6.5050 0.00000000 0.0000e+00
6.5100 0.00000000 0.0000e+00
6.5150 0.00000000 0.0000e+00
6.5200 0.00000000 0.0000e+00
6.5250 0.00000000 0.0000e+00
6.5300 0.00000000 0.0000e+00
6.5350 0.00000000 0.0000e+00
6.5400 0.00000000 0.0000e+00
6.5450 0.00000000 0.0000e+00
6.5500 0.00000000 0.0000e+00
6.5550 0.00000000 0.0000e+00
6.5600 0.00000000 0.0000e+00
6.5650 0.00000000 0.0000e+00
6.5700 0.00000000 0.0000e+00
6.5750 0.00000000 0.0000e+00
6.5800 0.00000000 0.0000e+00
6.5850 0.00000000 0.0000e+00
6.5900 0.00000000 0.0000e+00
6.5950 0.00000000 0.0000e+00
6.6000 0.00000000 0.0000e+00
6.6050 0.00000000 0.0000e+00
6.6100 0.00000000 0.0000e+00
6.6150 0.00000000 0.0000e+00
6.6200 0.00000000 0.0000e+00
6.6250 0.00000000 0.0000e+00
6.6300 0.00000000 0.0000e+00
6.6350 0.00000000 0.0000e+00
6.6400 0.00000000 0.0000e+00
6.6450 0.00000000 0.0000e+00
6.6500 0.00000000 0.0000e+00
6.6550 0.00000000 0.0000e+00
6.6600 0.00000000 0.0000e+00
6.6650 0.00000000 0.0000e+00
6.6700 0.00000000 0.0000e+00
6.6750 0.00000000 0.0000e+00
6.6800 0.00000000 0.0000e+00
6.6850 0.00000000 0.0000e+00
6.6900 0.00000000 0.0000e+00
6.6950 0.00000000 0.0000e+00
6.7000 0.00000000 0.0000e+00
6.7050 0.00000000 0.0000e+00
6.7100 0.00000000 0.0000e+00
6.7150 0.00000000 0.0000e+00
6.7200 0.00000000 0.0000e+00
6.7250 0.00000000 0.0000e+00
6.7300 0.00000000 0.0000e+00
6.7350 0.00000000 0.0000e+00
6.7400 0.00000000 0.0000e+00
6.7450 0.00000000 0.0000e+00
6.7500 0.00000000 0.0000e+00
6.7550 0.00000000 0.0000e+00
6.7600 0.00000000 0.0000e+00
6.7650 0.00000000 0.0000e+00
6.7700 0.00000000 0.0000e+00
6.7750 0.00000000 0.0000e+00
6.7800 0.00000000 0.0000e+00
6.7850 0.00000000 0.0000e+00
6.7900 0.00000000 0.0000e+00
6.7950 0.00000000 0.0000e+00
6.8000 0.00000000 0.0000e+00
6.8050 0.00000000 0.0000e+00
6.8100 0.00000000 0.0000e+00
6.8150 0.00000000 0.0000e+00
6.8200 0.00000000 0.0000e+00
6.8250 0.00000000 0.0000e+00
6.8300 0.00000000 0.0000e+00
6.8350 0.00000000 0.0000e+00
6.8400 0.00000000 0.0000e+00
6.8450 0.00000000 0.0000e+00
6.8500 0.00000000 0.0000e+00
6.8550 0.00000000 0.0000e+00
6.8600 0.00000000 0.0000e+00
6.8650 0.00000000 0.0000e+00
6.8700 0.00000000 0.0000e+00
6.8750 0.00000000 0.0000e+00
6.8800 0.00000000 0.0000e+00
6.8850 0.00000000 0.0000e+00
6.8900 0.00000000 0.0000e+00
6.8950 0.00000000 0.0000e+00
6.9000 0.00000000 0.0000e+00
6.9050 0.00000000 0.0000e+00
6.9100 0.00000000 0.0000e+00
6.9150 0.00000000 0.0000e+00
6.9200 0.00000000 0.0000e+00
6.9250 0.00000000 0.0000e+00
6.9300 0.00000000 0.0000e+00
6.9350 0.00000000 0.0000e+00
6.9400 0.00000000 0.0000e+00
6.9450 0.00000000 0.0000e+00
6.9500 0.00000000 0.0000e+00
6.9550 0.00000000 0.0000e+00
6.9600 0.00000000 0.0000e+00
6.9650 0.00000000 0.0000e+00
6.9700 0.00000000 0.0000e+00
6.9750 0.00000000 0.0000e+00
6.9800 0.00000000 0.0000e+00
6.9850 0.00000000 0.0000e+00
6.9900 0.00000000 0.0000e+00
6.9950 0.00000000 0.0000e+00
7.0000 0.00000000 0.0000e+00
7.0050 0.00000000 0.0000e+00
7.0100 0.00000000 0.0000e+00
7.0150 0.00000000 0.0000e+00
7.0200 0.00000000 0.0000e+00
7.0250 0.00000000 0.0000e+00
7.0300 0.00000000 0.0000e+00
7.0350 0.00000000 0.0000e+00
7.0400 0.00000000 0.0000e+00
7.0450 0.00000000 0.0000e+00
7.0500 0.00000000 0.0000e+00
7.0550 0.00000000 0.0000e+00
7.0600 0.00000000 0.0000e+00
7.0650 0.00000000 0.0000e+00
7.0700 0.00000000 0.0000e+00
7.0750 0.00000000 0.0000e+00
7.0800 0.00000000 0.0000e+00
7.0850 0.00000000 0.0000e+00
7.0900 0.00000000 0.0000e+00
7.0950 0.00000000 0.0000e+00
7.1000 0.00000000 0.0000e+00
7.1050 0.00000000 0.0000e+00
7.1100 0.00000000 0.0000e+00
7.1150 0.00000000 0.0000e+00
7.1200 0.00000000 0.0000e+00
7.1250 0.00000000 0.0000e+00
7.1300 0.00000000 0.0000e+00
7.1350 0.00000000 0.0000e+00
7.1400 0.00000000 0.0000e+00
7.1450 0.00000000 0.0000e+00
7.1500 0.00000000 0.0000e+00
7.1550 0.00000000 0.0000e+00
7.1600 0.00000000 0.0000e+00
7.1650 0.00000000 0.0000e+00
7.1700 0.00000000 0.0000e+00
7.1750 0.00000000 0.0000e+00
7.1800 0.00000000 0.0000e+00
7.1850 0.00000000 0.0000e+00
7.1900 0.00000000 0.0000e+00
7.1950 0.00000000 0.0000e+00
7.2000 0.00000000 0.0000e+00
7.2050 0.00000000 0.0000e+00
7.2100 0.00000000 0.0000e+00
7.2150 0.00000000 0.0000e+00
7.2200 0.00000000 0.0000e+00
7.2250 0.00000000 0.0000e+00
7.2300 0.00000000 0.0000e+00
7.2350 0.00000000 0.0000e+00
7.2400 0.00000000 0.0000e+00
7.2450 0.00000000 0.0000e+00
7.2500 0.00000000 0.0000e+00
7.2550 0.00000000 0.0000e+00
7.2600 0.00000000 0.0000e+00
7.2650 0.00000000 0.0000e+00
7.2700 0.00000000 0.0000e+00
7.2750 0.00000000 0.0000e+00
7.2800 0.00000000 0.0000e+00
7.2850 0.00000000 0.0000e+00
7.2900 0.00000000 0.0000e+00
7.2950 0.00000000 0.0000e+00
7.3000 0.00000000 0.0000e+00
7.3050 0.00000000 0.0000e+00
7.3100 0.00000000 0.0000e+00
7.3150 0.00000000 0.0000e+00
7.3200 0.00000000 0.0000e+00
7.3250 0.00000000 0.0000e+00
7.3300 0.00000000 0.0000e+00
7.3350 0.00000000 0.0000e+00
7.3400 0.00000000 0.0000e+00
7.3450 0.00000000 0.0000e+00
7.3500 0.00000000 0.0000e+00
7.3550 0.00000000 0.0000e+00
7.3600 0.00000000 0.0000e+00
7.3650 0.00000000 0.0000e+00
7.3700 0.00000000 0.0000e+00
7.3750 0.00000000 0.0000e+00
7.3800 0.00000000 0.0000e+00
7.3850 0.00000000 0.0000e+00
7.3900 0.00000000 0.0000e+00
7.3950 0.00000000 0.0000e+00
7.4000 0.00000000 0.0000e+00
7.4050 0.00000000 0.0000e+00
7.4100 0.00000000 0.0000e+00
7.4150 0.00000000 0.0000e+00
7.4200 0.00000000 0.0000e+00
7.4250 0.00000000 0.0000e+00
7.4300 0.00000000 0.0000e+00
7.4350 0.00000000 0.0000e+00
7.4400 0.00000000 0.0000e+00
7.4450 0.00000000 0.0000e+00
7.4500 0.00000000 0.0000e+00
7.4550 0.00000000 0.0000e+00
7.4600 0.00000000 0.0000e+00
7.4650 0.00000000 0.0000e+00
7.4700 0.00000000 0.0000e+00
7.4750 0.00000000 0.0000e+00
7.4800 0.00000000 0.0000e+00
7.4850 0.00000000 0.0000e+00
7.4900 0.00000000 0.0000e+00
7.4950 0.00000000 0.0000e+00
7.5000 0.00000000 0.0000e+00
7.5050 0.00000000 0.0000e+00
7.5100 0.00000000 0.0000e+00
7.5150 0.00000000 0.0000e+00
7.5200 0.00000000 0.0000e+00
7.5250 0.00000000 0.0000e+00
7.5300 0.00000000 0.0000e+00
7.5350 0.00000000 0.0000e+00
7.5400 0.00000000 0.0000e+00
7.5450 0.00000000 0.0000e+00
7.5500 0.00000000 0.0000e+00
7.5550 0.00000000 0.0000e+00
7.5600 0.00000000 0.0000e+00
7.5650 0.00000000 0.0000e+00
7.5700 0.00000000 0.0000e+00
7.5750 0.00000000 0.0000e+00
7.5800 0.00000000 0.0000e+00
7.5850 0.00000000 0.0000e+00
7.5900 0.00000000 0.0000e+00
7.5950 0.00000000 0.0000e+00
7.6000 0.00000000 0.0000e+00
7.6050 0.00000000 0.0000e+00
7.6100 0.00000000 0.0000e+00
7.6150 0.00000000 0.0000e+00
7.6200 0.00000000 0.0000e+00
7.6250 0.00000000 0.0000e+00
7.6300 0.00000000 0.0000e+00
7.6350 0.00000000 0.0000e+00
7.6400 0.00000000 0.0000e+00
7.6450 0.00000000 0.0000e+00
7.6500 0.00000000 0.0000e+00
7.6550 0.00000000 0.0000e+00
7.6600 0.00000000 0.0000e+00
7.6650 0.00000000 0.0000e+00
7.6700 0.00000000 0.0000e+00
7.6750 0.00000000 0.0000e+00
7.6800 0.00000000 0.0000e+00
7.6850 0.00000000 0.0000e+00
7.6900 0.00000000 0.0000e+00
7.6950 0.00000000 0.0000e+00
7.7000 0.00000000 0.0000e+00
7.7050 0.00000000 0.0000e+00
7.7100 0.00000000 0.0000e+00
7.7150 0.00000000 0.0000e+00
7.7200 0.00000000 0.0000e+00
7.7250 0.00000000 0.0000e+00
7.7300 0.00000000 0.0000e+00
7.7350 0.00000000 0.0000e+00
7.7400 0.00000000 0.0000e+00
7.7450 0.00000000 0.0000e+00
7.7500 0.00000000 0.0000e+00
7.7550 0.00000000 0.0000e+00
7.7600 0.00000000 0.0000e+00
7.7650 0.00000000 0.0000e+00
7.7700 0.00000000 0.0000e+00
7.7750 0.00000000 0.0000e+00
7.7800 0.00000000 0.0000e+00
7.7850 0.00000000 0.0000e+00
7.7900 0.00000000 0.0000e+00
7.7950 0.00000000 0.0000e+00
7.8000 0.00000000 0.0000e+00
7.8050 0.00000000 0.0000e+00
7.8100 0.00000000 0.0000e+00
7.8150 0.00000000 0.0000e+00
7.8200 0.00000000 0.0000e+00
7.8250 0.00000000 0.0000e+00
7.8300 0.00000000 0.0000e+00
7.8350 0.00000000 0.0000e+00
7.8400 0.00000000 0.0000e+00
7.8450 0.00000000 0.0000e+00
7.8500 0.00000000 0.0000e+00
7.8550 0.00000000 0.0000e+00
7.8600 0.00000000 0.0000e+00
7.8650 0.00000000 0.0000e+00
7.8700 0.00000000 0.0000e+00
7.8750 0.00000000 0.0000e+00
7.8800 0.00000000 0.0000e+00
7.8850 0.00000000 0.0000e+00
7.8900 0.00000000 0.0000e+00
7.8950 0.00000000 0.0000e+00
7.9000 0.00000000 0.0000e+00
7.9050 0.00000000 0.0000e+00
7.9100 0.00000000 0.0000e+00
7.9150 0.00000000 0.0000e+00
7.9200 0.00000000 0.0000e+00
7.9250 0.00000000 0.0000e+00
7.9300 0.00000000 0.0000e+00
7.9350 0.00000000 0.0000e+00
7.9400 0.00000000 0.0000e+00
7.9450 0.00000000 0.0000e+00
7.9500 0.00000000 0.0000e+00
7.9550 0.00000000 0.0000e+00
7.9600 0.00000000 0.0000e+00
7.9650 0.00000000 0.0000e+00
7.9700 0.00000000 0.0000e+00
7.9750 0.00000000 0.0000e+00
7.9800 0.00000000 0.0000e+00
7.9850 0.00000000 0.0000e+00
7.9900 0.00000000 0.0000e+00
7.9950 0.00000000 0.0000e+00
8.0000 0.00000000 0.0000e+00
