0.0050 0.00000000 0.0000e+00
0.0100 0.00000000 0.0000e+00
0.0150 0.00000000 0.0000e+00
0.0200 0.00000000 0.0000e+00
0.0250 0.00000000 0.0000e+00
0.0300 0.00000000 0.0000e+00
0.0350 0.00000000 0.0000e+00
0.0400 0.00000000 0.0000e+00
0.0450 0.00000000 0.0000e+00
0.0500 0.00000000 0.0000e+00
0.0550 0.00000000 0.0000e+00
0.0600 0.00000000 0.0000e+00
0.0650 0.00000000 0.0000e+00
0.0700 0.00000000 0.0000e+00
0.0750 0.00000000 0.0000e+00
0.0800 0.00000000 0.0000e+00
0.0850 0.00000000 0.0000e+00
0.0900 0.00000000 0.0000e+00
0.0950 0.00000000 0.0000e+00
0.1000 0.00000000 0.0000e+00
0.1050 0.00000000 0.0000e+00
0.1100 0.00000000 0.0000e+00
0.1150 0.00000000 0.0000e+00
0.1200 0.00000000 0.0000e+00
0.1250 0.00000000 0.0000e+00
0.1300 0.00000000 0.0000e+00
0.1350 0.00000000 0.0000e+00
0.1400 0.00000000 0.0000e+00
0.1450 0.00000000 0.0000e+00
0.1500 0.00000000 0.0000e+00
0.1550 0.00000000 0.0000e+00
0.1600 0.00000000 0.0000e+00
0.1650 0.00000000 0.0000e+00
0.1700 0.00000000 0.0000e+00
0.1750 0.00000000 0.0000e+00
0.1800 0.00000000 0.0000e+00
0.1850 0.00000000 0.0000e+00
0.1900 0.00000000 0.0000e+00
0.1950 0.00000000 0.0000e+00
0.2000 0.00000000 0.0000e+00
0.2050 0.00000000 0.0000e+00
0.2100 0.00000000 0.0000e+00
0.2150 0.00000000 0.0000e+00
0.2200 0.00000000 0.0000e+00
0.2250 0.00000000 0.0000e+00
0.2300 0.00000000 0.0000e+00
0.2350 0.00000000 0.0000e+00
0.2400 0.00000000 0.0000e+00
0.2450 0.00000000 0.0000e+00
0.2500 0.00000000 0.0000e+00
0.2550 0.00000000 0.0000e+00
0.2600 0.00000000 0.0000e+00
0.2650 0.00000000 0.0000e+00
0.2700 0.00000000 0.0000e+00
0.2750 0.00000000 0.0000e+00
0.2800 0.00000000 0.0000e+00
0.2850 0.00000000 0.0000e+00
0.2900 0.00000000 0.0000e+00
0.2950 0.00000000 0.0000e+00
0.3000 0.00000000 0.0000e+00
0.3050 0.00000000 0.0000e+00
0.3100 0.00000000 0.0000e+00
0.3150 0.00000000 0.0000e+00
0.3200 0.00000000 0.0000e+00
0.3250 0.00000000 0.0000e+00
0.3300 0.00000000 0.0000e+00
0.3350 0.00000000 0.0000e+00
0.3400 0.00000000 0.0000e+00
0.3450 0.00000000 0.0000e+00
0.3500 0.00000000 0.0000e+00
0.3550 0.00000000 0.0000e+00
0.3600 0.00000000 0.0000e+00
0.3650 0.00000000 0.0000e+00
0.3700 0.00000000 0.0000e+00
0.3750 0.00000000 0.0000e+00
0.3800 0.00000000 0.0000e+00
0.3850 0.00000000 0.0000e+00
0.3900 0.00000000 0.0000e+00
0.3950 0.00000000 0.0000e+00
0.4000 0.00000000 0.0000e+00
0.4050 0.00000000 0.0000e+00
0.4100 0.00000000 0.0000e+00
0.4150 0.00000000 0.0000e+00
0.4200 0.00000000 0.0000e+00
0.4250 0.00000000 0.0000e+00
0.4300 0.00000000 0.0000e+00
0.4350 0.00000000 0.0000e+00
0.4400 0.00000000 0.0000e+00
0.4450 0.00000000 0.0000e+00
0.4500 0.00000000 0.0000e+00
0.4550 0.00000000 0.0000e+00
0.4600 0.00000000 0.0000e+00
0.4650 0.00000000 0.0000e+00
0.4700 0.00000000 0.0000e+00
0.4750 0.00000000 0.0000e+00
0.4800 0.00000000 0.0000e+00
0.4850 0.00000000 0.0000e+00
0.4900 0.00000000 0.0000e+00
0.4950 0.00000000 0.0000e+00
0.5000 0.00000000 0.0000e+00
0.5050 0.00000000 0.0000e+00
0.5100 0.00000000 0.0000e+00
0.5150 0.00000000 0.0000e+00
0.5200 0.00000000 0.0000e+00
0.5250 0.00000000 0.0000e+00
0.5300 0.00000000 0.0000e+00
0.5350 0.00000000 0.0000e+00
0.5400 0.00000000 0.0000e+00
0.5450 0.00000000 0.0000e+00
0.5500 0.00000000 0.0000e+00
0.5550 0.00000000 0.0000e+00
0.5600 0.00000000 0.0000e+00
0.5650 0.00000000 0.0000e+00
0.5700 0.00000000 0.0000e+00
0.5750 0.00000000 0.0000e+00
0.5800 0.00000000 0.0000e+00
0.5850 0.00000000 0.0000e+00
0.5900 0.00000000 0.0000e+00
0.5950 0.00000000 0.0000e+00
0.6000 0.00000000 0.0000e+00
0.6050 0.00000000 0.0000e+00
0.6100 0.00000000 0.0000e+00
0.6150 0.00000000 0.0000e+00
0.6200 0.00000000 0.0000e+00
0.6250 0.00000000 0.0000e+00
0.6300 0.00000000 0.0000e+00
0.6350 0.00000000 0.0000e+00
0.6400 0.00000000 0.0000e+00
0.6450 0.00000000 0.0000e+00
0.6500 0.00000000 0.0000e+00
0.6550 0.00000000 0.0000e+00
0.6600 0.00000000 0.0000e+00
0.6650 0.00000000 0.0000e+00
0.6700 0.00000000 0.0000e+00
0.6750 0.00000000 0.0000e+00
0.6800 0.00000000 0.0000e+00
0.6850 0.00000000 0.0000e+00
0.6900 0.00000000 0.0000e+00
0.6950 0.00000000 0.0000e+00
0.7000 0.00000000 0.0000e+00
0.7050 0.00000000 0.0000e+00
0.7100 0.00000000 0.0000e+00
0.7150 0.00000000 0.0000e+00
0.7200 0.00000000 0.0000e+00
0.7250 0.00000000 0.0000e+00
0.7300 0.00000000 0.0000e+00
0.7350 0.00000000 0.0000e+00
0.7400 0.00000000 0.0000e+00
0.7450 0.00000000 0.0000e+00
0.7500 0.00000000 0.0000e+00
0.7550 0.00000000 0.0000e+00
0.7600 0.00000000 0.0000e+00
0.7650 0.00000000 0.0000e+00
0.7700 0.00000000 0.0000e+00
0.7750 0.00000000 0.0000e+00
0.7800 0.00000000 0.0000e+00
0.7850 0.00000000 0.0000e+00
0.7900 0.00000000 0.0000e+00
0.7950 0.00000000 0.0000e+00
0.8000 0.00000000 0.0000e+00
0.8050 0.00000000 0.0000e+00
0.8100 0.00000000 0.0000e+00
0.8150 0.00000000 0.0000e+00
0.8200 0.00000000 0.0000e+00
0.8250 0.00000000 0.0000e+00
0.8300 0.00000000 0.0000e+00
0.8350 0.00000000 0.0000e+00
0.8400 0.00000000 0.0000e+00
0.8450 0.00000000 0.0000e+00
0.8500 0.00000000 0.0000e+00
0.8550 0.00000000 0.0000e+00
0.8600 0.00000000 0.0000e+00
0.8650 0.00000000 0.0000e+00
0.8700 0.00000000 0.0000e+00
0.8750 0.00000000 0.0000e+00
0.8800 0.00000000 0.0000e+00
0.8850 0.00000000 0.0000e+00
0.8900 0.00000000 0.0000e+00
0.8950 0.00000000 0.0000e+00
0.9000 0.00000000 0.0000e+00
0.9050 0.00000000 0.0000e+00
0.9100 0.00000000 0.0000e+00
0.9150 0.00000000 0.0000e+00
0.9200 0.00000000 0.0000e+00
0.9250 0.00000000 0.0000e+00
0.9300 0.00000000 0.0000e+00
0.9350 0.00000000 0.0000e+00
0.9400 0.00000000 0.0000e+00
0.9450 0.00000000 0.0000e+00
0.9500 0.00000000 0.0000e+00
0.9550 0.00000000 0.0000e+00
0.9600 0.00000000 0.0000e+00
0.9650 0.00000000 0.0000e+00
0.9700 0.00000000 0.0000e+00
0.9750 0.00000000 0.0000e+00
0.9800 0.00000000 0.0000e+00
0.9850 0.00000000 0.0000e+00
0.9900 0.00000000 0.0000e+00
0.9950 0.00000000 0.0000e+00
1.0000 0.00000000 0.0000e+00
1.0050 0.00000000 0.0000e+00
1.0100 0.00000000 0.0000e+00
1.0150 0.00000000 0.0000e+00
1.0200 0.00000000 0.0000e+00
1.0250 0.00000000 0.0000e+00
1.0300 0.00000000 0.0000e+00
1.0350 0.00000000 0.0000e+00
1.0400 0.00000000 0.0000e+00
1.0450 0.00000000 0.0000e+00
1.0500 0.00000000 0.0000e+00
1.0550 0.00000000 0.0000e+00
1.0600 0.00000000 0.0000e+00
1.0650 0.00000000 0.0000e+00
1.0700 0.00000000 0.0000e+00
1.0750 0.00000000 0.0000e+00
1.0800 0.00000000 0.0000e+00
1.0850 0.00000000 0.0000e+00
1.0900 0.00000000 0.0000e+00
1.0950 0.00000000 0.0000e+00
1.1000 0.00000000 0.0000e+00
1.1050 0.00000000 0.0000e+00
1.1100 0.00000000 0.0000e+00
1.1150 0.00000000 0.0000e+00
1.1200 0.00000000 0.0000e+00
1.1250 0.00000000 0.0000e+00
1.1300 0.00000000 0.0000e+00
1.1350 0.00000000 0.0000e+00
1.1400 0.00000000 0.0000e+00
1.1450 0.00000000 0.0000e+00
1.1500 0.00000000 0.0000e+00
1.1550 0.00000000 0.0000e+00
1.1600 0.00000000 0.0000e+00
1.1650 0.00000000 0.0000e+00
1.1700 0.00000000 0.0000e+00
1.1750 0.00000000 0.0000e+00
1.1800 0.00000000 0.0000e+00
1.1850 0.00000000 0.0000e+00
1.1900 0.00000000 0.0000e+00
1.1950 0.00000000 0.0000e+00
1.2000 0.00000000 0.0000e+00
1.2050 0.00000000 0.0000e+00
1.2100 0.00000000 0.0000e+00
1.2150 0.00000000 0.0000e+00
1.2200 0.00000000 0.0000e+00
1.2250 0.00000000 0.0000e+00
1.2300 0.00000000 0.0000e+00
1.2350 0.00000000 0.0000e+00
1.2400 0.00000000 0.0000e+00
1.2450 0.00000000 0.0000e+00
1.2500 0.00000000 0.0000e+00
1.2550 0.00000000 0.0000e+00
1.2600 0.00000000 0.0000e+00
1.2650 0.00000000 0.0000e+00
1.2700 0.00000000 0.0000e+00
1.2750 0.00000000 0.0000e+00
1.2800 0.00000000 0.0000e+00
1.2850 0.00000000 0.0000e+00
1.2900 0.00000000 0.0000e+00
1.2950 0.00000000 0.0000e+00
1.3000 0.00000000 0.0000e+00
1.3050 0.00000000 0.0000e+00
1.3100 0.00000000 0.0000e+00
1.3150 0.00000000 0.0000e+00
1.3200 0.00000000 0.0000e+00
1.3250 0.00000000 0.0000e+00
1.3300 0.00000000 0.0000e+00
1.3350 0.00000000 0.0000e+00
1.3400 0.00000000 0.0000e+00
1.3450 0.00000000 0.0000e+00
1.3500 0.00000000 0.0000e+00
1.3550 0.00000000 0.0000e+00
1.3600 0.00000000 0.0000e+00
1.3650 0.00000000 0.0000e+00
1.3700 0.00000000 0.0000e+00
1.3750 0.00000000 0.0000e+00
1.3800 0.00000000 0.0000e+00
1.3850 0.00000000 0.0000e+00
1.3900 0.00000000 0.0000e+00
1.3950 0.00000000 0.0000e+00
1.4000 0.00000000 0.0000e+00
1.4050 0.00000000 0.0000e+00
1.4100 0.00000000 0.0000e+00
1.4150 0.00000000 0.0000e+00
1.4200 0.00000000 0.0000e+00
1.4250 0.00000000 0.0000e+00
1.4300 0.00000000 0.0000e+00
1.4350 0.00000000 0.0000e+00
1.4400 0.00000000 0.0000e+00
1.4450 0.00000000 0.0000e+00
1.4500 0.00000000 0.0000e+00
1.4550 0.00000000 0.0000e+00
1.4600 0.00000000 0.0000e+00
1.4650 0.00000000 0.0000e+00
1.4700 0.00000000 0.0000e+00
1.4750 0.00000000 0.0000e+00
1.4800 0.00000000 0.0000e+00
1.4850 0.00000000 0.0000e+00
1.4900 0.00000000 0.0000e+00
1.4950 0.00000000 0.0000e+00
1.5000 0.00000000 0.0000e+00
1.5050 0.00000000 0.0000e+00
1.5100 0.00000000 0.0000e+00
1.5150 0.00000000 0.0000e+00
1.5200 0.00000000 0.0000e+00
1.5250 0.00000000 0.0000e+00
1.5300 0.00000000 0.0000e+00
1.5350 0.00000000 0.0000e+00
1.5400 0.00000000 0.0000e+00
1.5450 0.00000000 0.0000e+00
1.5500 0.00000000 0.0000e+00
1.5550 0.00000000 0.0000e+00
1.5600 0.00000000 0.0000e+00
1.5650 0.00000000 0.0000e+00
1.5700 0.00000000 0.0000e+00
1.5750 0.00000000 0.0000e+00
1.5800 0.00000000 0.0000e+00
1.5850 0.00000000 0.0000e+00
1.5900 0.00000000 0.0000e+00
1.5950 0.00000000 0.0000e+00
1.6000 0.00000000 0.0000e+00
1.6050 0.00000000 0.0000e+00
1.6100 0.00000000 0.0000e+00
1.6150 0.00000000 0.0000e+00
1.6200 0.00000000 0.0000e+00
1.6250 0.00000000 0.0000e+00
1.6300 0.00000000 0.0000e+00
1.6350 0.00000000 0.0000e+00
1.6400 0.00000000 0.0000e+00
1.6450 0.00000000 0.0000e+00
1.6500 0.00000000 0.0000e+00
1.6550 0.00000000 0.0000e+00
1.6600 0.00000000 0.0000e+00
1.6650 0.00000000 0.0000e+00
1.6700 0.00000000 0.0000e+00
1.6750 0.00000000 0.0000e+00
1.6800 0.00000000 0.0000e+00
1.6850 0.00000000 0.0000e+00
1.6900 0.00000000 0.0000e+00
1.6950 0.00000000 0.0000e+00
1.7000 0.00000000 0.0000e+00
1.7050 0.00000000 0.0000e+00
1.7100 0.00000000 0.0000e+00
1.7150 0.00000000 0.0000e+00
1.7200 0.00000000 0.0000e+00
1.7250 0.00000000 0.0000e+00
1.7300 0.00000000 0.0000e+00
1.7350 0.00000000 0.0000e+00
1.7400 0.00000000 0.0000e+00
1.7450 0.00000000 0.0000e+00
1.7500 0.00000000 0.0000e+00
1.7550 0.00000000 0.0000e+00
1.7600 0.00000000 0.0000e+00
1.7650 0.00000000 0.0000e+00
1.7700 0.00000000 0.0000e+00
1.7750 0.00000000 0.0000e+00
1.7800 0.00000000 0.0000e+00
1.7850 0.00000000 0.0000e+00
1.7900 0.00000000 0.0000e+00
1.7950 0.00000000 0.0000e+00
1.8000 0.00000000 0.0000e+00
1.8050 0.00000000 0.0000e+00
1.8100 0.00000000 0.0000e+00
1.8150 0.00000000 0.0000e+00
1.8200 0.00000000 0.0000e+00
1.8250 0.00000000 0.0000e+00
1.8300 0.00000000 0.0000e+00
1.8350 0.00000000 0.0000e+00
1.8400 0.00000000 0.0000e+00
1.8450 0.00000000 0.0000e+00
1.8500 0.00000000 0.0000e+00
1.8550 0.00000000 0.0000e+00
1.8600 0.00000000 0.0000e+00
1.8650 0.00000000 0.0000e+00
1.8700 0.00000000 0.0000e+00
1.8750 0.00000000 0.0000e+00
1.8800 0.00000000 0.0000e+00
1.8850 0.00000000 0.0000e+00
1.8900 0.00000000 0.0000e+00
1.8950 0.00000000 0.0000e+00
1.9000 0.00000000 0.0000e+00
1.9050 0.00000000 0.0000e+00
1.9100 0.00000000 0.0000e+00
1.9150 0.00000000 0.0000e+00
1.9200 0.00000000 0.0000e+00
1.9250 0.00000000 0.0000e+00
1.9300 0.00000000 0.0000e+00
1.9350 0.00000000 0.0000e+00
1.9400 0.00000000 0.0000e+00
1.9450 0.00000000 0.0000e+00
1.9500 0.00000000 0.0000e+00
1.9550 0.00000000 0.0000e+00
1.9600 0.00000000 0.0000e+00
1.9650 0.00000000 0.0000e+00
1.9700 0.00000000 0.0000e+00
1.9750 0.00000000 0.0000e+00
1.9800 0.00000000 0.0000e+00
1.9850 0.00000000 0.0000e+00
1.9900 0.00000000 0.0000e+00
1.9950 0.00000000 0.0000e+00
2.0000 0.00000000 0.0000e+00
2.0050 0.00000000 0.0000e+00
2.0100 0.00000000 0.0000e+00
2.0150 0.00000000 0.0000e+00
2.0200 0.00000000 0.0000e+00
2.0250 0.00000000 0.0000e+00
2.0300 0.00000000 0.0000e+00
2.0350 0.00000000 0.0000e+00
2.0400 0.00000000 0.0000e+00
2.0450 0.00000000 0.0000e+00
2.0500 0.00000000 0.0000e+00
2.0550 0.00000000 0.0000e+00
2.0600 0.00000000 0.0000e+00
2.0650 0.00000000 0.0000e+00
2.0700 0.00000000 0.0000e+00
2.0750 0.00000000 0.0000e+00
2.0800 0.00000000 0.0000e+00
2.0850 0.00000000 0.0000e+00
2.0900 0.00000000 0.0000e+00
2.0950 0.00000000 0.0000e+00
2.1000 0.00000000 0.0000e+00
2.1050 0.00000000 0.0000e+00
2.1100 0.00000000 0.0000e+00
2.1150 0.00500144 2.6351e+10
2.1200 0.00523588 2.7586e+10
2.1250 0.00547031 2.8821e+10
2.1300 0.00570475 3.0056e+10
2.1350 0.00593918 3.1291e+10
2.1400 0.00617361 3.2527e+10
2.1450 0.00640805 3.3762e+10
2.1500 0.00664248 3.4997e+10
2.1550 0.00687692 3.6232e+10
2.1600 0.00711135 3.7467e+10
2.1650 0.00734578 3.8702e+10
2.1700 0.00758022 3.9937e+10
2.1750 0.00781465 4.1173e+10
2.1800 0.00804909 4.2408e+10
2.1850 0.00828352 4.3643e+10
2.1900 0.00851796 4.4878e+10
2.1950 0.00875239 4.6113e+10
2.2000 0.00898682 4.7348e+10
2.2050 0.00922126 4.8584e+10
2.2100 0.00945569 4.9819e+10
2.2150 0.00969013 5.1054e+10
2.2200 0.00992456 5.2289e+10
2.2250 0.01015900 5.3524e+10
2.2300 0.01039343 5.4759e+10
2.2350 0.01062786 5.5994e+10
2.2400 0.01086230 5.7230e+10
2.2450 0.01109673 5.8465e+10
2.2500 0.01133117 5.9700e+10
2.2550 0.01156560 6.0935e+10
2.2600 0.01180004 6.2170e+10
2.2650 0.01203447 6.3405e+10
2.2700 0.01226890 6.4640e+10
2.2750 0.01250334 6.5876e+10
2.2800 0.01273777 6.7111e+10
2.2850 0.01297221 6.8346e+10
2.2900 0.01320664 6.9581e+10
2.2950 0.01344107 7.0816e+10
2.3000 0.01367551 7.2051e+10
2.3050 0.01390994 7.3287e+10
2.3100 0.01414438 7.4522e+10
2.3150 0.01437881 7.5757e+10
2.3200 0.01461325 7.6992e+10
2.3250 0.01484768 7.8227e+10
2.3300 0.01508211 7.9462e+10
2.3350 0.01531655 8.0697e+10
2.3400 0.01555098 8.1933e+10
2.3450 0.01578542 8.3168e+10
2.3500 0.01601985 8.4403e+10
2.3550 0.01625429 8.5638e+10
2.3600 0.01648872 8.6873e+10
2.3650 0.01672315 8.8108e+10
2.3700 0.01695759 8.9343e+10
2.3750 0.01719202 9.0579e+10
2.3800 0.01742646 9.1814e+10
2.3850 0.01766089 9.3049e+10
2.3900 0.01789532 9.4284e+10
2.3950 0.01812976 9.5519e+10
2.4000 0.01836419 9.6754e+10
2.4050 0.01859863 9.7990e+10
2.4100 0.01883306 9.9225e+10
2.4150 0.01906962 1.0047e+11
2.4200 0.01970215 1.0380e+11
2.4250 0.02033469 1.0714e+11
2.4300 0.02096722 1.1047e+11
2.4350 0.02159975 1.1380e+11
2.4400 0.02223229 1.1713e+11
2.4450 0.02286482 1.2047e+11
2.4500 0.02349736 1.2380e+11
2.4550 0.02412989 1.2713e+11
2.4600 0.02476242 1.3046e+11
2.4650 0.02539496 1.3380e+11
2.4700 0.02602749 1.3713e+11
2.4750 0.02666003 1.4046e+11
2.4800 0.02729256 1.4379e+11
2.4850 0.02792509 1.4713e+11
2.4900 0.02855763 1.5046e+11
2.4950 0.02919016 1.5379e+11
2.5000 0.02982270 1.5713e+11
2.5050 0.03045523 1.6046e+11
2.5100 0.03108777 1.6379e+11
2.5150 0.03172030 1.6712e+11
2.5200 0.03235283 1.7046e+11
2.5250 0.03298537 1.7379e+11
2.5300 0.03361790 1.7712e+11
2.5350 0.03425044 1.8045e+11
2.5400 0.03488297 1.8379e+11
2.5450 0.03551550 1.8712e+11
2.5500 0.03614804 1.9045e+11
2.5550 0.03678057 1.9378e+11
2.5600 0.03741311 1.9712e+11
2.5650 0.03804564 2.0045e+11
2.5700 0.03867817 2.0378e+11
2.5750 0.03931071 2.0711e+11
2.5800 0.03994324 2.1045e+11
2.5850 0.04057578 2.1378e+11
2.5900 0.04120831 2.1711e+11
2.5950 0.04226597 2.2268e+11
2.6000 0.04343864 2.2886e+11
2.6050 0.04461131 2.3504e+11
2.6100 0.04578398 2.4122e+11
2.6150 0.04695665 2.4740e+11
2.6200 0.04812932 2.5358e+11
2.6250 0.04930200 2.5975e+11
2.6300 0.05047467 2.6593e+11
2.6350 0.05164734 2.7211e+11
2.6400 0.05282001 2.7829e+11
2.6450 0.05399268 2.8447e+11
2.6500 0.05516535 2.9065e+11
2.6550 0.05633802 2.9682e+11
2.6600 0.05751069 3.0300e+11
2.6650 0.05868336 3.0918e+11
2.6700 0.05985603 3.1536e+11
2.6750 0.06102870 3.2154e+11
2.6800 0.06220137 3.2772e+11
2.6850 0.06337404 3.3390e+11
2.6900 0.06454671 3.4007e+11
2.6950 0.06571938 3.4625e+11
2.7000 0.06689205 3.5243e+11
2.7050 0.06806472 3.5861e+11
2.7100 0.06923739 3.6479e+11
2.7150 0.07041006 3.7097e+11
2.7200 0.07210151 3.7988e+11
2.7250 0.07392321 3.8948e+11
2.7300 0.07574490 3.9907e+11
2.7350 0.07756660 4.0867e+11
2.7400 0.07938829 4.1827e+11
2.7450 0.08120999 4.2787e+11
2.7500 0.08303168 4.3746e+11
2.7550 0.08485338 4.4706e+11
2.7600 0.08667507 4.5666e+11
2.7650 0.08849676 4.6626e+11
2.7700 0.09031846 4.7586e+11
2.7750 0.09214015 4.8545e+11
2.7800 0.09396185 4.9505e+11
2.7850 0.09578354 5.0465e+11
2.7900 0.09760524 5.1425e+11
2.7950 0.09942693 5.2385e+11
2.8000 0.10124863 5.3344e+11
2.8050 0.10307032 5.4304e+11
2.8100 0.10489202 5.5264e+11
2.8150 0.10702034 5.6385e+11
2.8200 0.10957677 5.7732e+11
2.8250 0.11213320 5.9079e+11
2.8300 0.11468964 6.0426e+11
2.8350 0.11724607 6.1773e+11
2.8400 0.11980250 6.3120e+11
2.8450 0.12235893 6.4467e+11
2.8500 0.12491537 6.5813e+11
2.8550 0.12747180 6.7160e+11
2.8600 0.13002823 6.8507e+11
2.8650 0.13258466 6.9854e+11
2.8700 0.13514110 7.1201e+11
2.8750 0.13769753 7.2548e+11
2.8800 0.14025396 7.3895e+11
2.8850 0.14281039 7.5242e+11
2.8900 0.14536683 7.6589e+11
2.8950 0.14837794 7.8175e+11
2.9000 0.15171686 7.9934e+11
2.9050 0.15505578 8.1693e+11
2.9100 0.15839469 8.3453e+11
2.9150 0.16173361 8.5212e+11
2.9200 0.16507252 8.6971e+11
2.9250 0.16841144 8.8730e+11
2.9300 0.17175036 9.0489e+11
2.9350 0.17508927 9.2248e+11
2.9400 0.17842819 9.4007e+11
2.9450 0.18176710 9.5767e+11
2.9500 0.18510602 9.7526e+11
2.9550 0.18844494 9.9285e+11
2.9600 0.19193846 1.0113e+12
2.9650 0.19608383 1.0331e+12
2.9700 0.20022919 1.0549e+12
2.9750 0.20437455 1.0768e+12
2.9800 0.20851991 1.0986e+12
2.9850 0.21266527 1.1205e+12
2.9900 0.21681063 1.1423e+12
2.9950 0.22095599 1.1641e+12
3.0000 0.22510136 1.1860e+12
3.0050 0.22924672 1.2078e+12
3.0100 0.23339208 1.2297e+12
3.0150 0.23753744 1.2515e+12
3.0200 0.24211094 1.2756e+12
3.0250 0.24697790 1.3012e+12
3.0300 0.25184485 1.3269e+12
3.0350 0.25671180 1.3525e+12
3.0400 0.26157876 1.3782e+12
3.0450 0.26644571 1.4038e+12
3.0500 0.27131266 1.4294e+12
3.0550 0.27617962 1.4551e+12
3.0600 0.28104657 1.4807e+12
3.0650 0.28591352 1.5064e+12
3.0700 0.29112261 1.5338e+12
3.0750 0.29693254 1.5644e+12
3.0800 0.30274246 1.5950e+12
3.0850 0.30855239 1.6257e+12
3.0900 0.31436232 1.6563e+12
3.0950 0.32017224 1.6869e+12
3.1000 0.32598217 1.7175e+12
3.1050 0.33179209 1.7481e+12
3.1100 0.33760202 1.7787e+12
3.1150 0.34350668 1.8098e+12
3.1200 0.34976489 1.8428e+12
3.1250 0.35602310 1.8758e+12
3.1300 0.36228131 1.9087e+12
3.1350 0.36853953 1.9417e+12
3.1400 0.37479774 1.9747e+12
3.1450 0.38105595 2.0076e+12
3.1500 0.38731416 2.0406e+12
3.1550 0.39357237 2.0736e+12
3.1600 0.40067219 2.1110e+12
3.1650 0.40783265 2.1487e+12
3.1700 0.41499311 2.1865e+12
3.1750 0.42215357 2.2242e+12
3.1800 0.42931403 2.2619e+12
3.1850 0.43647449 2.2996e+12
3.1900 0.44363495 2.3374e+12
3.1950 0.45103447 2.3763e+12
3.2000 0.45883226 2.4174e+12
3.2050 0.46663006 2.4585e+12
3.2100 0.47442785 2.4996e+12
3.2150 0.48222565 2.5407e+12
3.2200 0.49002344 2.5818e+12
3.2250 0.49782124 2.6228e+12
3.2300 0.50583271 2.6651e+12
3.2350 0.51413607 2.7088e+12
3.2400 0.52243942 2.7525e+12
3.2450 0.53074278 2.7963e+12
3.2500 0.53904613 2.8400e+12
3.2550 0.54734949 2.8838e+12
3.2600 0.55565284 2.9275e+12
3.2650 0.56451593 2.9742e+12
3.2700 0.57338713 3.0210e+12
3.2750 0.58225833 3.0677e+12
3.2800 0.59112953 3.1145e+12
3.2850 0.60000073 3.1612e+12
3.2900 0.60887192 3.2079e+12
3.2950 0.61789197 3.2555e+12
3.3000 0.62691305 3.3030e+12
3.3050 0.63593413 3.3505e+12
3.3100 0.64495521 3.3980e+12
3.3150 0.65397629 3.4456e+12
3.3200 0.66317100 3.4940e+12
3.3250 0.67264036 3.5439e+12
3.3300 0.68210972 3.5938e+12
3.3350 0.69157907 3.6437e+12
3.3400 0.70104843 3.6936e+12
3.3450 0.71058001 3.7438e+12
3.3500 0.72056132 3.7964e+12
3.3550 0.73054264 3.8490e+12
3.3600 0.74052395 3.9016e+12
3.3650 0.75050527 3.9541e+12
3.3700 0.76046625 4.0066e+12
3.3750 0.77031791 4.0585e+12
3.3800 0.78016957 4.1104e+12
3.3850 0.79002124 4.1623e+12
3.3900 0.79987290 4.2142e+12
3.3950 0.80976577 4.2664e+12
3.4000 0.81970689 4.3187e+12
3.4050 0.82964801 4.3711e+12
3.4100 0.83958913 4.4235e+12
3.4150 0.84952657 4.4759e+12
3.4200 0.85877736 4.5246e+12
3.4250 0.86802815 4.5733e+12
3.4300 0.87727895 4.6221e+12
3.4350 0.88652974 4.6708e+12
3.4400 0.89658173 4.7238e+12
3.4450 0.90687646 4.7780e+12
3.4500 0.91717120 4.8322e+12
3.4550 0.92746593 4.8865e+12
3.4600 0.93748368 4.9393e+12
3.4650 0.94739731 4.9915e+12
3.4700 0.95731095 5.0437e+12
3.4750 0.96722458 5.0960e+12
3.4800 0.97599597 5.1422e+12
3.4850 0.98459026 5.1875e+12
3.4900 0.99318454 5.2327e+12
3.4950 1.00197192 5.2790e+12
3.5000 1.01170819 5.3303e+12
3.5050 1.02144447 5.3816e+12
3.5100 1.03118074 5.4329e+12
3.5150 1.04061148 5.4826e+12
3.5200 1.04985757 5.5313e+12
3.5250 1.05910367 5.5800e+12
3.5300 1.06801288 5.6270e+12
3.5350 1.07570407 5.6675e+12
3.5400 1.08339526 5.7080e+12
3.5450 1.09108645 5.7485e+12
3.5500 1.09870858 5.7887e+12
3.5550 1.10632620 5.8288e+12
3.5600 1.11394382 5.8690e+12
3.5650 1.12185554 5.9107e+12
3.5700 1.12985035 5.9528e+12
3.5750 1.13784515 5.9949e+12
3.5800 1.14475258 6.0313e+12
3.5850 1.15126134 6.0656e+12
3.5900 1.15777011 6.0999e+12
3.5950 1.16378416 6.1316e+12
3.6000 1.16966439 6.1625e+12
3.6050 1.17554461 6.1935e+12
3.6100 1.18184261 6.2267e+12
3.6150 1.18816776 6.2600e+12
3.6200 1.19398231 6.2907e+12
3.6250 1.19749170 6.3092e+12
3.6300 1.20100109 6.3276e+12
3.6350 1.20437643 6.3454e+12
3.6400 1.20762222 6.3625e+12
3.6450 1.21086801 6.3796e+12
3.6500 1.21712412 6.4126e+12
3.6550 1.22365791 6.4470e+12
3.6600 1.22780679 6.4689e+12
3.6650 1.22834412 6.4717e+12
3.6700 1.22888144 6.4745e+12
3.6750 1.23232075 6.4927e+12
3.6800 1.23591013 6.5116e+12
3.6850 1.23737840 6.5193e+12
3.6900 1.23725297 6.5186e+12
3.6950 1.23750178 6.5200e+12
3.7000 1.23884621 6.5270e+12
3.7050 1.24019064 6.5341e+12
3.7100 1.24036760 6.5351e+12
3.7150 1.24054270 6.5360e+12
3.7200 1.23968262 6.5314e+12
3.7250 1.23856266 6.5255e+12
3.7300 1.23753972 6.5202e+12
3.7350 1.23656797 6.5150e+12
3.7400 1.23496548 6.5066e+12
3.7450 1.23287035 6.4956e+12
3.7500 1.22993863 6.4801e+12
3.7550 1.22622734 6.4606e+12
3.7600 1.22280053 6.4425e+12
3.7650 1.21963550 6.4258e+12
3.7700 1.21641422 6.4089e+12
3.7750 1.21315031 6.3917e+12
3.7800 1.20979238 6.3740e+12
3.7850 1.20638598 6.3560e+12
3.7900 1.19935051 6.3190e+12
3.7950 1.19136055 6.2769e+12
3.8000 1.18465440 6.2415e+12
3.8050 1.17816469 6.2073e+12
3.8100 1.17247940 6.1774e+12
3.8150 1.16510296 6.1385e+12
3.8200 1.15536536 6.0872e+12
3.8250 1.14999203 6.0589e+12
3.8300 1.14639097 6.0399e+12
3.8350 1.13143779 5.9611e+12
3.8400 1.11984159 5.9000e+12
3.8450 1.11431400 5.8709e+12
3.8500 1.10825997 5.8390e+12
3.8550 1.10102886 5.8009e+12
3.8600 1.08768644 5.7306e+12
3.8650 1.07554290 5.6667e+12
3.8700 1.06438123 5.6078e+12
3.8750 1.05563422 5.5618e+12
3.8800 1.04618893 5.5120e+12
3.8850 1.03593219 5.4580e+12
3.8900 1.02142145 5.3815e+12
3.8950 1.01316019 5.3380e+12
3.9000 1.00775811 5.3095e+12
3.9050 0.99267707 5.2301e+12
3.9100 0.97596782 5.1420e+12
3.9150 0.96104434 5.0634e+12
3.9200 0.95067304 5.0088e+12
3.9250 0.93628966 4.9330e+12
3.9300 0.92279497 4.8619e+12
3.9350 0.91202539 4.8051e+12
3.9400 0.90618976 4.7744e+12
3.9450 0.88885394 4.6831e+12
3.9500 0.87432655 4.6065e+12
3.9550 0.86037514 4.5330e+12
3.9600 0.84465968 4.4502e+12
3.9650 0.82465800 4.3448e+12
3.9700 0.81303318 4.2836e+12
3.9750 0.80548810 4.2438e+12
3.9800 0.79076195 4.1662e+12
3.9850 0.77115562 4.0629e+12
3.9900 0.75594050 3.9828e+12
3.9950 0.74332783 3.9163e+12
4.0000 0.72785717 3.8348e+12
4.0050 0.71839253 3.7850e+12
4.0100 0.69853488 3.6803e+12
4.0150 0.68597021 3.6141e+12
4.0200 0.67649409 3.5642e+12
4.0250 0.66068421 3.4809e+12
4.0300 0.64385076 3.3922e+12
4.0350 0.63182844 3.3289e+12
4.0400 0.61610854 3.2461e+12
4.0450 0.59672058 3.1439e+12
4.0500 0.58370070 3.0753e+12
4.0550 0.57187600 3.0130e+12
4.0600 0.55994105 2.9501e+12
4.0650 0.54247450 2.8581e+12
4.0700 0.52477049 2.7648e+12
4.0750 0.51196366 2.6974e+12
4.0800 0.49353039 2.6002e+12
4.0850 0.48295861 2.5445e+12
4.0900 0.47555233 2.5055e+12
4.0950 0.45902877 2.4185e+12
4.1000 0.44385139 2.3385e+12
4.1050 0.42956004 2.2632e+12
4.1100 0.42395390 2.2337e+12
4.1150 0.41034467 2.1620e+12
4.1200 0.39370912 2.0743e+12
4.1250 0.37934395 1.9986e+12
4.1300 0.36816490 1.9397e+12
4.1350 0.35559642 1.8735e+12
4.1400 0.34239727 1.8040e+12
4.1450 0.33030679 1.7403e+12
4.1500 0.32205185 1.6968e+12
4.1550 0.30788043 1.6221e+12
4.1600 0.29545768 1.5567e+12
4.1650 0.29179763 1.5374e+12
4.1700 0.27617732 1.4551e+12
4.1750 0.26825385 1.4133e+12
4.1800 0.25729067 1.3556e+12
4.1850 0.24502198 1.2909e+12
4.1900 0.23445189 1.2352e+12
4.1950 0.22741042 1.1981e+12
4.2000 0.21582731 1.1371e+12
4.2050 0.21344412 1.1246e+12
4.2100 0.19911759 1.0491e+12
4.2150 0.18721413 9.8636e+11
4.2200 0.18160260 9.5680e+11
4.2250 0.17370952 9.1521e+11
4.2300 0.16630522 8.7620e+11
4.2350 0.15912854 8.3839e+11
4.2400 0.14954747 7.8791e+11
4.2450 0.14297869 7.5330e+11
4.2500 0.14086856 7.4219e+11
4.2550 0.13006501 6.8527e+11
4.2600 0.12793151 6.7403e+11
4.2650 0.11589074 6.1059e+11
4.2700 0.11353442 5.9817e+11
4.2750 0.11147278 5.8731e+11
4.2800 0.10154254 5.3499e+11
4.2850 0.09605176 5.0606e+11
4.2900 0.08982579 4.7326e+11
4.2950 0.08332479 4.3901e+11
4.3000 0.07841079 4.1312e+11
4.3050 0.07430893 3.9151e+11
4.3100 0.07201433 3.7942e+11
4.3150 0.06656338 3.5070e+11
4.3200 0.06319019 3.3293e+11
4.3250 0.05846185 3.0801e+11
4.3300 0.05689821 2.9978e+11
4.3350 0.05348334 2.8178e+11
4.3400 0.04853425 2.5571e+11
4.3450 0.04859519 2.5603e+11
4.3500 0.03987732 2.1010e+11
4.3550 0.04100248 2.1603e+11
4.3600 0.03603758 1.8987e+11
4.3650 0.03427440 1.8058e+11
4.3700 0.03291234 1.7340e+11
4.3750 0.03053508 1.6088e+11
4.3800 0.02733224 1.4400e+11
4.3850 0.03065561 1.6151e+11
4.3900 0.02505185 1.3199e+11
4.3950 0.02374033 1.2508e+11
4.4000 0.02043283 1.0765e+11
4.4050 0.01880484 9.9076e+10
4.4100 0.01718145 9.0523e+10
4.4150 0.01781445 9.3858e+10
4.4200 0.01491981 7.8607e+10
4.4250 0.01448273 7.6304e+10
4.4300 0.01246081 6.5652e+10
4.4350 0.01205115 6.3493e+10
4.4400 0.01120774 5.9050e+10
4.4450 0.01017219 5.3594e+10
4.4500 0.00717461 3.7800e+10
4.4550 0.00768603 4.0495e+10
4.4600 0.00843035 4.4416e+10
4.4650 0.00792542 4.1756e+10
4.4700 0.00610843 3.2183e+10
4.4750 0.00467690 2.4641e+10
4.4800 0.00475169 2.5035e+10
4.4850 0.00408046 2.1498e+10
4.4900 0.00476771 2.5119e+10
4.4950 0.00421202 2.2192e+10
4.5000 0.00194626 1.0254e+10
4.5050 0.00296735 1.5634e+10
4.5100 0.00223455 1.1773e+10
4.5150 0.00244269 1.2870e+10
4.5200 0.00124869 6.5789e+09
4.5250 0.00163220 8.5995e+09
4.5300 0.00167734 8.8373e+09
4.5350 0.00155901 8.2139e+09
4.5400 0.00140741 7.4151e+09
4.5450 0.00065629 3.4578e+09
4.5500 0.00117895 6.2115e+09
4.5550 0.00139771 7.3640e+09
4.5600 0.00057364 3.0223e+09
4.5650 0.00025604 1.3490e+09
4.5700 0.00031499 1.6596e+09
4.5750 0.00053621 2.8251e+09
4.5800 0.00073776 3.8870e+09
4.5850 0.00088649 4.6706e+09
4.5900 0.00065130 3.4315e+09
4.5950 0.00101858 5.3665e+09
4.6000 0.00060163 3.1698e+09
4.6050 0.00030782 1.6218e+09
4.6100 0.00031501 1.6597e+09
4.6150 0.00051286 2.7021e+09
4.6200 0.00032984 1.7378e+09
4.6250 0.00033753 1.7783e+09
4.6300 0.00049295 2.5972e+09
4.6350 0.00035349 1.8624e+09
4.6400 0.00036167 1.9055e+09
4.6450 0.00037011 1.9500e+09
4.6500 0.00037875 1.9955e+09
4.6550 0.00038757 2.0419e+09
4.6600 0.00039657 2.0894e+09
4.6650 0.00040581 2.1381e+09
4.6700 0.00041557 2.1895e+09
4.6750 0.00042554 2.2420e+09
4.6800 0.00043552 2.2946e+09
4.6850 0.00044549 2.3471e+09
4.6900 0.00045546 2.3997e+09
4.6950 0.00046609 2.4556e+09
4.7000 0.00047698 2.5130e+09
4.7050 0.00048787 2.5704e+09
4.7100 0.00000000 0.0000e+00
4.7150 0.00000000 0.0000e+00
4.7200 0.00000000 0.0000e+00
4.7250 0.00000000 0.0000e+00
4.7300 0.00000000 0.0000e+00
4.7350 0.00000000 0.0000e+00
4.7400 0.00000000 0.0000e+00
4.7450 0.00000000 0.0000e+00
4.7500 0.00000000 0.0000e+00
4.7550 0.00000000 0.0000e+00
4.7600 0.00000000 0.0000e+00
4.7650 0.00000000 0.0000e+00
4.7700 0.00000000 0.0000e+00
4.7750 0.00000000 0.0000e+00
4.7800 0.00000000 0.0000e+00
4.7850 0.00000000 0.0000e+00
4.7900 0.00000000 0.0000e+00
4.7950 0.00000000 0.0000e+00
4.8000 0.00000000 0.0000e+00
4.8050 0.00000000 0.0000e+00
4.8100 0.00000000 0.0000e+00
4.8150 0.00000000 0.0000e+00
4.8200 0.00000000 0.0000e+00
4.8250 0.00000000 0.0000e+00
4.8300 0.00000000 0.0000e+00
4.8350 0.00000000 0.0000e+00
4.8400 0.00000000 0.0000e+00
4.8450 0.00000000 0.0000e+00
4.8500 0.00000000 0.0000e+00
4.8550 0.00000000 0.0000e+00
4.8600 0.00000000 0.0000e+00
4.8650 0.00000000 0.0000e+00
4.8700 0.00000000 0.0000e+00
4.8750 0.00000000 0.0000e+00
4.8800 0.00000000 0.0000e+00
4.8850 0.00000000 0.0000e+00
4.8900 0.00000000 0.0000e+00
4.8950 0.00000000 0.0000e+00
4.9000 0.00000000 0.0000e+00
4.9050 0.00000000 0.0000e+00
4.9100 0.00000000 0.0000e+00
4.9150 0.00000000 0.0000e+00
4.9200 0.00000000 0.0000e+00
4.9250 0.00000000 0.0000e+00
4.9300 0.00000000 0.0000e+00
4.9350 0.00000000 0.0000e+00
4.9400 0.00000000 0.0000e+00
4.9450 0.00000000 0.0000e+00
4.9500 0.00000000 0.0000e+00
4.9550 0.00000000 0.0000e+00
4.9600 0.00000000 0.0000e+00
4.9650 0.00000000 0.0000e+00
4.9700 0.00000000 0.0000e+00
4.9750 0.00000000 0.0000e+00
4.9800 0.00000000 0.0000e+00
4.9850 0.00000000 0.0000e+00
4.9900 0.00000000 0.0000e+00
4.9950 0.00000000 0.0000e+00
5.0000 0.00000000 0.0000e+00
5.0050 0.00000000 0.0000e+00
5.0100 0.00000000 0.0000e+00
5.0150 0.00000000 0.0000e+00
5.0200 0.00000000 0.0000e+00
5.0250 0.00000000 0.0000e+00
5.0300 0.00000000 0.0000e+00
5.0350 0.00000000 0.0000e+00
5.0400 0.00000000 0.0000e+00
5.0450 0.00000000 0.0000e+00
5.0500 0.00000000 0.0000e+00
5.0550 0.00000000 0.0000e+00
5.0600 0.00000000 0.0000e+00
5.0650 0.00000000 0.0000e+00
5.0700 0.00000000 0.0000e+00
5.0750 0.00000000 0.0000e+00
5.0800 0.00000000 0.0000e+00
5.0850 0.00000000 0.0000e+00
5.0900 0.00000000 0.0000e+00
5.0950 0.00000000 0.0000e+00
5.1000 0.00000000 0.0000e+00
5.1050 0.00000000 0.0000e+00
5.1100 0.00000000 0.0000e+00
5.1150 0.00000000 0.0000e+00
5.1200 0.00000000 0.0000e+00
5.1250 0.00000000 0.0000e+00
5.1300 0.00000000 0.0000e+00
5.1350 0.00000000 0.0000e+00
5.1400 0.00000000 0.0000e+00
5.1450 0.00000000 0.0000e+00
5.1500 0.00000000 0.0000e+00
5.1550 0.00000000 0.0000e+00
5.1600 0.00000000 0.0000e+00
5.1650 0.00000000 0.0000e+00
5.1700 0.00000000 0.0000e+00
5.1750 0.00000000 0.0000e+00
5.1800 0.00000000 0.0000e+00
5.1850 0.00000000 0.0000e+00
5.1900 0.00000000 0.0000e+00
5.1950 0.00000000 0.0000e+00
5.2000 0.00000000 0.0000e+00
5.2050 0.00000000 0.0000e+00
5.2100 0.00000000 0.0000e+00
5.2150 0.00000000 0.0000e+00
5.2200 0.00000000 0.0000e+00
5.2250 0.00000000 0.0000e+00
5.2300 0.00000000 0.0000e+00
5.2350 0.00000000 0.0000e+00
5.2400 0.00000000 0.0000e+00
5.2450 0.00000000 0.0000e+00
5.2500 0.00000000 0.0000e+00
5.2550 0.00000000 0.0000e+00
5.2600 0.00000000 0.0000e+00
5.2650 0.00000000 0.0000e+00
5.2700 0.00000000 0.0000e+00
5.2750 0.00000000 0.0000e+00
5.2800 0.00000000 0.0000e+00
5.2850 0.00000000 0.0000e+00
5.2900 0.00000000 0.0000e+00
5.2950 0.00000000 0.0000e+00
5.3000 0.00000000 0.0000e+00
5.3050 0.00000000 0.0000e+00
5.3100 0.00000000 0.0000e+00
5.3150 0.00000000 0.0000e+00
5.3200 0.00000000 0.0000e+00
5.3250 0.00000000 0.0000e+00
5.3300 0.00000000 0.0000e+00
5.3350 0.00000000 0.0000e+00
5.3400 0.00000000 0.0000e+00
5.3450 0.00000000 0.0000e+00
5.3500 0.00000000 0.0000e+00
5.3550 0.00000000 0.0000e+00
5.3600 0.00000000 0.0000e+00
5.3650 0.00000000 0.0000e+00
5.3700 0.00000000 0.0000e+00
5.3750 0.00000000 0.0000e+00
5.3800 0.00000000 0.0000e+00
5.3850 0.00000000 0.0000e+00
5.3900 0.00000000 0.0000e+00
5.3950 0.00000000 0.0000e+00
5.4000 0.00000000 0.0000e+00
5.4050 0.00000000 0.0000e+00
5.4100 0.00000000 0.0000e+00
5.4150 0.00000000 0.0000e+00
5.4200 0.00000000 0.0000e+00
5.4250 0.00000000 0.0000e+00
5.4300 0.00000000 0.0000e+00
5.4350 0.00000000 0.0000e+00
5.4400 0.00000000 0.0000e+00
5.4450 0.00000000 0.0000e+00
5.4500 0.00000000 0.0000e+00
5.4550 0.00000000 0.0000e+00
5.4600 0.00000000 0.0000e+00
5.4650 0.00000000 0.0000e+00
5.4700 0.00000000 0.0000e+00
5.4750 0.00000000 0.0000e+00
5.4800 0.00000000 0.0000e+00
5.4850 0.00000000 0.0000e+00
5.4900 0.00000000 0.0000e+00
5.4950 0.00000000 0.0000e+00
5.5000 0.00000000 0.0000e+00
5.5050 0.00000000 0.0000e+00
5.5100 0.00000000 0.0000e+00
5.5150 0.00000000 0.0000e+00
5.5200 0.00000000 0.0000e+00
5.5250 0.00000000 0.0000e+00
5.5300 0.00000000 0.0000e+00
5.5350 0.00000000 0.0000e+00
5.5400 0.00000000 0.0000e+00
5.5450 0.00000000 0.0000e+00
5.5500 0.00000000 0.0000e+00
5.5550 0.00000000 0.0000e+00
5.5600 0.00000000 0.0000e+00
5.5650 0.00000000 0.0000e+00
5.5700 0.00000000 0.0000e+00
5.5750 0.00000000 0.0000e+00
5.5800 0.00000000 0.0000e+00
5.5850 0.00000000 0.0000e+00
5.5900 0.00000000 0.0000e+00
5.5950 0.00000000 0.0000e+00
5.6000 0.00000000 0.0000e+00
5.6050 0.00000000 0.0000e+00
5.6100 0.00000000 0.0000e+00
5.6150 0.00000000 0.0000e+00
5.6200 0.00000000 0.0000e+00
5.6250 0.00000000 0.0000e+00
5.6300 0.00000000 0.0000e+00
5.6350 0.00000000 0.0000e+00
5.6400 0.00000000 0.0000e+00
5.6450 0.00000000 0.0000e+00
5.6500 0.00000000 0.0000e+00
5.6550 0.00000000 0.0000e+00
5.6600 0.00000000 0.0000e+00
5.6650 0.00000000 0.0000e+00
5.6700 0.00000000 0.0000e+00
5.6750 0.00000000 0.0000e+00
5.6800 0.00000000 0.0000e+00
5.6850 0.00000000 0.0000e+00
5.6900 0.00000000 0.0000e+00
5.6950 0.00000000 0.0000e+00
5.7000 0.00000000 0.0000e+00
5.7050 0.00000000 0.0000e+00
5.7100 0.00000000 0.0000e+00
5.7150 0.00000000 0.0000e+00
5.7200 0.00000000 0.0000e+00
5.7250 0.00000000 0.0000e+00
5.7300 0.00000000 0.0000e+00
5.7350 0.00000000 0.0000e+00
5.7400 0.00000000 0.0000e+00
5.7450 0.00000000 0.0000e+00
5.7500 0.00000000 0.0000e+00
5.7550 0.00000000 0.0000e+00
5.7600 0.00000000 0.0000e+00
5.7650 0.00000000 0.0000e+00
5.7700 0.00000000 0.0000e+00
5.7750 0.00000000 0.0000e+00
5.7800 0.00000000 0.0000e+00
5.7850 0.00000000 0.0000e+00
5.7900 0.00000000 0.0000e+00
5.7950 0.00000000 0.0000e+00
5.8000 0.00000000 0.0000e+00
5.8050 0.00000000 0.0000e+00
5.8100 0.00000000 0.0000e+00
5.8150 0.00000000 0.0000e+00
5.8200 0.00000000 0.0000e+00
5.8250 0.00000000 0.0000e+00
5.8300 0.00000000 0.0000e+00
5.8350 0.00000000 0.0000e+00
5.8400 0.00000000 0.0000e+00
5.8450 0.00000000 0.0000e+00
5.8500 0.00000000 0.0000e+00
5.8550 0.00000000 0.0000e+00
5.8600 0.00000000 0.0000e+00
5.8650 0.00000000 0.0000e+00
5.8700 0.00000000 0.0000e+00
5.8750 0.00000000 0.0000e+00
5.8800 0.00000000 0.0000e+00
5.8850 0.00000000 0.0000e+00
5.8900 0.00000000 0.0000e+00
5.8950 0.00000000 0.0000e+00
5.9000 0.00000000 0.0000e+00
5.9050 0.00000000 0.0000e+00
5.9100 0.00000000 0.0000e+00
5.9150 0.00000000 0.0000e+00
5.9200 0.00000000 0.0000e+00
5.9250 0.00000000 0.0000e+00
5.9300 0.00000000 0.0000e+00
5.9350 0.00000000 0.0000e+00
5.9400 0.00000000 0.0000e+00
5.9450 0.00000000 0.0000e+00
5.9500 0.00000000 0.0000e+00
5.9550 0.00000000 0.0000e+00
5.9600 0.00000000 0.0000e+00
5.9650 0.00000000 0.0000e+00
5.9700 0.00000000 0.0000e+00
5.9750 0.00000000 0.0000e+00
5.9800 0.00000000 0.0000e+00
5.9850 0.00000000 0.0000e+00
5.9900 0.00000000 0.0000e+00
5.9950 0.00000000 0.0000e+00
6.0000 0.00000000 0.0000e+00
6.0050 0.00000000 0.0000e+00
6.0100 0.00000000 0.0000e+00
6.0150 0.00000000 0.0000e+00
6.0200 0.00000000 0.0000e+00
6.0250 0.00000000 0.0000e+00
6.0300 0.00000000 0.0000e+00
6.0350 0.00000000 0.0000e+00
6.0400 0.00000000 0.0000e+00
6.0450 0.00000000 0.0000e+00
6.0500 0.00000000 0.0000e+00
6.0550 0.00000000 0.0000e+00
6.0600 0.00000000 0.0000e+00
6.0650 0.00000000 0.0000e+00
6.0700 0.00000000 0.0000e+00
6.0750 0.00000000 0.0000e+00
6.0800 0.00000000 0.0000e+00
6.0850 0.00000000 0.0000e+00
6.0900 0.00000000 0.0000e+00
6.0950 0.00000000 0.0000e+00
6.1000 0.00000000 0.0000e+00
6.1050 0.00000000 0.0000e+00
6.1100 0.00000000 0.0000e+00
6.1150 0.00000000 0.0000e+00
6.1200 0.00000000 0.0000e+00
6.1250 0.00000000 0.0000e+00
6.1300 0.00000000 0.0000e+00
6.1350 0.00000000 0.0000e+00
6.1400 0.00000000 0.0000e+00
6.1450 0.00000000 0.0000e+00
6.1500 0.00000000 0.0000e+00
6.1550 0.00000000 0.0000e+00
6.1600 0.00000000 0.0000e+00
6.1650 0.00000000 0.0000e+00
6.1700 0.00000000 0.0000e+00
6.1750 0.00000000 0.0000e+00
6.1800 0.00000000 0.0000e+00
6.1850 0.00000000 0.0000e+00
6.1900 0.00000000 0.0000e+00
6.1950 0.00000000 0.0000e+00
6.2000 0.00000000 0.0000e+00
6.2050 0.00000000 0.0000e+00
6.2100 0.00000000 0.0000e+00
6.2150 0.00000000 0.0000e+00
6.2200 0.00000000 0.0000e+00
6.2250 0.00000000 0.0000e+00
6.2300 0.00000000 0.0000e+00
6.2350 0.00000000 0.0000e+00
6.2400 0.00000000 0.0000e+00
6.2450 0.00000000 0.0000e+00
6.2500 0.00000000 0.0000e+00
6.2550 0.00000000 0.0000e+00
6.2600 0.00000000 0.0000e+00
6.2650 0.00000000 0.0000e+00
6.2700 0.00000000 0.0000e+00
6.2750 0.00000000 0.0000e+00
6.2800 0.00000000 0.0000e+00
6.2850 0.00000000 0.0000e+00
6.2900 0.00000000 0.0000e+00
6.2950 0.00000000 0.0000e+00
6.3000 0.00000000 0.0000e+00
6.3050 0.00000000 0.0000e+00
6.3100 0.00000000 0.0000e+00
6.3150 0.00000000 0.0000e+00
6.3200 0.00000000 0.0000e+00
6.3250 0.00000000 0.0000e+00
6.3300 0.00000000 0.0000e+00
6.3350 0.00000000 0.0000e+00
6.3400 0.00000000 0.0000e+00
6.3450 0.00000000 0.0000e+00
6.3500 0.00000000 0.0000e+00
6.3550 0.00000000 0.0000e+00
6.3600 0.00000000 0.0000e+00
6.3650 0.00000000 0.0000e+00
6.3700 0.00000000 0.0000e+00
6.3750 0.00000000 0.0000e+00
6.3800 0.00000000 0.0000e+00
6.3850 0.00000000 0.0000e+00
6.3900 0.00000000 0.0000e+00
6.3950 0.00000000 0.0000e+00
6.4000 0.00000000 0.0000e+00
6.4050 0.00000000 0.0000e+00
6.4100 0.00000000 0.0000e+00
6.4150 0.00000000 0.0000e+00
6.4200 0.00000000 0.0000e+00
6.4250 0.00000000 0.0000e+00
6.4300 0.00000000 0.0000e+00
6.4350 0.00000000 0.0000e+00
6.4400 0.00000000 0.0000e+00
6.4450 0.00000000 0.0000e+00
6.4500 0.00000000 0.0000e+00
6.4550 0.00000000 0.0000e+00
6.4600 0.00000000 0.0000e+00
6.4650 0.00000000 0.0000e+00
6.4700 0.00000000 0.0000e+00
6.4750 0.00000000 0.0000e+00
6.4800 0.00000000 0.0000e+00
6.4850 0.00000000 0.0000e+00
6.4900 0.00000000 0.0000e+00
6.4950 0.00000000 0.0000e+00
6.5000 0.00000000 0.0000e+00
6.5050 0.00000000 0.0000e+00
6.5100 0.00000000 0.0000e+00
6.5150 0.00000000 0.0000e+00
6.5200 0.00000000 0.0000e+00
6.5250 0.00000000 0.0000e+00
6.5300 0.00000000 0.0000e+00
6.5350 0.00000000 0.0000e+00
6.5400 0.00000000 0.0000e+00
6.5450 0.00000000 0.0000e+00
6.5500 0.00000000 0.0000e+00
6.5550 0.00000000 0.0000e+00
6.5600 0.00000000 0.0000e+00
6.5650 0.00000000 0.0000e+00
6.5700 0.00000000 0.0000e+00
6.5750 0.00000000 0.0000e+00
6.5800 0.00000000 0.0000e+00
6.5850 0.00000000 0.0000e+00
6.5900 0.00000000 0.0000e+00
6.5950 0.00000000 0.0000e+00
6.6000 0.00000000 0.0000e+00
6.6050 0.00000000 0.0000e+00
6.6100 0.00000000 0.0000e+00
6.6150 0.00000000 0.0000e+00
6.6200 0.00000000 0.0000e+00
6.6250 0.00000000 0.0000e+00
6.6300 0.00000000 0.0000e+00
6.6350 0.00000000 0.0000e+00
6.6400 0.00000000 0.0000e+00
6.6450 0.00000000 0.0000e+00
6.6500 0.00000000 0.0000e+00
6.6550 0.00000000 0.0000e+00
6.6600 0.00000000 0.0000e+00
6.6650 0.00000000 0.0000e+00
6.6700 0.00000000 0.0000e+00
6.6750 0.00000000 0.0000e+00
6.6800 0.00000000 0.0000e+00
6.6850 0.00000000 0.0000e+00
6.6900 0.00000000 0.0000e+00
6.6950 0.00000000 0.0000e+00
6.7000 0.00000000 0.0000e+00
6.7050 0.00000000 0.0000e+00
6.7100 0.00000000 0.0000e+00
6.7150 0.00000000 0.0000e+00
6.7200 0.00000000 0.0000e+00
6.7250 0.00000000 0.0000e+00
6.7300 0.00000000 0.0000e+00
6.7350 0.00000000 0.0000e+00
6.7400 0.00000000 0.0000e+00
6.7450 0.00000000 0.0000e+00
6.7500 0.00000000 0.0000e+00
6.7550 0.00000000 0.0000e+00
6.7600 0.00000000 0.0000e+00
6.7650 0.00000000 0.0000e+00
6.7700 0.00000000 0.0000e+00
6.7750 0.00000000 0.0000e+00
6.7800 0.00000000 0.0000e+00
6.7850 0.00000000 0.0000e+00
6.7900 0.00000000 0.0000e+00
6.7950 0.00000000 0.0000e+00
6.8000 0.00000000 0.0000e+00
6.8050 0.00000000 0.0000e+00
6.8100 0.00000000 0.0000e+00
6.8150 0.00000000 0.0000e+00
6.8200 0.00000000 0.0000e+00
6.8250 0.00000000 0.0000e+00
6.8300 0.00000000 0.0000e+00
6.8350 0.00000000 0.0000e+00
6.8400 0.00000000 0.0000e+00
6.8450 0.00000000 0.0000e+00
6.8500 0.00000000 0.0000e+00
6.8550 0.00000000 0.0000e+00
6.8600 0.00000000 0.0000e+00
6.8650 0.00000000 0.0000e+00
6.8700 0.00000000 0.0000e+00
6.8750 0.00000000 0.0000e+00
6.8800 0.00000000 0.0000e+00
6.8850 0.00000000 0.0000e+00
6.8900 0.00000000 0.0000e+00
6.8950 0.00000000 0.0000e+00
6.9000 0.00000000 0.0000e+00
6.9050 0.00000000 0.0000e+00
6.9100 0.00000000 0.0000e+00
6.9150 0.00000000 0.0000e+00
6.9200 0.00000000 0.0000e+00
6.9250 0.00000000 0.0000e+00
6.9300 0.00000000 0.0000e+00
6.9350 0.00000000 0.0000e+00
6.9400 0.00000000 0.0000e+00
6.9450 0.00000000 0.0000e+00
6.9500 0.00000000 0.0000e+00
6.9550 0.00000000 0.0000e+00
6.9600 0.00000000 0.0000e+00
6.9650 0.00000000 0.0000e+00
6.9700 0.00000000 0.0000e+00
6.9750 0.00000000 0.0000e+00
6.9800 0.00000000 0.0000e+00
6.9850 0.00000000 0.0000e+00
6.9900 0.00000000 0.0000e+00
6.9950 0.00000000 0.0000e+00
7.0000 0.00000000 0.0000e+00
7.0050 0.00000000 0.0000e+00
7.0100 0.00000000 0.0000e+00
7.0150 0.00000000 0.0000e+00
7.0200 0.00000000 0.0000e+00
7.0250 0.00000000 0.0000e+00
7.0300 0.00000000 0.0000e+00
7.0350 0.00000000 0.0000e+00
7.0400 0.00000000 0.0000e+00
7.0450 0.00000000 0.0000e+00
7.0500 0.00000000 0.0000e+00
7.0550 0.00000000 0.0000e+00
7.0600 0.00000000 0.0000e+00
7.0650 0.00000000 0.0000e+00
7.0700 0.00000000 0.0000e+00
7.0750 0.00000000 0.0000e+00
7.0800 0.00000000 0.0000e+00
7.0850 0.00000000 0.0000e+00
7.0900 0.00000000 0.0000e+00
7.0950 0.00000000 0.0000e+00
7.1000 0.00000000 0.0000e+00
7.1050 0.00000000 0.0000e+00
7.1100 0.00000000 0.0000e+00
7.1150 0.00000000 0.0000e+00
7.1200 0.00000000 0.0000e+00
7.1250 0.00000000 0.0000e+00
7.1300 0.00000000 0.0000e+00
7.1350 0.00000000 0.0000e+00
7.1400 0.00000000 0.0000e+00
7.1450 0.00000000 0.0000e+00
7.1500 0.00000000 0.0000e+00
7.1550 0.00000000 0.0000e+00
7.1600 0.00000000 0.0000e+00
7.1650 0.00000000 0.0000e+00
7.1700 0.00000000 0.0000e+00
7.1750 0.00000000 0.0000e+00
7.1800 0.00000000 0.0000e+00
7.1850 0.00000000 0.0000e+00
7.1900 0.00000000 0.0000e+00
7.1950 0.00000000 0.0000e+00
7.2000 0.00000000 0.0000e+00
7.2050 0.00000000 0.0000e+00
7.2100 0.00000000 0.0000e+00
7.2150 0.00000000 0.0000e+00
7.2200 0.00000000 0.0000e+00
7.2250 0.00000000 0.0000e+00
7.2300 0.00000000 0.0000e+00
7.2350 0.00000000 0.0000e+00
7.2400 0.00000000 0.0000e+00
7.2450 0.00000000 0.0000e+00
7.2500 0.00000000 0.0000e+00
7.2550 0.00000000 0.0000e+00
7.2600 0.00000000 0.0000e+00
7.2650 0.00000000 0.0000e+00
7.2700 0.00000000 0.0000e+00
7.2750 0.00000000 0.0000e+00
7.2800 0.00000000 0.0000e+00
7.2850 0.00000000 0.0000e+00
7.2900 0.00000000 0.0000e+00
7.2950 0.00000000 0.0000e+00
7.3000 0.00000000 0.0000e+00
7.3050 0.00000000 0.0000e+00
7.3100 0.00000000 0.0000e+00
7.3150 0.00000000 0.0000e+00
7.3200 0.00000000 0.0000e+00
7.3250 0.00000000 0.0000e+00
7.3300 0.00000000 0.0000e+00
7.3350 0.00000000 0.0000e+00
7.3400 0.00000000 0.0000e+00
7.3450 0.00000000 0.0000e+00
7.3500 0.00000000 0.0000e+00
7.3550 0.00000000 0.0000e+00
7.3600 0.00000000 0.0000e+00
7.3650 0.00000000 0.0000e+00
7.3700 0.00000000 0.0000e+00
7.3750 0.00000000 0.0000e+00
7.3800 0.00000000 0.0000e+00
7.3850 0.00000000 0.0000e+00
7.3900 0.00000000 0.0000e+00
7.3950 0.00000000 0.0000e+00
7.4000 0.00000000 0.0000e+00
7.4050 0.00000000 0.0000e+00
7.4100 0.00000000 0.0000e+00
7.4150 0.00000000 0.0000e+00
7.4200 0.00000000 0.0000e+00
7.4250 0.00000000 0.0000e+00
7.4300 0.00000000 0.0000e+00
7.4350 0.00000000 0.0000e+00
7.4400 0.00000000 0.0000e+00
7.4450 0.00000000 0.0000e+00
7.4500 0.00000000 0.0000e+00
7.4550 0.00000000 0.0000e+00
7.4600 0.00000000 0.0000e+00
7.4650 0.00000000 0.0000e+00
7.4700 0.00000000 0.0000e+00
7.4750 0.00000000 0.0000e+00
7.4800 0.00000000 0.0000e+00
7.4850 0.00000000 0.0000e+00
7.4900 0.00000000 0.0000e+00
7.4950 0.00000000 0.0000e+00
7.5000 0.00000000 0.0000e+00
7.5050 0.00000000 0.0000e+00
7.5100 0.00000000 0.0000e+00
7.5150 0.00000000 0.0000e+00
7.5200 0.00000000 0.0000e+00
7.5250 0.00000000 0.0000e+00
7.5300 0.00000000 0.0000e+00
7.5350 0.00000000 0.0000e+00
7.5400 0.00000000 0.0000e+00
7.5450 0.00000000 0.0000e+00
7.5500 0.00000000 0.0000e+00
7.5550 0.00000000 0.0000e+00
7.5600 0.00000000 0.0000e+00
7.5650 0.00000000 0.0000e+00
7.5700 0.00000000 0.0000e+00
7.5750 0.00000000 0.0000e+00
7.5800 0.00000000 0.0000e+00
7.5850 0.00000000 0.0000e+00
7.5900 0.00000000 0.0000e+00
7.5950 0.00000000 0.0000e+00
7.6000 0.00000000 0.0000e+00
7.6050 0.00000000 0.0000e+00
7.6100 0.00000000 0.0000e+00
7.6150 0.00000000 0.0000e+00
7.6200 0.00000000 0.0000e+00
7.6250 0.00000000 0.0000e+00
7.6300 0.00000000 0.0000e+00
7.6350 0.00000000 0.0000e+00
7.6400 0.00000000 0.0000e+00
7.6450 0.00000000 0.0000e+00
7.6500 0.00000000 0.0000e+00
7.6550 0.00000000 0.0000e+00
7.6600 0.00000000 0.0000e+00
7.6650 0.00000000 0.0000e+00
7.6700 0.00000000 0.0000e+00
7.6750 0.00000000 0.0000e+00
7.6800 0.00000000 0.0000e+00
7.6850 0.00000000 0.0000e+00
7.6900 0.00000000 0.0000e+00
7.6950 0.00000000 0.0000e+00
7.7000 0.00000000 0.0000e+00
7.7050 0.00000000 0.0000e+00
7.7100 0.00000000 0.0000e+00
7.7150 0.00000000 0.0000e+00
7.7200 0.00000000 0.0000e+00
7.7250 0.00000000 0.0000e+00
7.7300 0.00000000 0.0000e+00
7.7350 0.00000000 0.0000e+00
7.7400 0.00000000 0.0000e+00
7.7450 0.00000000 0.0000e+00
7.7500 0.00000000 0.0000e+00
7.7550 0.00000000 0.0000e+00
7.7600 0.00000000 0.0000e+00
7.7650 0.00000000 0.0000e+00
7.7700 0.00000000 0.0000e+00
7.7750 0.00000000 0.0000e+00
7.7800 0.00000000 0.0000e+00
7.7850 0.00000000 0.0000e+00
7.7900 0.00000000 0.0000e+00
7.7950 0.00000000 0.0000e+00
7.8000 0.00000000 0.0000e+00
7.8050 0.00000000 0.0000e+00
7.8100 0.00000000 0.0000e+00
7.8150 0.00000000 0.0000e+00
7.8200 0.00000000 0.0000e+00
7.8250 0.00000000 0.0000e+00
7.8300 0.00000000 0.0000e+00
7.8350 0.00000000 0.0000e+00
7.8400 0.00000000 0.0000e+00
7.8450 0.00000000 0.0000e+00
7.8500 0.00000000 0.0000e+00
7.8550 0.00000000 0.0000e+00
7.8600 0.00000000 0.0000e+00
7.8650 0.00000000 0.0000e+00
7.8700 0.00000000 0.0000e+00
7.8750 0.00000000 0.0000e+00
7.8800 0.00000000 0.0000e+00
7.8850 0.00000000 0.0000e+00
7.8900 0.00000000 0.0000e+00
7.8950 0.00000000 0.0000e+00
7.9000 0.00000000 0.0000e+00
7.9050 0.00000000 0.0000e+00
7.9100 0.00000000 0.0000e+00
7.9150 0.00000000 0.0000e+00
7.9200 0.00000000 0.0000e+00
7.9250 0.00000000 0.0000e+00
7.9300 0.00000000 0.0000e+00
7.9350 0.00000000 0.0000e+00
7.9400 0.00000000 0.0000e+00
7.9450 0.00000000 0.0000e+00
7.9500 0.00000000 0.0000e+00
7.9550 0.00000000 0.0000e+00
7.9600 0.00000000 0.0000e+00
7.9650 0.00000000 0.0000e+00
7.9700 0.00000000 0.0000e+00
7.9750 0.00000000 0.0000e+00
7.9800 0.00000000 0.0000e+00
7.9850 0.00000000 0.0000e+00
7.9900 0.00000000 0.0000e+00
7.9950 0.00000000 0.0000e+00
8.0000 0.00000000 0.0000e+00
