0.0050 0.00000000 0.0000e+00
0.0100 0.00000000 0.0000e+00
0.0150 0.00000000 0.0000e+00
0.0200 0.00000000 0.0000e+00
0.0250 0.00000000 0.0000e+00
0.0300 0.00000000 0.0000e+00
0.0350 0.00000000 0.0000e+00
0.0400 0.00000000 0.0000e+00
0.0450 0.00000000 0.0000e+00
0.0500 0.00000000 0.0000e+00
0.0550 0.00000000 0.0000e+00
0.0600 0.00000000 0.0000e+00
0.0650 0.00000000 0.0000e+00
0.0700 0.00000000 0.0000e+00
0.0750 0.00000000 0.0000e+00
0.0800 0.00000000 0.0000e+00
0.0850 0.00000000 0.0000e+00
0.0900 0.00000000 0.0000e+00
0.0950 0.00000000 0.0000e+00
0.1000 0.00000000 0.0000e+00
0.1050 0.00000000 0.0000e+00
0.1100 0.00000000 0.0000e+00
0.1150 0.00000000 0.0000e+00
0.1200 0.00000000 0.0000e+00
0.1250 0.00000000 0.0000e+00
0.1300 0.00000000 0.0000e+00
0.1350 0.00000000 0.0000e+00
0.1400 0.00000000 0.0000e+00
0.1450 0.00000000 0.0000e+00
0.1500 0.00000000 0.0000e+00
0.1550 0.00000000 0.0000e+00
0.1600 0.00000000 0.0000e+00
0.1650 0.00000000 0.0000e+00
0.1700 0.00000000 0.0000e+00
0.1750 0.00000000 0.0000e+00
0.1800 0.00000000 0.0000e+00
0.1850 0.00000000 0.0000e+00
0.1900 0.00000000 0.0000e+00
0.1950 0.00000000 0.0000e+00
0.2000 0.00000000 0.0000e+00
0.2050 0.00000000 0.0000e+00
0.2100 0.00000000 0.0000e+00
0.2150 0.00000000 0.0000e+00
0.2200 0.00000000 0.0000e+00
0.2250 0.00000000 0.0000e+00
0.2300 0.00000000 0.0000e+00
0.2350 0.00000000 0.0000e+00
0.2400 0.00000000 0.0000e+00
0.2450 0.00000000 0.0000e+00
0.2500 0.00000000 0.0000e+00
0.2550 0.00000000 0.0000e+00
0.2600 0.00000000 0.0000e+00
0.2650 0.00000000 0.0000e+00
0.2700 0.00000000 0.0000e+00
0.2750 0.00000000 0.0000e+00
0.2800 0.00000000 0.0000e+00
0.2850 0.00000000 0.0000e+00
0.2900 0.00000000 0.0000e+00
0.2950 0.00000000 0.0000e+00
0.3000 0.00000000 0.0000e+00
0.3050 0.00000000 0.0000e+00
0.3100 0.00000000 0.0000e+00
0.3150 0.00000000 0.0000e+00
0.3200 0.00000000 0.0000e+00
0.3250 0.00000000 0.0000e+00
0.3300 0.00000000 0.0000e+00
0.3350 0.00000000 0.0000e+00
0.3400 0.00000000 0.0000e+00
0.3450 0.00000000 0.0000e+00
0.3500 0.00000000 0.0000e+00
0.3550 0.00000000 0.0000e+00
0.3600 0.00000000 0.0000e+00
0.3650 0.00000000 0.0000e+00
0.3700 0.00000000 0.0000e+00
0.3750 0.00000000 0.0000e+00
0.3800 0.00000000 0.0000e+00
0.3850 0.00000000 0.0000e+00
0.3900 0.00000000 0.0000e+00
0.3950 0.00000000 0.0000e+00
0.4000 0.00000000 0.0000e+00
0.4050 0.00000000 0.0000e+00
0.4100 0.00000000 0.0000e+00
0.4150 0.00000000 0.0000e+00
0.4200 0.00000000 0.0000e+00
0.4250 0.00000000 0.0000e+00
0.4300 0.00000000 0.0000e+00
0.4350 0.00000000 0.0000e+00
0.4400 0.00000000 0.0000e+00
0.4450 0.00000000 0.0000e+00
0.4500 0.00000000 0.0000e+00
0.4550 0.00000000 0.0000e+00
0.4600 0.00000000 0.0000e+00
0.4650 0.00000000 0.0000e+00
0.4700 0.00000000 0.0000e+00
0.4750 0.00000000 0.0000e+00
0.4800 0.00000000 0.0000e+00
0.4850 0.00000000 0.0000e+00
0.4900 0.00000000 0.0000e+00
0.4950 0.00000000 0.0000e+00
0.5000 0.00000000 0.0000e+00
0.5050 0.00000000 0.0000e+00
0.5100 0.00000000 0.0000e+00
0.5150 0.00000000 0.0000e+00
0.5200 0.00000000 0.0000e+00
0.5250 0.00000000 0.0000e+00
0.5300 0.00000000 0.0000e+00
0.5350 0.00000000 0.0000e+00
0.5400 0.00000000 0.0000e+00
0.5450 0.00000000 0.0000e+00
0.5500 0.00000000 0.0000e+00
0.5550 0.00000000 0.0000e+00
0.5600 0.00000000 0.0000e+00
0.5650 0.00000000 0.0000e+00
0.5700 0.00000000 0.0000e+00
0.5750 0.00000000 0.0000e+00
0.5800 0.00000000 0.0000e+00
0.5850 0.00000000 0.0000e+00
0.5900 0.00000000 0.0000e+00
0.5950 0.00000000 0.0000e+00
0.6000 0.00000000 0.0000e+00
0.6050 0.00000000 0.0000e+00
0.6100 0.00000000 0.0000e+00
0.6150 0.00000000 0.0000e+00
0.6200 0.00000000 0.0000e+00
0.6250 0.00000000 0.0000e+00
0.6300 0.00000000 0.0000e+00
0.6350 0.00000000 0.0000e+00
0.6400 0.00000000 0.0000e+00
0.6450 0.00000000 0.0000e+00
0.6500 0.00000000 0.0000e+00
0.6550 0.00000000 0.0000e+00
0.6600 0.00000000 0.0000e+00
0.6650 0.00000000 0.0000e+00
0.6700 0.00000000 0.0000e+00
0.6750 0.00000000 0.0000e+00
0.6800 0.00000000 0.0000e+00
0.6850 0.00000000 0.0000e+00
0.6900 0.00000000 0.0000e+00
0.6950 0.00000000 0.0000e+00
0.7000 0.00000000 0.0000e+00
0.7050 0.00000000 0.0000e+00
0.7100 0.00000000 0.0000e+00
0.7150 0.00000000 0.0000e+00
0.7200 0.00000000 0.0000e+00
0.7250 0.00000000 0.0000e+00
0.7300 0.00000000 0.0000e+00
0.7350 0.00000000 0.0000e+00
0.7400 0.00000000 0.0000e+00
0.7450 0.00000000 0.0000e+00
0.7500 0.00000000 0.0000e+00
0.7550 0.00000000 0.0000e+00
0.7600 0.00000000 0.0000e+00
0.7650 0.00000000 0.0000e+00
0.7700 0.00000000 0.0000e+00
0.7750 0.00000000 0.0000e+00
0.7800 0.00000000 0.0000e+00
0.7850 0.00000000 0.0000e+00
0.7900 0.00000000 0.0000e+00
0.7950 0.00000000 0.0000e+00
0.8000 0.00000000 0.0000e+00
0.8050 0.00000000 0.0000e+00
0.8100 0.00000000 0.0000e+00
0.8150 0.00000000 0.0000e+00
0.8200 0.00000000 0.0000e+00
0.8250 0.00000000 0.0000e+00
0.8300 0.00000000 0.0000e+00
0.8350 0.00000000 0.0000e+00
0.8400 0.00000000 0.0000e+00
0.8450 0.00000000 0.0000e+00
0.8500 0.00000000 0.0000e+00
0.8550 0.00000000 0.0000e+00
0.8600 0.00000000 0.0000e+00
0.8650 0.00000000 0.0000e+00
0.8700 0.00000000 0.0000e+00
0.8750 0.00000000 0.0000e+00
0.8800 0.00000000 0.0000e+00
0.8850 0.00000000 0.0000e+00
0.8900 0.00000000 0.0000e+00
0.8950 0.00000000 0.0000e+00
0.9000 0.00000000 0.0000e+00
0.9050 0.00000000 0.0000e+00
0.9100 0.00000000 0.0000e+00
0.9150 0.00000000 0.0000e+00
0.9200 0.00000000 0.0000e+00
0.9250 0.00000000 0.0000e+00
0.9300 0.00000000 0.0000e+00
0.9350 0.00000000 0.0000e+00
0.9400 0.00000000 0.0000e+00
0.9450 0.00000000 0.0000e+00
0.9500 0.00000000 0.0000e+00
0.9550 0.00000000 0.0000e+00
0.9600 0.00000000 0.0000e+00
0.9650 0.00000000 0.0000e+00
0.9700 0.00000000 0.0000e+00
0.9750 0.00000000 0.0000e+00
0.9800 0.00000000 0.0000e+00
0.9850 0.00000000 0.0000e+00
0.9900 0.00000000 0.0000e+00
0.9950 0.00000000 0.0000e+00
1.0000 0.00000000 0.0000e+00
1.0050 0.00000000 0.0000e+00
1.0100 0.00000000 0.0000e+00
1.0150 0.00000000 0.0000e+00
1.0200 0.00000000 0.0000e+00
1.0250 0.00000000 0.0000e+00
1.0300 0.00000000 0.0000e+00
1.0350 0.00000000 0.0000e+00
1.0400 0.00000000 0.0000e+00
1.0450 0.00000000 0.0000e+00
1.0500 0.00000000 0.0000e+00
1.0550 0.00000000 0.0000e+00
1.0600 0.00000000 0.0000e+00
1.0650 0.00000000 0.0000e+00
1.0700 0.00000000 0.0000e+00
1.0750 0.00000000 0.0000e+00
1.0800 0.00000000 0.0000e+00
1.0850 0.00000000 0.0000e+00
1.0900 0.00000000 0.0000e+00
1.0950 0.00000000 0.0000e+00
1.1000 0.00000000 0.0000e+00
1.1050 0.00000000 0.0000e+00
1.1100 0.00000000 0.0000e+00
1.1150 0.00000000 0.0000e+00
1.1200 0.00000000 0.0000e+00
1.1250 0.00000000 0.0000e+00
1.1300 0.00000000 0.0000e+00
1.1350 0.00000000 0.0000e+00
1.1400 0.00000000 0.0000e+00
1.1450 0.00000000 0.0000e+00
1.1500 0.00000000 0.0000e+00
1.1550 0.00000000 0.0000e+00
1.1600 0.00000000 0.0000e+00
1.1650 0.00000000 0.0000e+00
1.1700 0.00000000 0.0000e+00
1.1750 0.00000000 0.0000e+00
1.1800 0.00000000 0.0000e+00
1.1850 0.00000000 0.0000e+00
1.1900 0.00000000 0.0000e+00
1.1950 0.00000000 0.0000e+00
1.2000 0.00000000 0.0000e+00
1.2050 0.00000000 0.0000e+00
1.2100 0.00000000 0.0000e+00
1.2150 0.00000000 0.0000e+00
1.2200 0.00000000 0.0000e+00
1.2250 0.00000000 0.0000e+00
1.2300 0.00000000 0.0000e+00
1.2350 0.00000000 0.0000e+00
1.2400 0.00000000 0.0000e+00
1.2450 0.00000000 0.0000e+00
1.2500 0.00000000 0.0000e+00
1.2550 0.00000000 0.0000e+00
1.2600 0.00000000 0.0000e+00
1.2650 0.00000000 0.0000e+00
1.2700 0.00000000 0.0000e+00
1.2750 0.00000000 0.0000e+00
1.2800 0.00000000 0.0000e+00
1.2850 0.00000000 0.0000e+00
1.2900 0.00000000 0.0000e+00
1.2950 0.00000000 0.0000e+00
1.3000 0.00000000 0.0000e+00
1.3050 0.00000000 0.0000e+00
1.3100 0.00000000 0.0000e+00
1.3150 0.00000000 0.0000e+00
1.3200 0.00000000 0.0000e+00
1.3250 0.00000000 0.0000e+00
1.3300 0.00000000 0.0000e+00
1.3350 0.00000000 0.0000e+00
1.3400 0.00000000 0.0000e+00
1.3450 0.00000000 0.0000e+00
1.3500 0.00000000 0.0000e+00
1.3550 0.00000000 0.0000e+00
1.3600 0.00000000 0.0000e+00
1.3650 0.00000000 0.0000e+00
1.3700 0.00000000 0.0000e+00
1.3750 0.00000000 0.0000e+00
1.3800 0.00000000 0.0000e+00
1.3850 0.00000000 0.0000e+00
1.3900 0.00000000 0.0000e+00
1.3950 0.00000000 0.0000e+00
1.4000 0.00000000 0.0000e+00
1.4050 0.00000000 0.0000e+00
1.4100 0.00000000 0.0000e+00
1.4150 0.00000000 0.0000e+00
1.4200 0.00000000 0.0000e+00
1.4250 0.00000000 0.0000e+00
1.4300 0.00000000 0.0000e+00
1.4350 0.00000000 0.0000e+00
1.4400 0.00000000 0.0000e+00
1.4450 0.00000000 0.0000e+00
1.4500 0.00000000 0.0000e+00
1.4550 0.00000000 0.0000e+00
1.4600 0.00000000 0.0000e+00
1.4650 0.00000000 0.0000e+00
1.4700 0.00000000 0.0000e+00
1.4750 0.00000000 0.0000e+00
1.4800 0.00000000 0.0000e+00
1.4850 0.00000000 0.0000e+00
1.4900 0.00000000 0.0000e+00
1.4950 0.00000000 0.0000e+00
1.5000 0.00000000 0.0000e+00
1.5050 0.00000000 0.0000e+00
1.5100 0.00000000 0.0000e+00
1.5150 0.00000000 0.0000e+00
1.5200 0.00000000 0.0000e+00
1.5250 0.00000000 0.0000e+00
1.5300 0.00000000 0.0000e+00
1.5350 0.00000000 0.0000e+00
1.5400 0.00000000 0.0000e+00
1.5450 0.00000000 0.0000e+00
1.5500 0.00000000 0.0000e+00
1.5550 0.00000000 0.0000e+00
1.5600 0.00000000 0.0000e+00
1.5650 0.00000000 0.0000e+00
1.5700 0.00000000 0.0000e+00
1.5750 0.00000000 0.0000e+00
1.5800 0.00000000 0.0000e+00
1.5850 0.00000000 0.0000e+00
1.5900 0.00000000 0.0000e+00
1.5950 0.00000000 0.0000e+00
1.6000 0.00000000 0.0000e+00
1.6050 0.00000000 0.0000e+00
1.6100 0.00000000 0.0000e+00
1.6150 0.00000000 0.0000e+00
1.6200 0.00000000 0.0000e+00
1.6250 0.00000000 0.0000e+00
1.6300 0.00000000 0.0000e+00
1.6350 0.00000000 0.0000e+00
1.6400 0.00000000 0.0000e+00
1.6450 0.00000000 0.0000e+00
1.6500 0.00000000 0.0000e+00
1.6550 0.00000000 0.0000e+00
1.6600 0.00000000 0.0000e+00
1.6650 0.00000000 0.0000e+00
1.6700 0.00000000 0.0000e+00
1.6750 0.00000000 0.0000e+00
1.6800 0.00000000 0.0000e+00
1.6850 0.00000000 0.0000e+00
1.6900 0.00000000 0.0000e+00
1.6950 0.00000000 0.0000e+00
1.7000 0.00000000 0.0000e+00
1.7050 0.00000000 0.0000e+00
1.7100 0.00000000 0.0000e+00
1.7150 0.00000000 0.0000e+00
1.7200 0.00000000 0.0000e+00
1.7250 0.00000000 0.0000e+00
1.7300 0.00000000 0.0000e+00
1.7350 0.00000000 0.0000e+00
1.7400 0.00000000 0.0000e+00
1.7450 0.00000000 0.0000e+00
1.7500 0.00000000 0.0000e+00
1.7550 0.00000000 0.0000e+00
1.7600 0.00000000 0.0000e+00
1.7650 0.00000000 0.0000e+00
1.7700 0.00000000 0.0000e+00
1.7750 0.00000000 0.0000e+00
1.7800 0.00000000 0.0000e+00
1.7850 0.00000000 0.0000e+00
1.7900 0.00000000 0.0000e+00
1.7950 0.00000000 0.0000e+00
1.8000 0.00000000 0.0000e+00
1.8050 0.00000000 0.0000e+00
1.8100 0.00000000 0.0000e+00
1.8150 0.00000000 0.0000e+00
1.8200 0.00000000 0.0000e+00
1.8250 0.00000000 0.0000e+00
1.8300 0.00000000 0.0000e+00
1.8350 0.00000000 0.0000e+00
1.8400 0.00000000 0.0000e+00
1.8450 0.00000000 0.0000e+00
1.8500 0.00000000 0.0000e+00
1.8550 0.00000000 0.0000e+00
1.8600 0.00000000 0.0000e+00
1.8650 0.00000000 0.0000e+00
1.8700 0.00000000 0.0000e+00
1.8750 0.00000000 0.0000e+00
1.8800 0.00000000 0.0000e+00
1.8850 0.00000000 0.0000e+00
1.8900 0.00000000 0.0000e+00
1.8950 0.00000000 0.0000e+00
1.9000 0.00000000 0.0000e+00
1.9050 0.00000000 0.0000e+00
1.9100 0.00000000 0.0000e+00
1.9150 0.00000000 0.0000e+00
1.9200 0.00000000 0.0000e+00
1.9250 0.00000000 0.0000e+00
1.9300 0.00000000 0.0000e+00
1.9350 0.00000000 0.0000e+00
1.9400 0.00000000 0.0000e+00
1.9450 0.00000000 0.0000e+00
1.9500 0.00000000 0.0000e+00
1.9550 0.00000000 0.0000e+00
1.9600 0.00000000 0.0000e+00
1.9650 0.00000000 0.0000e+00
1.9700 0.00000000 0.0000e+00
1.9750 0.00000000 0.0000e+00
1.9800 0.00000000 0.0000e+00
1.9850 0.00000000 0.0000e+00
1.9900 0.00000000 0.0000e+00
1.9950 0.00000000 0.0000e+00
2.0000 0.00000000 0.0000e+00
2.0050 0.00000000 0.0000e+00
2.0100 0.00000000 0.0000e+00
2.0150 0.00000000 0.0000e+00
2.0200 0.00000000 0.0000e+00
2.0250 0.00000000 0.0000e+00
2.0300 0.00000000 0.0000e+00
2.0350 0.00000000 0.0000e+00
2.0400 0.00000000 0.0000e+00
2.0450 0.00000000 0.0000e+00
2.0500 0.00000000 0.0000e+00
2.0550 0.00000000 0.0000e+00
2.0600 0.00000000 0.0000e+00
2.0650 0.00000000 0.0000e+00
2.0700 0.00000000 0.0000e+00
2.0750 0.00000000 0.0000e+00
2.0800 0.00000000 0.0000e+00
2.0850 0.00000000 0.0000e+00
2.0900 0.00000000 0.0000e+00
2.0950 0.00000000 0.0000e+00
2.1000 0.00000000 0.0000e+00
2.1050 0.00000000 0.0000e+00
2.1100 0.00000000 0.0000e+00
2.1150 0.00735861 4.6545e+10
2.1200 0.00769768 4.8690e+10
2.1250 0.00803675 5.0835e+10
2.1300 0.00837582 5.2979e+10
2.1350 0.00871489 5.5124e+10
2.1400 0.00905396 5.7269e+10
2.1450 0.00939303 5.9413e+10
2.1500 0.00973210 6.1558e+10
2.1550 0.01007117 6.3703e+10
2.1600 0.01041024 6.5848e+10
2.1650 0.01074931 6.7992e+10
2.1700 0.01108838 7.0137e+10
2.1750 0.01142745 7.2282e+10
2.1800 0.01176652 7.4426e+10
2.1850 0.01210559 7.6571e+10
2.1900 0.01244466 7.8716e+10
2.1950 0.01278373 8.0861e+10
2.2000 0.01312280 8.3005e+10
2.2050 0.01346187 8.5150e+10
2.2100 0.01380094 8.7295e+10
2.2150 0.01414001 8.9439e+10
2.2200 0.01447908 9.1584e+10
2.2250 0.01481815 9.3729e+10
2.2300 0.01515722 9.5873e+10
2.2350 0.01549629 9.8018e+10
2.2400 0.01583536 1.0016e+11
2.2450 0.01617443 1.0231e+11
2.2500 0.01651350 1.0445e+11
2.2550 0.01685257 1.0660e+11
2.2600 0.01719164 1.0874e+11
2.2650 0.01753071 1.1089e+11
2.2700 0.01786978 1.1303e+11
2.2750 0.01820885 1.1518e+11
2.2800 0.01854792 1.1732e+11
2.2850 0.01888699 1.1947e+11
2.2900 0.01922606 1.2161e+11
2.2950 0.01956513 1.2375e+11
2.3000 0.01990420 1.2590e+11
2.3050 0.02024327 1.2804e+11
2.3100 0.02058234 1.3019e+11
2.3150 0.02092141 1.3233e+11
2.3200 0.02126048 1.3448e+11
2.3250 0.02159955 1.3662e+11
2.3300 0.02193862 1.3877e+11
2.3350 0.02227769 1.4091e+11
2.3400 0.02261676 1.4306e+11
2.3450 0.02295583 1.4520e+11
2.3500 0.02329490 1.4735e+11
2.3550 0.02363397 1.4949e+11
2.3600 0.02397304 1.5164e+11
2.3650 0.02431211 1.5378e+11
2.3700 0.02465118 1.5593e+11
2.3750 0.02499025 1.5807e+11
2.3800 0.02532932 1.6021e+11
2.3850 0.02566839 1.6236e+11
2.3900 0.02600746 1.6450e+11
2.3950 0.02634653 1.6665e+11
2.4000 0.02668560 1.6879e+11
2.4050 0.02702467 1.7094e+11
2.4100 0.02736374 1.7308e+11
2.4150 0.02770576 1.7525e+11
2.4200 0.02859894 1.8090e+11
2.4250 0.02949211 1.8655e+11
2.4300 0.03038529 1.9220e+11
2.4350 0.03127846 1.9784e+11
2.4400 0.03217164 2.0349e+11
2.4450 0.03306482 2.0914e+11
2.4500 0.03395799 2.1479e+11
2.4550 0.03485117 2.2044e+11
2.4600 0.03574434 2.2609e+11
2.4650 0.03663752 2.3174e+11
2.4700 0.03753069 2.3739e+11
2.4750 0.03842387 2.4304e+11
2.4800 0.03931704 2.4869e+11
2.4850 0.04021022 2.5434e+11
2.4900 0.04110339 2.5999e+11
2.4950 0.04199657 2.6564e+11
2.5000 0.04288974 2.7129e+11
2.5050 0.04378292 2.7694e+11
2.5100 0.04467609 2.8259e+11
2.5150 0.04556927 2.8824e+11
2.5200 0.04646244 2.9389e+11
2.5250 0.04735562 2.9954e+11
2.5300 0.04824879 3.0519e+11
2.5350 0.04914197 3.1084e+11
2.5400 0.05003514 3.1649e+11
2.5450 0.05092832 3.2214e+11
2.5500 0.05182150 3.2778e+11
2.5550 0.05271467 3.3343e+11
2.5600 0.05360785 3.3908e+11
2.5650 0.05450102 3.4473e+11
2.5700 0.05539420 3.5038e+11
2.5750 0.05628737 3.5603e+11
2.5800 0.05718055 3.6168e+11
2.5850 0.05807372 3.6733e+11
2.5900 0.05896690 3.7298e+11
2.5950 0.06042822 3.8222e+11
2.6000 0.06204325 3.9244e+11
2.6050 0.06365827 4.0266e+11
2.6100 0.06527330 4.1287e+11
2.6150 0.06688832 4.2309e+11
2.6200 0.06850334 4.3330e+11
2.6250 0.07011837 4.4352e+11
2.6300 0.07173339 4.5373e+11
2.6350 0.07334842 4.6395e+11
2.6400 0.07496344 4.7416e+11
2.6450 0.07657846 4.8438e+11
2.6500 0.07819349 4.9459e+11
2.6550 0.07980851 5.0481e+11
2.6600 0.08142354 5.1503e+11
2.6650 0.08303856 5.2524e+11
2.6700 0.08465358 5.3546e+11
2.6750 0.08626861 5.4567e+11
2.6800 0.08788363 5.5589e+11
2.6850 0.08949866 5.6610e+11
2.6900 0.09111368 5.7632e+11
2.6950 0.09272870 5.8653e+11
2.7000 0.09434373 5.9675e+11
2.7050 0.09595875 6.0696e+11
2.7100 0.09757378 6.1718e+11
2.7150 0.09918880 6.2740e+11
2.7200 0.10146584 6.4180e+11
2.7250 0.10390908 6.5725e+11
2.7300 0.10635233 6.7271e+11
2.7350 0.10879557 6.8816e+11
2.7400 0.11123881 7.0362e+11
2.7450 0.11368205 7.1907e+11
2.7500 0.11612529 7.3452e+11
2.7550 0.11856853 7.4998e+11
2.7600 0.12101177 7.6543e+11
2.7650 0.12345501 7.8089e+11
2.7700 0.12589825 7.9634e+11
2.7750 0.12834149 8.1179e+11
2.7800 0.13078473 8.2725e+11
2.7850 0.13322797 8.4270e+11
2.7900 0.13567121 8.5816e+11
2.7950 0.13811445 8.7361e+11
2.8000 0.14055769 8.8907e+11
2.8050 0.14300093 9.0452e+11
2.8100 0.14544417 9.1997e+11
2.8150 0.14825802 9.3777e+11
2.8200 0.15158931 9.5884e+11
2.8250 0.15492060 9.7991e+11
2.8300 0.15825189 1.0010e+12
2.8350 0.16158317 1.0221e+12
2.8400 0.16491446 1.0431e+12
2.8450 0.16824575 1.0642e+12
2.8500 0.17157704 1.0853e+12
2.8550 0.17490833 1.1063e+12
2.8600 0.17823962 1.1274e+12
2.8650 0.18157090 1.1485e+12
2.8700 0.18490219 1.1696e+12
2.8750 0.18823348 1.1906e+12
2.8800 0.19156477 1.2117e+12
2.8850 0.19489606 1.2328e+12
2.8900 0.19822735 1.2538e+12
2.8950 0.20207631 1.2782e+12
2.9000 0.20629848 1.3049e+12
2.9050 0.21052065 1.3316e+12
2.9100 0.21474283 1.3583e+12
2.9150 0.21896500 1.3850e+12
2.9200 0.22318717 1.4117e+12
2.9250 0.22740934 1.4384e+12
2.9300 0.23163151 1.4651e+12
2.9350 0.23585369 1.4918e+12
2.9400 0.24007586 1.5185e+12
2.9450 0.24429803 1.5453e+12
2.9500 0.24852020 1.5720e+12
2.9550 0.25274237 1.5987e+12
2.9600 0.25712360 1.6264e+12
2.9650 0.26217535 1.6583e+12
2.9700 0.26722710 1.6903e+12
2.9750 0.27227885 1.7222e+12
2.9800 0.27733061 1.7542e+12
2.9850 0.28238236 1.7861e+12
2.9900 0.28743411 1.8181e+12
2.9950 0.29248587 1.8501e+12
3.0000 0.29753762 1.8820e+12
3.0050 0.30258937 1.9140e+12
3.0100 0.30764112 1.9459e+12
3.0150 0.31269288 1.9779e+12
3.0200 0.31820252 2.0127e+12
3.0250 0.32402601 2.0496e+12
3.0300 0.32984949 2.0864e+12
3.0350 0.33567298 2.1232e+12
3.0400 0.34149646 2.1601e+12
3.0450 0.34731995 2.1969e+12
3.0500 0.35314343 2.2337e+12
3.0550 0.35896691 2.2706e+12
3.0600 0.36479040 2.3074e+12
3.0650 0.37061388 2.3442e+12
3.0700 0.37674104 2.3830e+12
3.0750 0.38340147 2.4251e+12
3.0800 0.39006190 2.4672e+12
3.0850 0.39672234 2.5094e+12
3.0900 0.40338277 2.5515e+12
3.0950 0.41004320 2.5936e+12
3.1000 0.41670364 2.6358e+12
3.1050 0.42336407 2.6779e+12
3.1100 0.43002451 2.7200e+12
3.1150 0.43675785 2.7626e+12
3.1200 0.44376330 2.8069e+12
3.1250 0.45076875 2.8512e+12
3.1300 0.45777420 2.8955e+12
3.1350 0.46477965 2.9399e+12
3.1400 0.47178510 2.9842e+12
3.1450 0.47879055 3.0285e+12
3.1500 0.48579600 3.0728e+12
3.1550 0.49280145 3.1171e+12
3.1600 0.50044250 3.1654e+12
3.1650 0.50812934 3.2141e+12
3.1700 0.51581618 3.2627e+12
3.1750 0.52350302 3.3113e+12
3.1800 0.53118987 3.3599e+12
3.1850 0.53887671 3.4085e+12
3.1900 0.54656355 3.4572e+12
3.1950 0.55443245 3.5069e+12
3.2000 0.56260466 3.5586e+12
3.2050 0.57077688 3.6103e+12
3.2100 0.57894910 3.6620e+12
3.2150 0.58712131 3.7137e+12
3.2200 0.59529353 3.7654e+12
3.2250 0.60346575 3.8171e+12
3.2300 0.61172356 3.8693e+12
3.2350 0.62009829 3.9223e+12
3.2400 0.62847303 3.9753e+12
3.2450 0.63684776 4.0282e+12
3.2500 0.64522250 4.0812e+12
3.2550 0.65359723 4.1342e+12
3.2600 0.66197196 4.1872e+12
3.2650 0.67071569 4.2425e+12
3.2700 0.67946475 4.2978e+12
3.2750 0.68821382 4.3531e+12
3.2800 0.69696289 4.4085e+12
3.2850 0.70571195 4.4638e+12
3.2900 0.71446102 4.5192e+12
3.2950 0.72287661 4.5724e+12
3.3000 0.73128987 4.6256e+12
3.3050 0.73970314 4.6788e+12
3.3100 0.74811640 4.7320e+12
3.3150 0.75652966 4.7853e+12
3.3200 0.76505907 4.8392e+12
3.3250 0.77377220 4.8943e+12
3.3300 0.78248533 4.9494e+12
3.3350 0.79119846 5.0045e+12
3.3400 0.79991159 5.0597e+12
3.3450 0.80864654 5.1149e+12
3.3500 0.81753920 5.1712e+12
3.3550 0.82643186 5.2274e+12
3.3600 0.83532452 5.2837e+12
3.3650 0.84421718 5.3399e+12
3.3700 0.85299675 5.3954e+12
3.3750 0.86116832 5.4471e+12
3.3800 0.86933989 5.4988e+12
3.3850 0.87751145 5.5505e+12
3.3900 0.88568302 5.6022e+12
3.3950 0.89384333 5.6538e+12
3.4000 0.90199046 5.7053e+12
3.4050 0.91013758 5.7569e+12
3.4100 0.91828471 5.8084e+12
3.4150 0.92642694 5.8599e+12
3.4200 0.93365531 5.9056e+12
3.4250 0.94088368 5.9513e+12
3.4300 0.94811206 5.9971e+12
3.4350 0.95534043 6.0428e+12
3.4400 0.96332241 6.0933e+12
3.4450 0.97153271 6.1452e+12
3.4500 0.97974301 6.1971e+12
3.4550 0.98795332 6.2491e+12
3.4600 0.99538812 6.2961e+12
3.4650 1.00253139 6.3413e+12
3.4700 1.00967467 6.3865e+12
3.4750 1.01681795 6.4316e+12
3.4800 1.02300868 6.4708e+12
3.4850 1.02905172 6.5090e+12
3.4900 1.03509476 6.5473e+12
3.4950 1.04121355 6.5860e+12
3.5000 1.04770463 6.6270e+12
3.5050 1.05419570 6.6681e+12
3.5100 1.06068677 6.7091e+12
3.5150 1.06684011 6.7481e+12
3.5200 1.07278935 6.7857e+12
3.5250 1.07873858 6.8233e+12
3.5300 1.08434076 6.8587e+12
3.5350 1.08868812 6.8862e+12
3.5400 1.09303549 6.9137e+12
3.5450 1.09738285 6.9412e+12
3.5500 1.10138386 6.9665e+12
3.5550 1.10536221 6.9917e+12
3.5600 1.10934055 7.0169e+12
3.5650 1.11382859 7.0453e+12
3.5700 1.11846061 7.0746e+12
3.5750 1.12309263 7.1039e+12
3.5800 1.12660836 7.1261e+12
3.5850 1.12971484 7.1458e+12
3.5900 1.13282132 7.1654e+12
3.5950 1.13536145 7.1815e+12
3.6000 1.13774838 7.1966e+12
3.6050 1.14013532 7.2117e+12
3.6100 1.14265424 7.2276e+12
3.6150 1.14518174 7.2436e+12
3.6200 1.14728124 7.2569e+12
3.6250 1.14744843 7.2579e+12
3.6300 1.14761562 7.2590e+12
3.6350 1.14780120 7.2602e+12
3.6400 1.14800455 7.2614e+12
3.6450 1.14820791 7.2627e+12
3.6500 1.15037792 7.2764e+12
3.6550 1.15272935 7.2913e+12
3.6600 1.15322273 7.2944e+12
3.6650 1.15090241 7.2798e+12
3.6700 1.14858209 7.2651e+12
3.6750 1.14901139 7.2678e+12
3.6800 1.14958289 7.2714e+12
3.6850 1.14757829 7.2587e+12
3.6900 1.14363811 7.2338e+12
3.6950 1.14042269 7.2135e+12
3.7000 1.13932904 7.2066e+12
3.7050 1.13823539 7.1996e+12
3.7100 1.13509012 7.1798e+12
3.7150 1.13194157 7.1598e+12
3.7200 1.12837345 7.1373e+12
3.7250 1.12469998 7.1140e+12
3.7300 1.12118671 7.0918e+12
3.7350 1.11775797 7.0701e+12
3.7400 1.11391976 7.0458e+12
3.7450 1.10976175 7.0195e+12
3.7500 1.10449715 6.9862e+12
3.7550 1.09820137 6.9464e+12
3.7600 1.09275420 6.9120e+12
3.7650 1.08808786 6.8824e+12
3.7700 1.08339883 6.8528e+12
3.7750 1.07869259 6.8230e+12
3.7800 1.07326365 6.7887e+12
3.7850 1.06746201 6.7520e+12
3.7900 1.05960663 6.7023e+12
3.7950 1.05121108 6.6492e+12
3.8000 1.04330106 6.5992e+12
3.8050 1.03548506 6.5497e+12
3.8100 1.02803180 6.5026e+12
3.8150 1.01950598 6.4486e+12
3.8200 1.00948269 6.3852e+12
3.8250 1.00335314 6.3465e+12
3.8300 0.99880003 6.3177e+12
3.8350 0.98367904 6.2220e+12
3.8400 0.97188367 6.1474e+12
3.8450 0.96610027 6.1108e+12
3.8500 0.95937869 6.0683e+12
3.8550 0.95153246 6.0187e+12
3.8600 0.93883280 5.9384e+12
3.8650 0.92725942 5.8652e+12
3.8700 0.91657099 5.7976e+12
3.8750 0.90715759 5.7380e+12
3.8800 0.89815737 5.6811e+12
3.8850 0.88931365 5.6251e+12
3.8900 0.87540320 5.5372e+12
3.8950 0.86697580 5.4839e+12
3.9000 0.86113602 5.4469e+12
3.9050 0.84726912 5.3592e+12
3.9100 0.83228417 5.2644e+12
3.9150 0.81888224 5.1797e+12
3.9200 0.80928894 5.1190e+12
3.9250 0.79655340 5.0384e+12
3.9300 0.78391818 4.9585e+12
3.9350 0.77338335 4.8919e+12
3.9400 0.76744575 4.8543e+12
3.9450 0.75287512 4.7621e+12
3.9500 0.74048154 4.6837e+12
3.9550 0.72813554 4.6057e+12
3.9600 0.71384877 4.5153e+12
3.9650 0.69594745 4.4021e+12
3.9700 0.68644892 4.3420e+12
3.9750 0.67981282 4.3000e+12
3.9800 0.66659947 4.2164e+12
3.9850 0.64929083 4.1069e+12
3.9900 0.63616042 4.0239e+12
3.9950 0.62522708 3.9547e+12
4.0000 0.61182725 3.8700e+12
4.0050 0.60379134 3.8191e+12
4.0100 0.58711087 3.7136e+12
4.0150 0.57601723 3.6435e+12
4.0200 0.56764554 3.5905e+12
4.0250 0.55399986 3.5042e+12
4.0300 0.53975196 3.4141e+12
4.0350 0.52971811 3.3506e+12
4.0400 0.51630247 3.2658e+12
4.0450 0.50014832 3.1636e+12
4.0500 0.48882529 3.0920e+12
4.0550 0.47854414 3.0269e+12
4.0600 0.46845273 2.9631e+12
4.0650 0.45396459 2.8714e+12
4.0700 0.43892255 2.7763e+12
4.0750 0.42786074 2.7063e+12
4.0800 0.41253793 2.6094e+12
4.0850 0.40354243 2.5525e+12
4.0900 0.39705926 2.5115e+12
4.0950 0.38335669 2.4248e+12
4.1000 0.37044594 2.3432e+12
4.1050 0.35864319 2.2685e+12
4.1100 0.35414352 2.2401e+12
4.1150 0.34259690 2.1670e+12
4.1200 0.32853179 2.0781e+12
4.1250 0.31669670 2.0032e+12
4.1300 0.30713235 1.9427e+12
4.1350 0.29663533 1.8763e+12
4.1400 0.28562976 1.8067e+12
4.1450 0.27546872 1.7424e+12
4.1500 0.26851713 1.6984e+12
4.1550 0.25664591 1.6234e+12
4.1600 0.24639297 1.5585e+12
4.1650 0.24335626 1.5393e+12
4.1700 0.23030720 1.4568e+12
4.1750 0.22368341 1.4149e+12
4.1800 0.21446044 1.3565e+12
4.1850 0.20428936 1.2922e+12
4.1900 0.19555259 1.2369e+12
4.1950 0.18965286 1.1996e+12
4.2000 0.17993591 1.1381e+12
4.2050 0.17784275 1.1249e+12
4.2100 0.16590698 1.0494e+12
4.2150 0.15595756 9.8647e+11
4.2200 0.15129538 9.5698e+11
4.2250 0.14473621 9.1550e+11
4.2300 0.13859893 8.7668e+11
4.2350 0.13260002 8.3873e+11
4.2400 0.12459628 7.8810e+11
4.2450 0.11913206 7.5354e+11
4.2500 0.11741608 7.4269e+11
4.2550 0.10833788 6.8527e+11
4.2600 0.10656078 6.7403e+11
4.2650 0.09655272 6.1072e+11
4.2700 0.09456869 5.9817e+11
4.2750 0.09285145 5.8731e+11
4.2800 0.08461322 5.3520e+11
4.2850 0.08000648 5.0606e+11
4.2900 0.07482055 4.7326e+11
4.2950 0.06940553 4.3901e+11
4.3000 0.06534298 4.1331e+11
4.3050 0.06189575 3.9151e+11
4.3100 0.05998446 3.7942e+11
4.3150 0.05544408 3.5070e+11
4.3200 0.05263438 3.3293e+11
4.3250 0.04869590 3.0801e+11
4.3300 0.04739346 2.9978e+11
4.3350 0.04454904 2.8178e+11
4.3400 0.04042669 2.5571e+11
4.3450 0.04047745 2.5603e+11
4.3500 0.03321588 2.1010e+11
4.3550 0.03415308 2.1603e+11
4.3600 0.03001757 1.8987e+11
4.3650 0.02854892 1.8058e+11
4.3700 0.02741439 1.7340e+11
4.3750 0.02547129 1.6111e+11
4.3800 0.02276644 1.4400e+11
4.3850 0.02553464 1.6151e+11
4.3900 0.02086698 1.3199e+11
4.3950 0.01977455 1.2508e+11
4.4000 0.01701956 1.0765e+11
4.4050 0.01566353 9.9076e+10
4.4100 0.01431132 9.0523e+10
4.4150 0.01483857 9.3858e+10
4.4200 0.01242748 7.8607e+10
4.4250 0.01206341 7.6304e+10
4.4300 0.01037926 6.5652e+10
4.4350 0.01003802 6.3493e+10
4.4400 0.00933551 5.9050e+10
4.4450 0.00847295 5.3594e+10
4.4500 0.00597610 3.7800e+10
4.4550 0.00640209 4.0495e+10
4.4600 0.00702207 4.4416e+10
4.4650 0.00660149 4.1756e+10
4.4700 0.00508803 3.2183e+10
4.4750 0.00389563 2.4641e+10
4.4800 0.00395793 2.5035e+10
4.4850 0.00339882 2.1498e+10
4.4900 0.00397128 2.5119e+10
4.4950 0.00350841 2.2192e+10
4.5000 0.00162114 1.0254e+10
4.5050 0.00247166 1.5634e+10
4.5100 0.00186127 1.1773e+10
4.5150 0.00203464 1.2870e+10
4.5200 0.00104010 6.5789e+09
4.5250 0.00135954 8.5995e+09
4.5300 0.00139715 8.8373e+09
4.5350 0.00129858 8.2139e+09
4.5400 0.00117231 7.4151e+09
4.5450 0.00054666 3.4578e+09
4.5500 0.00098201 6.2115e+09
4.5550 0.00116422 7.3640e+09
4.5600 0.00047782 3.0223e+09
4.5650 0.00021327 1.3490e+09
4.5700 0.00026237 1.6596e+09
4.5750 0.00044663 2.8251e+09
4.5800 0.00061452 3.8870e+09
4.5850 0.00073840 4.6706e+09
4.5900 0.00054250 3.4315e+09
4.5950 0.00084843 5.3665e+09
4.6000 0.00050113 3.1698e+09
4.6050 0.00025640 1.6218e+09
4.6100 0.00026239 1.6597e+09
4.6150 0.00042718 2.7021e+09
4.6200 0.00027474 1.7378e+09
4.6250 0.00028115 1.7783e+09
4.6300 0.00041060 2.5972e+09
4.6350 0.00029444 1.8624e+09
4.6400 0.00030126 1.9055e+09
4.6450 0.00030828 1.9500e+09
4.6500 0.00031548 1.9955e+09
4.6550 0.00032282 2.0419e+09
4.6600 0.00033032 2.0894e+09
4.6650 0.00033802 2.1381e+09
4.6700 0.00034615 2.1895e+09
4.6750 0.00035446 2.2420e+09
4.6800 0.00036276 2.2946e+09
4.6850 0.00037107 2.3471e+09
4.6900 0.00037938 2.3997e+09
4.6950 0.00038823 2.4556e+09
4.7000 0.00039730 2.5130e+09
4.7050 0.00040637 2.5704e+09
4.7100 0.00000000 0.0000e+00
4.7150 0.00000000 0.0000e+00
4.7200 0.00000000 0.0000e+00
4.7250 0.00000000 0.0000e+00
4.7300 0.00000000 0.0000e+00
4.7350 0.00000000 0.0000e+00
4.7400 0.00000000 0.0000e+00
4.7450 0.00000000 0.0000e+00
4.7500 0.00000000 0.0000e+00
4.7550 0.00000000 0.0000e+00
4.7600 0.00000000 0.0000e+00
4.7650 0.00000000 0.0000e+00
4.7700 0.00000000 0.0000e+00
4.7750 0.00000000 0.0000e+00
4.7800 0.00000000 0.0000e+00
4.7850 0.00000000 0.0000e+00
4.7900 0.00000000 0.0000e+00
4.7950 0.00000000 0.0000e+00
4.8000 0.00000000 0.0000e+00
4.8050 0.00000000 0.0000e+00
4.8100 0.00000000 0.0000e+00
4.8150 0.00000000 0.0000e+00
4.8200 0.00000000 0.0000e+00
4.8250 0.00000000 0.0000e+00
4.8300 0.00000000 0.0000e+00
4.8350 0.00000000 0.0000e+00
4.8400 0.00000000 0.0000e+00
4.8450 0.00000000 0.0000e+00
4.8500 0.00000000 0.0000e+00
4.8550 0.00000000 0.0000e+00
4.8600 0.00000000 0.0000e+00
4.8650 0.00000000 0.0000e+00
4.8700 0.00000000 0.0000e+00
4.8750 0.00000000 0.0000e+00
4.8800 0.00000000 0.0000e+00
4.8850 0.00000000 0.0000e+00
4.8900 0.00000000 0.0000e+00
4.8950 0.00000000 0.0000e+00
4.9000 0.00000000 0.0000e+00
4.9050 0.00000000 0.0000e+00
4.9100 0.00000000 0.0000e+00
4.9150 0.00000000 0.0000e+00
4.9200 0.00000000 0.0000e+00
4.9250 0.00000000 0.0000e+00
4.9300 0.00000000 0.0000e+00
4.9350 0.00000000 0.0000e+00
4.9400 0.00000000 0.0000e+00
4.9450 0.00000000 0.0000e+00
4.9500 0.00000000 0.0000e+00
4.9550 0.00000000 0.0000e+00
4.9600 0.00000000 0.0000e+00
4.9650 0.00000000 0.0000e+00
4.9700 0.00000000 0.0000e+00
4.9750 0.00000000 0.0000e+00
4.9800 0.00000000 0.0000e+00
4.9850 0.00000000 0.0000e+00
4.9900 0.00000000 0.0000e+00
4.9950 0.00000000 0.0000e+00
5.0000 0.00000000 0.0000e+00
5.0050 0.00000000 0.0000e+00
5.0100 0.00000000 0.0000e+00
5.0150 0.00000000 0.0000e+00
5.0200 0.00000000 0.0000e+00
5.0250 0.00000000 0.0000e+00
5.0300 0.00000000 0.0000e+00
5.0350 0.00000000 0.0000e+00
5.0400 0.00000000 0.0000e+00
5.0450 0.00000000 0.0000e+00
5.0500 0.00000000 0.0000e+00
5.0550 0.00000000 0.0000e+00
5.0600 0.00000000 0.0000e+00
5.0650 0.00000000 0.0000e+00
5.0700 0.00000000 0.0000e+00
5.0750 0.00000000 0.0000e+00
5.0800 0.00000000 0.0000e+00
5.0850 0.00000000 0.0000e+00
5.0900 0.00000000 0.0000e+00
5.0950 0.00000000 0.0000e+00
5.1000 0.00000000 0.0000e+00
5.1050 0.00000000 0.0000e+00
5.1100 0.00000000 0.0000e+00
5.1150 0.00000000 0.0000e+00
5.1200 0.00000000 0.0000e+00
5.1250 0.00000000 0.0000e+00
5.1300 0.00000000 0.0000e+00
5.1350 0.00000000 0.0000e+00
5.1400 0.00000000 0.0000e+00
5.1450 0.00000000 0.0000e+00
5.1500 0.00000000 0.0000e+00
5.1550 0.00000000 0.0000e+00
5.1600 0.00000000 0.0000e+00
5.1650 0.00000000 0.0000e+00
5.1700 0.00000000 0.0000e+00
5.1750 0.00000000 0.0000e+00
5.1800 0.00000000 0.0000e+00
5.1850 0.00000000 0.0000e+00
5.1900 0.00000000 0.0000e+00
5.1950 0.00000000 0.0000e+00
5.2000 0.00000000 0.0000e+00
5.2050 0.00000000 0.0000e+00
5.2100 0.00000000 0.0000e+00
5.2150 0.00000000 0.0000e+00
5.2200 0.00000000 0.0000e+00
5.2250 0.00000000 0.0000e+00
5.2300 0.00000000 0.0000e+00
5.2350 0.00000000 0.0000e+00
5.2400 0.00000000 0.0000e+00
5.2450 0.00000000 0.0000e+00
5.2500 0.00000000 0.0000e+00
5.2550 0.00000000 0.0000e+00
5.2600 0.00000000 0.0000e+00
5.2650 0.00000000 0.0000e+00
5.2700 0.00000000 0.0000e+00
5.2750 0.00000000 0.0000e+00
5.2800 0.00000000 0.0000e+00
5.2850 0.00000000 0.0000e+00
5.2900 0.00000000 0.0000e+00
5.2950 0.00000000 0.0000e+00
5.3000 0.00000000 0.0000e+00
5.3050 0.00000000 0.0000e+00
5.3100 0.00000000 0.0000e+00
5.3150 0.00000000 0.0000e+00
5.3200 0.00000000 0.0000e+00
5.3250 0.00000000 0.0000e+00
5.3300 0.00000000 0.0000e+00
5.3350 0.00000000 0.0000e+00
5.3400 0.00000000 0.0000e+00
5.3450 0.00000000 0.0000e+00
5.3500 0.00000000 0.0000e+00
5.3550 0.00000000 0.0000e+00
5.3600 0.00000000 0.0000e+00
5.3650 0.00000000 0.0000e+00
5.3700 0.00000000 0.0000e+00
5.3750 0.00000000 0.0000e+00
5.3800 0.00000000 0.0000e+00
5.3850 0.00000000 0.0000e+00
5.3900 0.00000000 0.0000e+00
5.3950 0.00000000 0.0000e+00
5.4000 0.00000000 0.0000e+00
5.4050 0.00000000 0.0000e+00
5.4100 0.00000000 0.0000e+00
5.4150 0.00000000 0.0000e+00
5.4200 0.00000000 0.0000e+00
5.4250 0.00000000 0.0000e+00
5.4300 0.00000000 0.0000e+00
5.4350 0.00000000 0.0000e+00
5.4400 0.00000000 0.0000e+00
5.4450 0.00000000 0.0000e+00
5.4500 0.00000000 0.0000e+00
5.4550 0.00000000 0.0000e+00
5.4600 0.00000000 0.0000e+00
5.4650 0.00000000 0.0000e+00
5.4700 0.00000000 0.0000e+00
5.4750 0.00000000 0.0000e+00
5.4800 0.00000000 0.0000e+00
5.4850 0.00000000 0.0000e+00
5.4900 0.00000000 0.0000e+00
5.4950 0.00000000 0.0000e+00
5.5000 0.00000000 0.0000e+00
5.5050 0.00000000 0.0000e+00
5.5100 0.00000000 0.0000e+00
5.5150 0.00000000 0.0000e+00
5.5200 0.00000000 0.0000e+00
5.5250 0.00000000 0.0000e+00
5.5300 0.00000000 0.0000e+00
5.5350 0.00000000 0.0000e+00
5.5400 0.00000000 0.0000e+00
5.5450 0.00000000 0.0000e+00
5.5500 0.00000000 0.0000e+00
5.5550 0.00000000 0.0000e+00
5.5600 0.00000000 0.0000e+00
5.5650 0.00000000 0.0000e+00
5.5700 0.00000000 0.0000e+00
5.5750 0.00000000 0.0000e+00
5.5800 0.00000000 0.0000e+00
5.5850 0.00000000 0.0000e+00
5.5900 0.00000000 0.0000e+00
5.5950 0.00000000 0.0000e+00
5.6000 0.00000000 0.0000e+00
5.6050 0.00000000 0.0000e+00
5.6100 0.00000000 0.0000e+00
5.6150 0.00000000 0.0000e+00
5.6200 0.00000000 0.0000e+00
5.6250 0.00000000 0.0000e+00
5.6300 0.00000000 0.0000e+00
5.6350 0.00000000 0.0000e+00
5.6400 0.00000000 0.0000e+00
5.6450 0.00000000 0.0000e+00
5.6500 0.00000000 0.0000e+00
5.6550 0.00000000 0.0000e+00
5.6600 0.00000000 0.0000e+00
5.6650 0.00000000 0.0000e+00
5.6700 0.00000000 0.0000e+00
5.6750 0.00000000 0.0000e+00
5.6800 0.00000000 0.0000e+00
5.6850 0.00000000 0.0000e+00
5.6900 0.00000000 0.0000e+00
5.6950 0.00000000 0.0000e+00
5.7000 0.00000000 0.0000e+00
5.7050 0.00000000 0.0000e+00
5.7100 0.00000000 0.0000e+00
5.7150 0.00000000 0.0000e+00
5.7200 0.00000000 0.0000e+00
5.7250 0.00000000 0.0000e+00
5.7300 0.00000000 0.0000e+00
5.7350 0.00000000 0.0000e+00
5.7400 0.00000000 0.0000e+00
5.7450 0.00000000 0.0000e+00
5.7500 0.00000000 0.0000e+00
5.7550 0.00000000 0.0000e+00
5.7600 0.00000000 0.0000e+00
5.7650 0.00000000 0.0000e+00
5.7700 0.00000000 0.0000e+00
5.7750 0.00000000 0.0000e+00
5.7800 0.00000000 0.0000e+00
5.7850 0.00000000 0.0000e+00
5.7900 0.00000000 0.0000e+00
5.7950 0.00000000 0.0000e+00
5.8000 0.00000000 0.0000e+00
5.8050 0.00000000 0.0000e+00
5.8100 0.00000000 0.0000e+00
5.8150 0.00000000 0.0000e+00
5.8200 0.00000000 0.0000e+00
5.8250 0.00000000 0.0000e+00
5.8300 0.00000000 0.0000e+00
5.8350 0.00000000 0.0000e+00
5.8400 0.00000000 0.0000e+00
5.8450 0.00000000 0.0000e+00
5.8500 0.00000000 0.0000e+00
5.8550 0.00000000 0.0000e+00
5.8600 0.00000000 0.0000e+00
5.8650 0.00000000 0.0000e+00
5.8700 0.00000000 0.0000e+00
5.8750 0.00000000 0.0000e+00
5.8800 0.00000000 0.0000e+00
5.8850 0.00000000 0.0000e+00
5.8900 0.00000000 0.0000e+00
5.8950 0.00000000 0.0000e+00
5.9000 0.00000000 0.0000e+00
5.9050 0.00000000 0.0000e+00
5.9100 0.00000000 0.0000e+00
5.9150 0.00000000 0.0000e+00
5.9200 0.00000000 0.0000e+00
5.9250 0.00000000 0.0000e+00
5.9300 0.00000000 0.0000e+00
5.9350 0.00000000 0.0000e+00
5.9400 0.00000000 0.0000e+00
5.9450 0.00000000 0.0000e+00
5.9500 0.00000000 0.0000e+00
5.9550 0.00000000 0.0000e+00
5.9600 0.00000000 0.0000e+00
5.9650 0.00000000 0.0000e+00
5.9700 0.00000000 0.0000e+00
5.9750 0.00000000 0.0000e+00
5.9800 0.00000000 0.0000e+00
5.9850 0.00000000 0.0000e+00
5.9900 0.00000000 0.0000e+00
5.9950 0.00000000 0.0000e+00
6.0000 0.00000000 0.0000e+00
6.0050 0.00000000 0.0000e+00
6.0100 0.00000000 0.0000e+00
6.0150 0.00000000 0.0000e+00
6.0200 0.00000000 0.0000e+00
6.0250 0.00000000 0.0000e+00
6.0300 0.00000000 0.0000e+00
6.0350 0.00000000 0.0000e+00
6.0400 0.00000000 0.0000e+00
6.0450 0.00000000 0.0000e+00
6.0500 0.00000000 0.0000e+00
6.0550 0.00000000 0.0000e+00
6.0600 0.00000000 0.0000e+00
6.0650 0.00000000 0.0000e+00
6.0700 0.00000000 0.0000e+00
6.0750 0.00000000 0.0000e+00
6.0800 0.00000000 0.0000e+00
6.0850 0.00000000 0.0000e+00
6.0900 0.00000000 0.0000e+00
6.0950 0.00000000 0.0000e+00
6.1000 0.00000000 0.0000e+00
6.1050 0.00000000 0.0000e+00
6.1100 0.00000000 0.0000e+00
6.1150 0.00000000 0.0000e+00
6.1200 0.00000000 0.0000e+00
6.1250 0.00000000 0.0000e+00
6.1300 0.00000000 0.0000e+00
6.1350 0.00000000 0.0000e+00
6.1400 0.00000000 0.0000e+00
6.1450 0.00000000 0.0000e+00
6.1500 0.00000000 0.0000e+00
6.1550 0.00000000 0.0000e+00
6.1600 0.00000000 0.0000e+00
6.1650 0.00000000 0.0000e+00
6.1700 0.00000000 0.0000e+00
6.1750 0.00000000 0.0000e+00
6.1800 0.00000000 0.0000e+00
6.1850 0.00000000 0.0000e+00
6.1900 0.00000000 0.0000e+00
6.1950 0.00000000 0.0000e+00
6.2000 0.00000000 0.0000e+00
6.2050 0.00000000 0.0000e+00
6.2100 0.00000000 0.0000e+00
6.2150 0.00000000 0.0000e+00
6.2200 0.00000000 0.0000e+00
6.2250 0.00000000 0.0000e+00
6.2300 0.00000000 0.0000e+00
6.2350 0.00000000 0.0000e+00
6.2400 0.00000000 0.0000e+00
6.2450 0.00000000 0.0000e+00
6.2500 0.00000000 0.0000e+00
6.2550 0.00000000 0.0000e+00
6.2600 0.00000000 0.0000e+00
6.2650 0.00000000 0.0000e+00
6.2700 0.00000000 0.0000e+00
6.2750 0.00000000 0.0000e+00
6.2800 0.00000000 0.0000e+00
6.2850 0.00000000 0.0000e+00
6.2900 0.00000000 0.0000e+00
6.2950 0.00000000 0.0000e+00
6.3000 0.00000000 0.0000e+00
6.3050 0.00000000 0.0000e+00
6.3100 0.00000000 0.0000e+00
6.3150 0.00000000 0.0000e+00
6.3200 0.00000000 0.0000e+00
6.3250 0.00000000 0.0000e+00
6.3300 0.00000000 0.0000e+00
6.3350 0.00000000 0.0000e+00
6.3400 0.00000000 0.0000e+00
6.3450 0.00000000 0.0000e+00
6.3500 0.00000000 0.0000e+00
6.3550 0.00000000 0.0000e+00
6.3600 0.00000000 0.0000e+00
6.3650 0.00000000 0.0000e+00
6.3700 0.00000000 0.0000e+00
6.3750 0.00000000 0.0000e+00
6.3800 0.00000000 0.0000e+00
6.3850 0.00000000 0.0000e+00
6.3900 0.00000000 0.0000e+00
6.3950 0.00000000 0.0000e+00
6.4000 0.00000000 0.0000e+00
6.4050 0.00000000 0.0000e+00
6.4100 0.00000000 0.0000e+00
6.4150 0.00000000 0.0000e+00
6.4200 0.00000000 0.0000e+00
6.4250 0.00000000 0.0000e+00
6.4300 0.00000000 0.0000e+00
6.4350 0.00000000 0.0000e+00
6.4400 0.00000000 0.0000e+00
6.4450 0.00000000 0.0000e+00
6.4500 0.00000000 0.0000e+00
6.4550 0.00000000 0.0000e+00
6.4600 0.00000000 0.0000e+00
6.4650 0.00000000 0.0000e+00
6.4700 0.00000000 0.0000e+00
6.4750 0.00000000 0.0000e+00
6.4800 0.00000000 0.0000e+00
6.4850 0.00000000 0.0000e+00
6.4900 0.00000000 0.0000e+00
6.4950 0.00000000 0.0000e+00
6.5000 0.00000000 0.0000e+00
6.5050 0.00000000 0.0000e+00
6.5100 0.00000000 0.0000e+00
6.5150 0.00000000 0.0000e+00
6.5200 0.00000000 0.0000e+00
6.5250 0.00000000 0.0000e+00
6.5300 0.00000000 0.0000e+00
6.5350 0.00000000 0.0000e+00
6.5400 0.00000000 0.0000e+00
6.5450 0.00000000 0.0000e+00
6.5500 0.00000000 0.0000e+00
6.5550 0.00000000 0.0000e+00
6.5600 0.00000000 0.0000e+00
6.5650 0.00000000 0.0000e+00
6.5700 0.00000000 0.0000e+00
6.5750 0.00000000 0.0000e+00
6.5800 0.00000000 0.0000e+00
6.5850 0.00000000 0.0000e+00
6.5900 0.00000000 0.0000e+00
6.5950 0.00000000 0.0000e+00
6.6000 0.00000000 0.0000e+00
6.6050 0.00000000 0.0000e+00
6.6100 0.00000000 0.0000e+00
6.6150 0.00000000 0.0000e+00
6.6200 0.00000000 0.0000e+00
6.6250 0.00000000 0.0000e+00
6.6300 0.00000000 0.0000e+00
6.6350 0.00000000 0.0000e+00
6.6400 0.00000000 0.0000e+00
6.6450 0.00000000 0.0000e+00
6.6500 0.00000000 0.0000e+00
6.6550 0.00000000 0.0000e+00
6.6600 0.00000000 0.0000e+00
6.6650 0.00000000 0.0000e+00
6.6700 0.00000000 0.0000e+00
6.6750 0.00000000 0.0000e+00
6.6800 0.00000000 0.0000e+00
6.6850 0.00000000 0.0000e+00
6.6900 0.00000000 0.0000e+00
6.6950 0.00000000 0.0000e+00
6.7000 0.00000000 0.0000e+00
6.7050 0.00000000 0.0000e+00
6.7100 0.00000000 0.0000e+00
6.7150 0.00000000 0.0000e+00
6.7200 0.00000000 0.0000e+00
6.7250 0.00000000 0.0000e+00
6.7300 0.00000000 0.0000e+00
6.7350 0.00000000 0.0000e+00
6.7400 0.00000000 0.0000e+00
6.7450 0.00000000 0.0000e+00
6.7500 0.00000000 0.0000e+00
6.7550 0.00000000 0.0000e+00
6.7600 0.00000000 0.0000e+00
6.7650 0.00000000 0.0000e+00
6.7700 0.00000000 0.0000e+00
6.7750 0.00000000 0.0000e+00
6.7800 0.00000000 0.0000e+00
6.7850 0.00000000 0.0000e+00
6.7900 0.00000000 0.0000e+00
6.7950 0.00000000 0.0000e+00
6.8000 0.00000000 0.0000e+00
6.8050 0.00000000 0.0000e+00
6.8100 0.00000000 0.0000e+00
6.8150 0.00000000 0.0000e+00
6.8200 0.00000000 0.0000e+00
6.8250 0.00000000 0.0000e+00
6.8300 0.00000000 0.0000e+00
6.8350 0.00000000 0.0000e+00
6.8400 0.00000000 0.0000e+00
6.8450 0.00000000 0.0000e+00
6.8500 0.00000000 0.0000e+00
6.8550 0.00000000 0.0000e+00
6.8600 0.00000000 0.0000e+00
6.8650 0.00000000 0.0000e+00
6.8700 0.00000000 0.0000e+00
6.8750 0.00000000 0.0000e+00
6.8800 0.00000000 0.0000e+00
6.8850 0.00000000 0.0000e+00
6.8900 0.00000000 0.0000e+00
6.8950 0.00000000 0.0000e+00
6.9000 0.00000000 0.0000e+00
6.9050 0.00000000 0.0000e+00
6.9100 0.00000000 0.0000e+00
6.9150 0.00000000 0.0000e+00
6.9200 0.00000000 0.0000e+00
6.9250 0.00000000 0.0000e+00
6.9300 0.00000000 0.0000e+00
6.9350 0.00000000 0.0000e+00
6.9400 0.00000000 0.0000e+00
6.9450 0.00000000 0.0000e+00
6.9500 0.00000000 0.0000e+00
6.9550 0.00000000 0.0000e+00
6.9600 0.00000000 0.0000e+00
6.9650 0.00000000 0.0000e+00
6.9700 0.00000000 0.0000e+00
6.9750 0.00000000 0.0000e+00
6.9800 0.00000000 0.0000e+00
6.9850 0.00000000 0.0000e+00
6.9900 0.00000000 0.0000e+00
6.9950 0.00000000 0.0000e+00
7.0000 0.00000000 0.0000e+00
7.0050 0.00000000 0.0000e+00
7.0100 0.00000000 0.0000e+00
7.0150 0.00000000 0.0000e+00
7.0200 0.00000000 0.0000e+00
7.0250 0.00000000 0.0000e+00
7.0300 0.00000000 0.0000e+00
7.0350 0.00000000 0.0000e+00
7.0400 0.00000000 0.0000e+00
7.0450 0.00000000 0.0000e+00
7.0500 0.00000000 0.0000e+00
7.0550 0.00000000 0.0000e+00
7.0600 0.00000000 0.0000e+00
7.0650 0.00000000 0.0000e+00
7.0700 0.00000000 0.0000e+00
7.0750 0.00000000 0.0000e+00
7.0800 0.00000000 0.0000e+00
7.0850 0.00000000 0.0000e+00
7.0900 0.00000000 0.0000e+00
7.0950 0.00000000 0.0000e+00
7.1000 0.00000000 0.0000e+00
7.1050 0.00000000 0.0000e+00
7.1100 0.00000000 0.0000e+00
7.1150 0.00000000 0.0000e+00
7.1200 0.00000000 0.0000e+00
7.1250 0.00000000 0.0000e+00
7.1300 0.00000000 0.0000e+00
7.1350 0.00000000 0.0000e+00
7.1400 0.00000000 0.0000e+00
7.1450 0.00000000 0.0000e+00
7.1500 0.00000000 0.0000e+00
7.1550 0.00000000 0.0000e+00
7.1600 0.00000000 0.0000e+00
7.1650 0.00000000 0.0000e+00
7.1700 0.00000000 0.0000e+00
7.1750 0.00000000 0.0000e+00
7.1800 0.00000000 0.0000e+00
7.1850 0.00000000 0.0000e+00
7.1900 0.00000000 0.0000e+00
7.1950 0.00000000 0.0000e+00
7.2000 0.00000000 0.0000e+00
7.2050 0.00000000 0.0000e+00
7.2100 0.00000000 0.0000e+00
7.2150 0.00000000 0.0000e+00
7.2200 0.00000000 0.0000e+00
7.2250 0.00000000 0.0000e+00
7.2300 0.00000000 0.0000e+00
7.2350 0.00000000 0.0000e+00
7.2400 0.00000000 0.0000e+00
7.2450 0.00000000 0.0000e+00
7.2500 0.00000000 0.0000e+00
7.2550 0.00000000 0.0000e+00
7.2600 0.00000000 0.0000e+00
7.2650 0.00000000 0.0000e+00
7.2700 0.00000000 0.0000e+00
7.2750 0.00000000 0.0000e+00
7.2800 0.00000000 0.0000e+00
7.2850 0.00000000 0.0000e+00
7.2900 0.00000000 0.0000e+00
7.2950 0.00000000 0.0000e+00
7.3000 0.00000000 0.0000e+00
7.3050 0.00000000 0.0000e+00
7.3100 0.00000000 0.0000e+00
7.3150 0.00000000 0.0000e+00
7.3200 0.00000000 0.0000e+00
7.3250 0.00000000 0.0000e+00
7.3300 0.00000000 0.0000e+00
7.3350 0.00000000 0.0000e+00
7.3400 0.00000000 0.0000e+00
7.3450 0.00000000 0.0000e+00
7.3500 0.00000000 0.0000e+00
7.3550 0.00000000 0.0000e+00
7.3600 0.00000000 0.0000e+00
7.3650 0.00000000 0.0000e+00
7.3700 0.00000000 0.0000e+00
7.3750 0.00000000 0.0000e+00
7.3800 0.00000000 0.0000e+00
7.3850 0.00000000 0.0000e+00
7.3900 0.00000000 0.0000e+00
7.3950 0.00000000 0.0000e+00
7.4000 0.00000000 0.0000e+00
7.4050 0.00000000 0.0000e+00
7.4100 0.00000000 0.0000e+00
7.4150 0.00000000 0.0000e+00
7.4200 0.00000000 0.0000e+00
7.4250 0.00000000 0.0000e+00
7.4300 0.00000000 0.0000e+00
7.4350 0.00000000 0.0000e+00
7.4400 0.00000000 0.0000e+00
7.4450 0.00000000 0.0000e+00
7.4500 0.00000000 0.0000e+00
7.4550 0.00000000 0.0000e+00
7.4600 0.00000000 0.0000e+00
7.4650 0.00000000 0.0000e+00
7.4700 0.00000000 0.0000e+00
7.4750 0.00000000 0.0000e+00
7.4800 0.00000000 0.0000e+00
7.4850 0.00000000 0.0000e+00
7.4900 0.00000000 0.0000e+00
7.4950 0.00000000 0.0000e+00
7.5000 0.00000000 0.0000e+00
7.5050 0.00000000 0.0000e+00
7.5100 0.00000000 0.0000e+00
7.5150 0.00000000 0.0000e+00
7.5200 0.00000000 0.0000e+00
7.5250 0.00000000 0.0000e+00
7.5300 0.00000000 0.0000e+00
7.5350 0.00000000 0.0000e+00
7.5400 0.00000000 0.0000e+00
7.5450 0.00000000 0.0000e+00
7.5500 0.00000000 0.0000e+00
7.5550 0.00000000 0.0000e+00
7.5600 0.00000000 0.0000e+00
7.5650 0.00000000 0.0000e+00
7.5700 0.00000000 0.0000e+00
7.5750 0.00000000 0.0000e+00
7.5800 0.00000000 0.0000e+00
7.5850 0.00000000 0.0000e+00
7.5900 0.00000000 0.0000e+00
7.5950 0.00000000 0.0000e+00
7.6000 0.00000000 0.0000e+00
7.6050 0.00000000 0.0000e+00
7.6100 0.00000000 0.0000e+00
7.6150 0.00000000 0.0000e+00
7.6200 0.00000000 0.0000e+00
7.6250 0.00000000 0.0000e+00
7.6300 0.00000000 0.0000e+00
7.6350 0.00000000 0.0000e+00
7.6400 0.00000000 0.0000e+00
7.6450 0.00000000 0.0000e+00
7.6500 0.00000000 0.0000e+00
7.6550 0.00000000 0.0000e+00
7.6600 0.00000000 0.0000e+00
7.6650 0.00000000 0.0000e+00
7.6700 0.00000000 0.0000e+00
7.6750 0.00000000 0.0000e+00
7.6800 0.00000000 0.0000e+00
7.6850 0.00000000 0.0000e+00
7.6900 0.00000000 0.0000e+00
7.6950 0.00000000 0.0000e+00
7.7000 0.00000000 0.0000e+00
7.7050 0.00000000 0.0000e+00
7.7100 0.00000000 0.0000e+00
7.7150 0.00000000 0.0000e+00
7.7200 0.00000000 0.0000e+00
7.7250 0.00000000 0.0000e+00
7.7300 0.00000000 0.0000e+00
7.7350 0.00000000 0.0000e+00
7.7400 0.00000000 0.0000e+00
7.7450 0.00000000 0.0000e+00
7.7500 0.00000000 0.0000e+00
7.7550 0.00000000 0.0000e+00
7.7600 0.00000000 0.0000e+00
7.7650 0.00000000 0.0000e+00
7.7700 0.00000000 0.0000e+00
7.7750 0.00000000 0.0000e+00
7.7800 0.00000000 0.0000e+00
7.7850 0.00000000 0.0000e+00
7.7900 0.00000000 0.0000e+00
7.7950 0.00000000 0.0000e+00
7.8000 0.00000000 0.0000e+00
7.8050 0.00000000 0.0000e+00
7.8100 0.00000000 0.0000e+00
7.8150 0.00000000 0.0000e+00
7.8200 0.00000000 0.0000e+00
7.8250 0.00000000 0.0000e+00
7.8300 0.00000000 0.0000e+00
7.8350 0.00000000 0.0000e+00
7.8400 0.00000000 0.0000e+00
7.8450 0.00000000 0.0000e+00
7.8500 0.00000000 0.0000e+00
7.8550 0.00000000 0.0000e+00
7.8600 0.00000000 0.0000e+00
7.8650 0.00000000 0.0000e+00
7.8700 0.00000000 0.0000e+00
7.8750 0.00000000 0.0000e+00
7.8800 0.00000000 0.0000e+00
7.8850 0.00000000 0.0000e+00
7.8900 0.00000000 0.0000e+00
7.8950 0.00000000 0.0000e+00
7.9000 0.00000000 0.0000e+00
7.9050 0.00000000 0.0000e+00
7.9100 0.00000000 0.0000e+00
7.9150 0.00000000 0.0000e+00
7.9200 0.00000000 0.0000e+00
7.9250 0.00000000 0.0000e+00
7.9300 0.00000000 0.0000e+00
7.9350 0.00000000 0.0000e+00
7.9400 0.00000000 0.0000e+00
7.9450 0.00000000 0.0000e+00
7.9500 0.00000000 0.0000e+00
7.9550 0.00000000 0.0000e+00
7.9600 0.00000000 0.0000e+00
7.9650 0.00000000 0.0000e+00
7.9700 0.00000000 0.0000e+00
7.9750 0.00000000 0.0000e+00
7.9800 0.00000000 0.0000e+00
7.9850 0.00000000 0.0000e+00
7.9900 0.00000000 0.0000e+00
7.9950 0.00000000 0.0000e+00
8.0000 0.00000000 0.0000e+00
