0.0050 0.00000000 0.0000e+00
0.0100 0.00000000 0.0000e+00
0.0150 0.00000000 0.0000e+00
0.0200 0.00000000 0.0000e+00
0.0250 0.00000000 0.0000e+00
0.0300 0.00000000 0.0000e+00
0.0350 0.00000000 0.0000e+00
0.0400 0.00000000 0.0000e+00
0.0450 0.00000000 0.0000e+00
0.0500 0.00000000 0.0000e+00
0.0550 0.00000000 0.0000e+00
0.0600 0.00000000 0.0000e+00
0.0650 0.00000000 0.0000e+00
0.0700 0.00000000 0.0000e+00
0.0750 0.00000000 0.0000e+00
0.0800 0.00000000 0.0000e+00
0.0850 0.00000000 0.0000e+00
0.0900 0.00000000 0.0000e+00
0.0950 0.00000000 0.0000e+00
0.1000 0.00000000 0.0000e+00
0.1050 0.00000000 0.0000e+00
0.1100 0.00000000 0.0000e+00
0.1150 0.00000000 0.0000e+00
0.1200 0.00000000 0.0000e+00
0.1250 0.00000000 0.0000e+00
0.1300 0.00000000 0.0000e+00
0.1350 0.00000000 0.0000e+00
0.1400 0.00000000 0.0000e+00
0.1450 0.00000000 0.0000e+00
0.1500 0.00000000 0.0000e+00
0.1550 0.00000000 0.0000e+00
0.1600 0.00000000 0.0000e+00
0.1650 0.00000000 0.0000e+00
0.1700 0.00000000 0.0000e+00
0.1750 0.00000000 0.0000e+00
0.1800 0.00000000 0.0000e+00
0.1850 0.00000000 0.0000e+00
0.1900 0.00000000 0.0000e+00
0.1950 0.00000000 0.0000e+00
0.2000 0.00000000 0.0000e+00
0.2050 0.00000000 0.0000e+00
0.2100 0.00000000 0.0000e+00
0.2150 0.00000000 0.0000e+00
0.2200 0.00000000 0.0000e+00
0.2250 0.00000000 0.0000e+00
0.2300 0.00000000 0.0000e+00
0.2350 0.00000000 0.0000e+00
0.2400 0.00000000 0.0000e+00
0.2450 0.00000000 0.0000e+00
0.2500 0.00000000 0.0000e+00
0.2550 0.00000000 0.0000e+00
0.2600 0.00000000 0.0000e+00
0.2650 0.00000000 0.0000e+00
0.2700 0.00000000 0.0000e+00
0.2750 0.00000000 0.0000e+00
0.2800 0.00000000 0.0000e+00
0.2850 0.00000000 0.0000e+00
0.2900 0.00000000 0.0000e+00
0.2950 0.00000000 0.0000e+00
0.3000 0.00000000 0.0000e+00
0.3050 0.00000000 0.0000e+00
0.3100 0.00000000 0.0000e+00
0.3150 0.00000000 0.0000e+00
0.3200 0.00000000 0.0000e+00
0.3250 0.00000000 0.0000e+00
0.3300 0.00000000 0.0000e+00
0.3350 0.00000000 0.0000e+00
0.3400 0.00000000 0.0000e+00
0.3450 0.00000000 0.0000e+00
0.3500 0.00000000 0.0000e+00
0.3550 0.00000000 0.0000e+00
0.3600 0.00000000 0.0000e+00
0.3650 0.00000000 0.0000e+00
0.3700 0.00000000 0.0000e+00
0.3750 0.00000000 0.0000e+00
0.3800 0.00000000 0.0000e+00
0.3850 0.00000000 0.0000e+00
0.3900 0.00000000 0.0000e+00
0.3950 0.00000000 0.0000e+00
0.4000 0.00000000 0.0000e+00
0.4050 0.00000000 0.0000e+00
0.4100 0.00000000 0.0000e+00
0.4150 0.00000000 0.0000e+00
0.4200 0.00000000 0.0000e+00
0.4250 0.00000000 0.0000e+00
0.4300 0.00000000 0.0000e+00
0.4350 0.00000000 0.0000e+00
0.4400 0.00000000 0.0000e+00
0.4450 0.00000000 0.0000e+00
0.4500 0.00000000 0.0000e+00
0.4550 0.00000000 0.0000e+00
0.4600 0.00000000 0.0000e+00
0.4650 0.00000000 0.0000e+00
0.4700 0.00000000 0.0000e+00
0.4750 0.00000000 0.0000e+00
0.4800 0.00000000 0.0000e+00
0.4850 0.00000000 0.0000e+00
0.4900 0.00000000 0.0000e+00
0.4950 0.00000000 0.0000e+00
0.5000 0.00000000 0.0000e+00
0.5050 0.00000000 0.0000e+00
0.5100 0.00000000 0.0000e+00
0.5150 0.00000000 0.0000e+00
0.5200 0.00000000 0.0000e+00
0.5250 0.00000000 0.0000e+00
0.5300 0.00000000 0.0000e+00
0.5350 0.00000000 0.0000e+00
0.5400 0.00000000 0.0000e+00
0.5450 0.00000000 0.0000e+00
0.5500 0.00000000 0.0000e+00
0.5550 0.00000000 0.0000e+00
0.5600 0.00000000 0.0000e+00
0.5650 0.00000000 0.0000e+00
0.5700 0.00000000 0.0000e+00
0.5750 0.00000000 0.0000e+00
0.5800 0.00000000 0.0000e+00
0.5850 0.00000000 0.0000e+00
0.5900 0.00000000 0.0000e+00
0.5950 0.00000000 0.0000e+00
0.6000 0.00000000 0.0000e+00
0.6050 0.00000000 0.0000e+00
0.6100 0.00000000 0.0000e+00
0.6150 0.00000000 0.0000e+00
0.6200 0.00000000 0.0000e+00
0.6250 0.00000000 0.0000e+00
0.6300 0.00000000 0.0000e+00
0.6350 0.00000000 0.0000e+00
0.6400 0.00000000 0.0000e+00
0.6450 0.00000000 0.0000e+00
0.6500 0.00000000 0.0000e+00
0.6550 0.00000000 0.0000e+00
0.6600 0.00000000 0.0000e+00
0.6650 0.00000000 0.0000e+00
0.6700 0.00000000 0.0000e+00
0.6750 0.00000000 0.0000e+00
0.6800 0.00000000 0.0000e+00
0.6850 0.00000000 0.0000e+00
0.6900 0.00000000 0.0000e+00
0.6950 0.00000000 0.0000e+00
0.7000 0.00000000 0.0000e+00
0.7050 0.00000000 0.0000e+00
0.7100 0.00000000 0.0000e+00
0.7150 0.00000000 0.0000e+00
0.7200 0.00000000 0.0000e+00
0.7250 0.00000000 0.0000e+00
0.7300 0.00000000 0.0000e+00
0.7350 0.00000000 0.0000e+00
0.7400 0.00000000 0.0000e+00
0.7450 0.00000000 0.0000e+00
0.7500 0.00000000 0.0000e+00
0.7550 0.00000000 0.0000e+00
0.7600 0.00000000 0.0000e+00
0.7650 0.00000000 0.0000e+00
0.7700 0.00000000 0.0000e+00
0.7750 0.00000000 0.0000e+00
0.7800 0.00000000 0.0000e+00
0.7850 0.00000000 0.0000e+00
0.7900 0.00000000 0.0000e+00
0.7950 0.00000000 0.0000e+00
0.8000 0.00000000 0.0000e+00
0.8050 0.00000000 0.0000e+00
0.8100 0.00000000 0.0000e+00
0.8150 0.00000000 0.0000e+00
0.8200 0.00000000 0.0000e+00
0.8250 0.00000000 0.0000e+00
0.8300 0.00000000 0.0000e+00
0.8350 0.00000000 0.0000e+00
0.8400 0.00000000 0.0000e+00
0.8450 0.00000000 0.0000e+00
0.8500 0.00000000 0.0000e+00
0.8550 0.00000000 0.0000e+00
0.8600 0.00000000 0.0000e+00
0.8650 0.00000000 0.0000e+00
0.8700 0.00000000 0.0000e+00
0.8750 0.00000000 0.0000e+00
0.8800 0.00000000 0.0000e+00
0.8850 0.00000000 0.0000e+00
0.8900 0.00000000 0.0000e+00
0.8950 0.00000000 0.0000e+00
0.9000 0.00000000 0.0000e+00
0.9050 0.00000000 0.0000e+00
0.9100 0.00000000 0.0000e+00
0.9150 0.00000000 0.0000e+00
0.9200 0.00000000 0.0000e+00
0.9250 0.00000000 0.0000e+00
0.9300 0.00000000 0.0000e+00
0.9350 0.00000000 0.0000e+00
0.9400 0.00000000 0.0000e+00
0.9450 0.00000000 0.0000e+00
0.9500 0.00000000 0.0000e+00
0.9550 0.00000000 0.0000e+00
0.9600 0.00000000 0.0000e+00
0.9650 0.00000000 0.0000e+00
0.9700 0.00000000 0.0000e+00
0.9750 0.00000000 0.0000e+00
0.9800 0.00000000 0.0000e+00
0.9850 0.00000000 0.0000e+00
0.9900 0.00000000 0.0000e+00
0.9950 0.00000000 0.0000e+00
1.0000 0.00000000 0.0000e+00
1.0050 0.00000000 0.0000e+00
1.0100 0.00000000 0.0000e+00
1.0150 0.00000000 0.0000e+00
1.0200 0.00000000 0.0000e+00
1.0250 0.00000000 0.0000e+00
1.0300 0.00000000 0.0000e+00
1.0350 0.00000000 0.0000e+00
1.0400 0.00000000 0.0000e+00
1.0450 0.00000000 0.0000e+00
1.0500 0.00000000 0.0000e+00
1.0550 0.00000000 0.0000e+00
1.0600 0.00000000 0.0000e+00
1.0650 0.00000000 0.0000e+00
1.0700 0.00000000 0.0000e+00
1.0750 0.00000000 0.0000e+00
1.0800 0.00000000 0.0000e+00
1.0850 0.00000000 0.0000e+00
1.0900 0.00000000 0.0000e+00
1.0950 0.00000000 0.0000e+00
1.1000 0.00000000 0.0000e+00
1.1050 0.00000000 0.0000e+00
1.1100 0.00000000 0.0000e+00
1.1150 0.00000000 0.0000e+00
1.1200 0.00000000 0.0000e+00
1.1250 0.00000000 0.0000e+00
1.1300 0.00000000 0.0000e+00
1.1350 0.00000000 0.0000e+00
1.1400 0.00000000 0.0000e+00
1.1450 0.00000000 0.0000e+00
1.1500 0.00000000 0.0000e+00
1.1550 0.00000000 0.0000e+00
1.1600 0.00000000 0.0000e+00
1.1650 0.00000000 0.0000e+00
1.1700 0.00000000 0.0000e+00
1.1750 0.00000000 0.0000e+00
1.1800 0.00000000 0.0000e+00
1.1850 0.00000000 0.0000e+00
1.1900 0.00000000 0.0000e+00
1.1950 0.00000000 0.0000e+00
1.2000 0.00000000 0.0000e+00
1.2050 0.00000000 0.0000e+00
1.2100 0.00000000 0.0000e+00
1.2150 0.00000000 0.0000e+00
1.2200 0.00000000 0.0000e+00
1.2250 0.00000000 0.0000e+00
1.2300 0.00000000 0.0000e+00
1.2350 0.00000000 0.0000e+00
1.2400 0.00000000 0.0000e+00
1.2450 0.00000000 0.0000e+00
1.2500 0.00000000 0.0000e+00
1.2550 0.00000000 0.0000e+00
1.2600 0.00000000 0.0000e+00
1.2650 0.00000000 0.0000e+00
1.2700 0.00000000 0.0000e+00
1.2750 0.00000000 0.0000e+00
1.2800 0.00000000 0.0000e+00
1.2850 0.00000000 0.0000e+00
1.2900 0.00000000 0.0000e+00
1.2950 0.00000000 0.0000e+00
1.3000 0.00000000 0.0000e+00
1.3050 0.00000000 0.0000e+00
1.3100 0.00000000 0.0000e+00
1.3150 0.00000000 0.0000e+00
1.3200 0.00000000 0.0000e+00
1.3250 0.00000000 0.0000e+00
1.3300 0.00000000 0.0000e+00
1.3350 0.00000000 0.0000e+00
1.3400 0.00000000 0.0000e+00
1.3450 0.00000000 0.0000e+00
1.3500 0.00000000 0.0000e+00
1.3550 0.00000000 0.0000e+00
1.3600 0.00000000 0.0000e+00
1.3650 0.00000000 0.0000e+00
1.3700 0.00000000 0.0000e+00
1.3750 0.00000000 0.0000e+00
1.3800 0.00000000 0.0000e+00
1.3850 0.00000000 0.0000e+00
1.3900 0.00000000 0.0000e+00
1.3950 0.00000000 0.0000e+00
1.4000 0.00000000 0.0000e+00
1.4050 0.00000000 0.0000e+00
1.4100 0.00000000 0.0000e+00
1.4150 0.00000000 0.0000e+00
1.4200 0.00000000 0.0000e+00
1.4250 0.00000000 0.0000e+00
1.4300 0.00000000 0.0000e+00
1.4350 0.00000000 0.0000e+00
1.4400 0.00000000 0.0000e+00
1.4450 0.00000000 0.0000e+00
1.4500 0.00000000 0.0000e+00
1.4550 0.00000000 0.0000e+00
1.4600 0.00000000 0.0000e+00
1.4650 0.00000000 0.0000e+00
1.4700 0.00000000 0.0000e+00
1.4750 0.00000000 0.0000e+00
1.4800 0.00000000 0.0000e+00
1.4850 0.00000000 0.0000e+00
1.4900 0.00000000 0.0000e+00
1.4950 0.00000000 0.0000e+00
1.5000 0.00000000 0.0000e+00
1.5050 0.00000000 0.0000e+00
1.5100 0.00000000 0.0000e+00
1.5150 0.00000000 0.0000e+00
1.5200 0.00000000 0.0000e+00
1.5250 0.00000000 0.0000e+00
1.5300 0.00000000 0.0000e+00
1.5350 0.00000000 0.0000e+00
1.5400 0.00000000 0.0000e+00
1.5450 0.00000000 0.0000e+00
1.5500 0.00000000 0.0000e+00
1.5550 0.00000000 0.0000e+00
1.5600 0.00000000 0.0000e+00
1.5650 0.00000000 0.0000e+00
1.5700 0.00000000 0.0000e+00
1.5750 0.00000000 0.0000e+00
1.5800 0.00000000 0.0000e+00
1.5850 0.00000000 0.0000e+00
1.5900 0.00000000 0.0000e+00
1.5950 0.00000000 0.0000e+00
1.6000 0.00000000 0.0000e+00
1.6050 0.00000000 0.0000e+00
1.6100 0.00000000 0.0000e+00
1.6150 0.00000000 0.0000e+00
1.6200 0.00000000 0.0000e+00
1.6250 0.00000000 0.0000e+00
1.6300 0.00000000 0.0000e+00
1.6350 0.00000000 0.0000e+00
1.6400 0.00000000 0.0000e+00
1.6450 0.00000000 0.0000e+00
1.6500 0.00000000 0.0000e+00
1.6550 0.00000000 0.0000e+00
1.6600 0.00000000 0.0000e+00
1.6650 0.00000000 0.0000e+00
1.6700 0.00000000 0.0000e+00
1.6750 0.00000000 0.0000e+00
1.6800 0.00000000 0.0000e+00
1.6850 0.00000000 0.0000e+00
1.6900 0.00000000 0.0000e+00
1.6950 0.00000000 0.0000e+00
1.7000 0.00000000 0.0000e+00
1.7050 0.00000000 0.0000e+00
1.7100 0.00000000 0.0000e+00
1.7150 0.00000000 0.0000e+00
1.7200 0.00000000 0.0000e+00
1.7250 0.00000000 0.0000e+00
1.7300 0.00000000 0.0000e+00
1.7350 0.00000000 0.0000e+00
1.7400 0.00000000 0.0000e+00
1.7450 0.00000000 0.0000e+00
1.7500 0.00000000 0.0000e+00
1.7550 0.00000000 0.0000e+00
1.7600 0.00000000 0.0000e+00
1.7650 0.00000000 0.0000e+00
1.7700 0.00000000 0.0000e+00
1.7750 0.00000000 0.0000e+00
1.7800 0.00000000 0.0000e+00
1.7850 0.00000000 0.0000e+00
1.7900 0.00000000 0.0000e+00
1.7950 0.00000000 0.0000e+00
1.8000 0.00000000 0.0000e+00
1.8050 0.00000000 0.0000e+00
1.8100 0.00000000 0.0000e+00
1.8150 0.00000000 0.0000e+00
1.8200 0.00000000 0.0000e+00
1.8250 0.00000000 0.0000e+00
1.8300 0.00000000 0.0000e+00
1.8350 0.00000000 0.0000e+00
1.8400 0.00000000 0.0000e+00
1.8450 0.00000000 0.0000e+00
1.8500 0.00000000 0.0000e+00
1.8550 0.00000000 0.0000e+00
1.8600 0.00000000 0.0000e+00
1.8650 0.00000000 0.0000e+00
1.8700 0.00000000 0.0000e+00
1.8750 0.00000000 0.0000e+00
1.8800 0.00000000 0.0000e+00
1.8850 0.00000000 0.0000e+00
1.8900 0.00000000 0.0000e+00
1.8950 0.00000000 0.0000e+00
1.9000 0.00000000 0.0000e+00
1.9050 0.00000000 0.0000e+00
1.9100 0.00000000 0.0000e+00
1.9150 0.00000000 0.0000e+00
1.9200 0.00000000 0.0000e+00
1.9250 0.00000000 0.0000e+00
1.9300 0.00000000 0.0000e+00
1.9350 0.00000000 0.0000e+00
1.9400 0.00000000 0.0000e+00
1.9450 0.00000000 0.0000e+00
1.9500 0.00000000 0.0000e+00
1.9550 0.00000000 0.0000e+00
1.9600 0.00000000 0.0000e+00
1.9650 0.00000000 0.0000e+00
1.9700 0.00000000 0.0000e+00
1.9750 0.00000000 0.0000e+00
1.9800 0.00000000 0.0000e+00
1.9850 0.00000000 0.0000e+00
1.9900 0.00000000 0.0000e+00
1.9950 0.00000000 0.0000e+00
2.0000 0.00000000 0.0000e+00
2.0050 0.00000000 0.0000e+00
2.0100 0.00000000 0.0000e+00
2.0150 0.00000000 0.0000e+00
2.0200 0.00000000 0.0000e+00
2.0250 0.00000000 0.0000e+00
2.0300 0.00000000 0.0000e+00
2.0350 0.00000000 0.0000e+00
2.0400 0.00000000 0.0000e+00
2.0450 0.00000000 0.0000e+00
2.0500 0.00000000 0.0000e+00
2.0550 0.00000000 0.0000e+00
2.0600 0.00000000 0.0000e+00
2.0650 0.00000000 0.0000e+00
2.0700 0.00000000 0.0000e+00
2.0750 0.00000000 0.0000e+00
2.0800 0.00000000 0.0000e+00
2.0850 0.00000000 0.0000e+00
2.0900 0.00000000 0.0000e+00
2.0950 0.00000000 0.0000e+00
2.1000 0.00000000 0.0000e+00
2.1050 0.00000000 0.0000e+00
2.1100 0.00000000 0.0000e+00
2.1150 0.00282711 6.5539e+09
2.1200 0.00296183 6.8662e+09
2.1250 0.00309654 7.1785e+09
2.1300 0.00323125 7.4908e+09
2.1350 0.00336596 7.8031e+09
2.1400 0.00350067 8.1154e+09
2.1450 0.00363539 8.4277e+09
2.1500 0.00377010 8.7400e+09
2.1550 0.00390481 9.0523e+09
2.1600 0.00403952 9.3646e+09
2.1650 0.00417423 9.6769e+09
2.1700 0.00430894 9.9892e+09
2.1750 0.00444366 1.0301e+10
2.1800 0.00457837 1.0614e+10
2.1850 0.00471308 1.0926e+10
2.1900 0.00484779 1.1238e+10
2.1950 0.00498250 1.1551e+10
2.2000 0.00511722 1.1863e+10
2.2050 0.00525193 1.2175e+10
2.2100 0.00538664 1.2488e+10
2.2150 0.00552135 1.2800e+10
2.2200 0.00565606 1.3112e+10
2.2250 0.00579077 1.3424e+10
2.2300 0.00592549 1.3737e+10
2.2350 0.00606020 1.4049e+10
2.2400 0.00619491 1.4361e+10
2.2450 0.00632962 1.4674e+10
2.2500 0.00646433 1.4986e+10
2.2550 0.00659905 1.5298e+10
2.2600 0.00673376 1.5610e+10
2.2650 0.00686847 1.5923e+10
2.2700 0.00700318 1.6235e+10
2.2750 0.00713789 1.6547e+10
2.2800 0.00727260 1.6860e+10
2.2850 0.00740732 1.7172e+10
2.2900 0.00754203 1.7484e+10
2.2950 0.00767674 1.7797e+10
2.3000 0.00781145 1.8109e+10
2.3050 0.00794616 1.8421e+10
2.3100 0.00808088 1.8733e+10
2.3150 0.00821559 1.9046e+10
2.3200 0.00835030 1.9358e+10
2.3250 0.00848501 1.9670e+10
2.3300 0.00861972 1.9983e+10
2.3350 0.00875443 2.0295e+10
2.3400 0.00888915 2.0607e+10
2.3450 0.00902386 2.0920e+10
2.3500 0.00915857 2.1232e+10
2.3550 0.00929328 2.1544e+10
2.3600 0.00942799 2.1856e+10
2.3650 0.00956271 2.2169e+10
2.3700 0.00969742 2.2481e+10
2.3750 0.00983213 2.2793e+10
2.3800 0.00996684 2.3106e+10
2.3850 0.01010155 2.3418e+10
2.3900 0.01023626 2.3730e+10
2.3950 0.01037098 2.4042e+10
2.4000 0.01050569 2.4355e+10
2.4050 0.01064040 2.4667e+10
2.4100 0.01077511 2.4979e+10
2.4150 0.01091108 2.5295e+10
2.4200 0.01128120 2.6153e+10
2.4250 0.01165132 2.7011e+10
2.4300 0.01202145 2.7869e+10
2.4350 0.01239157 2.8727e+10
2.4400 0.01276169 2.9585e+10
2.4450 0.01313181 3.0443e+10
2.4500 0.01350194 3.1301e+10
2.4550 0.01387206 3.2159e+10
2.4600 0.01424218 3.3017e+10
2.4650 0.01461230 3.3875e+10
2.4700 0.01498243 3.4733e+10
2.4750 0.01535255 3.5591e+10
2.4800 0.01572267 3.6449e+10
2.4850 0.01609279 3.7307e+10
2.4900 0.01646292 3.8165e+10
2.4950 0.01683304 3.9023e+10
2.5000 0.01720316 3.9881e+10
2.5050 0.01757328 4.0739e+10
2.5100 0.01794341 4.1597e+10
2.5150 0.01831353 4.2455e+10
2.5200 0.01868365 4.3313e+10
2.5250 0.01905377 4.4171e+10
2.5300 0.01942390 4.5029e+10
2.5350 0.01979402 4.5887e+10
2.5400 0.02016414 4.6745e+10
2.5450 0.02053426 4.7603e+10
2.5500 0.02090439 4.8461e+10
2.5550 0.02127451 4.9320e+10
2.5600 0.02164463 5.0178e+10
2.5650 0.02201475 5.1036e+10
2.5700 0.02238488 5.1894e+10
2.5750 0.02275500 5.2752e+10
2.5800 0.02312512 5.3610e+10
2.5850 0.02349524 5.4468e+10
2.5900 0.02386536 5.5326e+10
2.5950 0.02449366 5.6782e+10
2.6000 0.02519179 5.8401e+10
2.6050 0.02588993 6.0019e+10
2.6100 0.02658807 6.1638e+10
2.6150 0.02728620 6.3256e+10
2.6200 0.02798434 6.4875e+10
2.6250 0.02868247 6.6493e+10
2.6300 0.02938061 6.8111e+10
2.6350 0.03007874 6.9730e+10
2.6400 0.03077688 7.1348e+10
2.6450 0.03147501 7.2967e+10
2.6500 0.03217315 7.4585e+10
2.6550 0.03287128 7.6204e+10
2.6600 0.03356942 7.7822e+10
2.6650 0.03426755 7.9441e+10
2.6700 0.03496569 8.1059e+10
2.6750 0.03566383 8.2677e+10
2.6800 0.03636196 8.4296e+10
2.6850 0.03706010 8.5914e+10
2.6900 0.03775823 8.7533e+10
2.6950 0.03845637 8.9151e+10
2.7000 0.03915450 9.0770e+10
2.7050 0.03985264 9.2388e+10
2.7100 0.04055077 9.4007e+10
2.7150 0.04124891 9.5625e+10
2.7200 0.04227958 9.8014e+10
2.7250 0.04339374 1.0060e+11
2.7300 0.04450790 1.0318e+11
2.7350 0.04562205 1.0576e+11
2.7400 0.04673621 1.0835e+11
2.7450 0.04785037 1.1093e+11
2.7500 0.04896452 1.1351e+11
2.7550 0.05007868 1.1609e+11
2.7600 0.05119284 1.1868e+11
2.7650 0.05230699 1.2126e+11
2.7700 0.05342115 1.2384e+11
2.7750 0.05453531 1.2643e+11
2.7800 0.05564947 1.2901e+11
2.7850 0.05676362 1.3159e+11
2.7900 0.05787778 1.3417e+11
2.7950 0.05899194 1.3676e+11
2.8000 0.06010609 1.3934e+11
2.8050 0.06122025 1.4192e+11
2.8100 0.06233441 1.4451e+11
2.8150 0.06365346 1.4756e+11
2.8200 0.06525857 1.5129e+11
2.8250 0.06686369 1.5501e+11
2.8300 0.06846881 1.5873e+11
2.8350 0.07007393 1.6245e+11
2.8400 0.07167905 1.6617e+11
2.8450 0.07328417 1.6989e+11
2.8500 0.07488928 1.7361e+11
2.8550 0.07649440 1.7733e+11
2.8600 0.07809952 1.8105e+11
2.8650 0.07970464 1.8477e+11
2.8700 0.08130976 1.8850e+11
2.8750 0.08291488 1.9222e+11
2.8800 0.08451999 1.9594e+11
2.8850 0.08612511 1.9966e+11
2.8900 0.08773023 2.0338e+11
2.8950 0.08964939 2.0783e+11
2.9000 0.09179494 2.1280e+11
2.9050 0.09394049 2.1778e+11
2.9100 0.09608604 2.2275e+11
2.9150 0.09823160 2.2772e+11
2.9200 0.10037715 2.3270e+11
2.9250 0.10252270 2.3767e+11
2.9300 0.10466826 2.4265e+11
2.9350 0.10681381 2.4762e+11
2.9400 0.10895936 2.5259e+11
2.9450 0.11110492 2.5757e+11
2.9500 0.11325047 2.6254e+11
2.9550 0.11539602 2.6752e+11
2.9600 0.11764701 2.7273e+11
2.9650 0.12034250 2.7898e+11
2.9700 0.12303800 2.8523e+11
2.9750 0.12573349 2.9148e+11
2.9800 0.12842898 2.9773e+11
2.9850 0.13112448 3.0398e+11
2.9900 0.13381997 3.1023e+11
2.9950 0.13651546 3.1648e+11
3.0000 0.13921095 3.2272e+11
3.0050 0.14190645 3.2897e+11
3.0100 0.14460194 3.3522e+11
3.0150 0.14729743 3.4147e+11
3.0200 0.15036044 3.4857e+11
3.0250 0.15367534 3.5626e+11
3.0300 0.15699024 3.6394e+11
3.0350 0.16030514 3.7163e+11
3.0400 0.16362004 3.7931e+11
3.0450 0.16693494 3.8700e+11
3.0500 0.17024984 3.9468e+11
3.0550 0.17356473 4.0237e+11
3.0600 0.17687963 4.1005e+11
3.0650 0.18019453 4.1773e+11
3.0700 0.18374365 4.2596e+11
3.0750 0.18770408 4.3514e+11
3.0800 0.19166451 4.4433e+11
3.0850 0.19562493 4.5351e+11
3.0900 0.19958536 4.6269e+11
3.0950 0.20354579 4.7187e+11
3.1000 0.20750622 4.8105e+11
3.1050 0.21146665 4.9023e+11
3.1100 0.21542708 4.9941e+11
3.1150 0.21951086 5.0888e+11
3.1200 0.22405502 5.1941e+11
3.1250 0.22859918 5.2995e+11
3.1300 0.23314333 5.4048e+11
3.1350 0.23768749 5.5102e+11
3.1400 0.24223164 5.6155e+11
3.1450 0.24677580 5.7209e+11
3.1500 0.25131996 5.8262e+11
3.1550 0.25586411 5.9316e+11
3.1600 0.26109570 6.0528e+11
3.1650 0.26637682 6.1753e+11
3.1700 0.27165794 6.2977e+11
3.1750 0.27693906 6.4201e+11
3.1800 0.28222018 6.5426e+11
3.1850 0.28750130 6.6650e+11
3.1900 0.29278242 6.7874e+11
3.1950 0.29829504 6.9152e+11
3.2000 0.30419335 7.0519e+11
3.2050 0.31009166 7.1887e+11
3.2100 0.31598997 7.3254e+11
3.2150 0.32188829 7.4622e+11
3.2200 0.32778660 7.5989e+11
3.2250 0.33368491 7.7356e+11
3.2300 0.33985832 7.8787e+11
3.2350 0.34640751 8.0306e+11
3.2400 0.35295671 8.1824e+11
3.2450 0.35950590 8.3342e+11
3.2500 0.36605509 8.4861e+11
3.2550 0.37260429 8.6379e+11
3.2600 0.37915348 8.7897e+11
3.2650 0.38609136 8.9505e+11
3.2700 0.39303487 9.1115e+11
3.2750 0.39997838 9.2725e+11
3.2800 0.40692189 9.4334e+11
3.2850 0.41386540 9.5944e+11
3.2900 0.42080891 9.7554e+11
3.2950 0.42846148 9.9328e+11
3.3000 0.43611899 1.0110e+12
3.3050 0.44377650 1.0288e+12
3.3100 0.45143401 1.0465e+12
3.3150 0.45909152 1.0643e+12
3.3200 0.46699272 1.0826e+12
3.3250 0.47527939 1.1018e+12
3.3300 0.48356606 1.1210e+12
3.3350 0.49185272 1.1402e+12
3.3400 0.50013939 1.1594e+12
3.3450 0.50849708 1.1788e+12
3.3500 0.51736810 1.1994e+12
3.3550 0.52623912 1.2200e+12
3.3600 0.53511014 1.2405e+12
3.3650 0.54398117 1.2611e+12
3.3700 0.55288430 1.2817e+12
3.3750 0.56196011 1.3028e+12
3.3800 0.57103592 1.3238e+12
3.3850 0.58011173 1.3448e+12
3.3900 0.58918754 1.3659e+12
3.3950 0.59859532 1.3877e+12
3.4000 0.60839184 1.4104e+12
3.4050 0.61818836 1.4331e+12
3.4100 0.62798488 1.4558e+12
3.4150 0.63777533 1.4785e+12
3.4200 0.64643234 1.4986e+12
3.4250 0.65508935 1.5187e+12
3.4300 0.66374637 1.5387e+12
3.4350 0.67240338 1.5588e+12
3.4400 0.68284596 1.5830e+12
3.4450 0.69382954 1.6085e+12
3.4500 0.70481311 1.6339e+12
3.4550 0.71579669 1.6594e+12
3.4600 0.72664593 1.6845e+12
3.4650 0.73744467 1.7096e+12
3.4700 0.74824341 1.7346e+12
3.4750 0.75904215 1.7596e+12
3.4800 0.76984415 1.7847e+12
3.4850 0.78064666 1.8097e+12
3.4900 0.79144917 1.8348e+12
3.4950 0.80234250 1.8600e+12
3.5000 0.81368211 1.8863e+12
3.5050 0.82502172 1.9126e+12
3.5100 0.83636134 1.9389e+12
3.5150 0.84695847 1.9635e+12
3.5200 0.85710694 1.9870e+12
3.5250 0.86725540 2.0105e+12
3.5300 0.87745965 2.0342e+12
3.5350 0.88786564 2.0583e+12
3.5400 0.89827163 2.0824e+12
3.5450 0.90867761 2.1065e+12
3.5500 0.92065633 2.1343e+12
3.5550 0.93273797 2.1623e+12
3.5600 0.94481962 2.1903e+12
3.5650 0.95555467 2.2152e+12
3.5700 0.96590932 2.2392e+12
3.5750 0.97626396 2.2632e+12
3.5800 0.98787934 2.2901e+12
3.5850 0.99995695 2.3181e+12
3.5900 1.01203455 2.3461e+12
3.5950 1.02227091 2.3699e+12
3.6000 1.03200917 2.3924e+12
3.6050 1.04174743 2.4150e+12
3.6100 1.05143058 2.4375e+12
3.6150 1.06111016 2.4599e+12
3.6200 1.07051550 2.4817e+12
3.6250 1.07868277 2.5007e+12
3.6300 1.08685004 2.5196e+12
3.6350 1.09620566 2.5413e+12
3.6400 1.10670972 2.5656e+12
3.6450 1.11721378 2.5900e+12
3.6500 1.13073353 2.6213e+12
3.6550 1.14453145 2.6533e+12
3.6600 1.15476627 2.6770e+12
3.6650 1.15960539 2.6882e+12
3.6700 1.16444450 2.6995e+12
3.6750 1.17544218 2.7250e+12
3.6800 1.18675835 2.7512e+12
3.6850 1.19522653 2.7708e+12
3.6900 1.20155485 2.7855e+12
3.6950 1.20865076 2.8019e+12
3.7000 1.21799381 2.8236e+12
3.7050 1.22733686 2.8453e+12
3.7100 1.23507467 2.8632e+12
3.7150 1.24280992 2.8811e+12
3.7200 1.24906914 2.8956e+12
3.7250 1.25495782 2.9093e+12
3.7300 1.26104298 2.9234e+12
3.7350 1.26723182 2.9378e+12
3.7400 1.27224847 2.9494e+12
3.7450 1.27634958 2.9589e+12
3.7500 1.28187952 2.9717e+12
3.7550 1.28874092 2.9876e+12
3.7600 1.29398449 2.9998e+12
3.7650 1.29773942 3.0085e+12
3.7700 1.30179131 3.0179e+12
3.7750 1.30606830 3.0278e+12
3.7800 1.31224745 3.0421e+12
3.7850 1.31940754 3.0587e+12
3.7900 1.31873224 3.0571e+12
3.7950 1.31599613 3.0508e+12
3.8000 1.31715754 3.0535e+12
3.8050 1.31867074 3.0570e+12
3.8100 1.32115748 3.0628e+12
3.8150 1.32172322 3.0641e+12
3.8200 1.31960688 3.0592e+12
3.8250 1.32047144 3.0612e+12
3.8300 1.32259425 3.0661e+12
3.8350 1.32139417 3.0633e+12
3.8400 1.32070283 3.0617e+12
3.8450 1.32093116 3.0622e+12
3.8500 1.31836863 3.0563e+12
3.8550 1.31432769 3.0469e+12
3.8600 1.30743484 3.0310e+12
3.8650 1.30184116 3.0180e+12
3.8700 1.29721017 3.0073e+12
3.8750 1.29251115 2.9964e+12
3.8800 1.29059173 2.9919e+12
3.8850 1.29069141 2.9921e+12
3.8900 1.27934539 2.9658e+12
3.8950 1.27930559 2.9657e+12
3.9000 1.28433495 2.9774e+12
3.9050 1.27124480 2.9471e+12
3.9100 1.25532454 2.9101e+12
3.9150 1.24207315 2.8794e+12
3.9200 1.23590166 2.8651e+12
3.9250 1.22699587 2.8445e+12
3.9300 1.22018247 2.8287e+12
3.9350 1.21653953 2.8202e+12
3.9400 1.21726210 2.8219e+12
3.9450 1.19601861 2.7727e+12
3.9500 1.18826537 2.7547e+12
3.9550 1.18192935 2.7400e+12
3.9600 1.16775203 2.7071e+12
3.9650 1.14258282 2.6488e+12
3.9700 1.13359353 2.6279e+12
3.9750 1.13074042 2.6213e+12
3.9800 1.11703415 2.5896e+12
3.9850 1.09553569 2.5397e+12
3.9900 1.07977891 2.5032e+12
3.9950 1.06802760 2.4759e+12
4.0000 1.05987306 2.4570e+12
4.0050 1.05010569 2.4344e+12
4.0100 1.02531824 2.3769e+12
4.0150 1.00845854 2.3379e+12
4.0200 1.00398674 2.3275e+12
4.0250 0.98644046 2.2868e+12
4.0300 0.96512938 2.2374e+12
4.0350 0.95807310 2.2210e+12
4.0400 0.94012210 2.1794e+12
4.0450 0.91555919 2.1225e+12
4.0500 0.90390818 2.0955e+12
4.0550 0.88695377 2.0562e+12
4.0600 0.87397357 2.0261e+12
4.0650 0.85220224 1.9756e+12
4.0700 0.83181424 1.9283e+12
4.0750 0.81685970 1.8937e+12
4.0800 0.78778260 1.8263e+12
4.0850 0.77856594 1.8049e+12
4.0900 0.77486176 1.7963e+12
4.0950 0.74683568 1.7313e+12
4.1000 0.72489244 1.6805e+12
4.1050 0.71175748 1.6500e+12
4.1100 0.70589126 1.6364e+12
4.1150 0.67812864 1.5721e+12
4.1200 0.65829386 1.5261e+12
4.1250 0.64224881 1.4889e+12
4.1300 0.62233454 1.4427e+12
4.1350 0.60324778 1.3985e+12
4.1400 0.58764865 1.3623e+12
4.1450 0.56606544 1.3123e+12
4.1500 0.55790131 1.2934e+12
4.1550 0.53352090 1.2368e+12
4.1600 0.51399865 1.1916e+12
4.1650 0.51240155 1.1879e+12
4.1700 0.48743798 1.1300e+12
4.1750 0.47658714 1.1048e+12
4.1800 0.46113885 1.0690e+12
4.1850 0.43682130 1.0127e+12
4.1900 0.41987899 9.7338e+11
4.1950 0.40918693 9.4860e+11
4.2000 0.38761570 8.9859e+11
4.2050 0.39149674 9.0759e+11
4.2100 0.36504691 8.4627e+11
4.2150 0.34528542 8.0046e+11
4.2200 0.33557593 7.7795e+11
4.2250 0.32742026 7.5904e+11
4.2300 0.31170960 7.2262e+11
4.2350 0.29718712 6.8895e+11
4.2400 0.28329200 6.5674e+11
4.2450 0.27138939 6.2915e+11
4.2500 0.26869595 6.2290e+11
4.2550 0.24972673 5.7893e+11
4.2600 0.24537520 5.6884e+11
4.2650 0.22208985 5.1486e+11
4.2700 0.21936922 5.0855e+11
4.2750 0.21673154 5.0244e+11
4.2800 0.19982949 4.6325e+11
4.2850 0.18667229 4.3275e+11
4.2900 0.17528015 4.0634e+11
4.2950 0.16591629 3.8463e+11
4.3000 0.15502920 3.5940e+11
4.3050 0.14660072 3.3986e+11
4.3100 0.14227760 3.2983e+11
4.3150 0.13408352 3.1084e+11
4.3200 0.12711820 2.9469e+11
4.3250 0.11852581 2.7477e+11
4.3300 0.11271958 2.6131e+11
4.3350 0.11008409 2.5520e+11
4.3400 0.09935082 2.3032e+11
4.3450 0.09890763 2.2929e+11
4.3500 0.08376395 1.9419e+11
4.3550 0.08410899 1.9499e+11
4.3600 0.07422951 1.7208e+11
4.3650 0.07150518 1.6577e+11
4.3700 0.06981422 1.6185e+11
4.3750 0.06248331 1.4485e+11
4.3800 0.05694806 1.3202e+11
4.3850 0.06484550 1.5033e+11
4.3900 0.05242572 1.2154e+11
4.3950 0.04944103 1.1462e+11
4.4000 0.04549884 1.0548e+11
4.4050 0.03935372 9.1232e+10
4.4100 0.03583477 8.3074e+10
4.4150 0.03786194 8.7773e+10
4.4200 0.03231917 7.4924e+10
4.4250 0.03118201 7.2288e+10
4.4300 0.02644457 6.1305e+10
4.4350 0.02639175 6.1183e+10
4.4400 0.02407453 5.5811e+10
4.4450 0.02143013 4.9680e+10
4.4500 0.01500433 3.4784e+10
4.4550 0.01630684 3.7803e+10
4.4600 0.01758082 4.0757e+10
4.4650 0.01691054 3.9203e+10
4.4700 0.01350686 3.1312e+10
4.4750 0.00936249 2.1705e+10
4.4800 0.01028521 2.3844e+10
4.4850 0.00887103 2.0565e+10
4.4900 0.01024464 2.3750e+10
4.4950 0.00912597 2.1156e+10
4.5000 0.00442323 1.0254e+10
4.5050 0.00633314 1.4682e+10
4.5100 0.00507843 1.1773e+10
4.5150 0.00555146 1.2870e+10
4.5200 0.00283788 6.5789e+09
4.5250 0.00370948 8.5995e+09
4.5300 0.00363949 8.4372e+09
4.5350 0.00337572 7.8257e+09
4.5400 0.00319860 7.4151e+09
4.5450 0.00149154 3.4578e+09
4.5500 0.00267939 6.2115e+09
4.5550 0.00267341 6.1976e+09
4.5600 0.00130371 3.0223e+09
4.5650 0.00058189 1.3490e+09
4.5700 0.00071588 1.6596e+09
4.5750 0.00121863 2.8251e+09
4.5800 0.00167669 3.8870e+09
4.5850 0.00201471 4.6706e+09
4.5900 0.00148019 3.4315e+09
4.5950 0.00231491 5.3665e+09
4.6000 0.00136733 3.1698e+09
4.6050 0.00069959 1.6218e+09
4.6100 0.00071591 1.6597e+09
4.6150 0.00116556 2.7021e+09
4.6200 0.00074962 1.7378e+09
4.6250 0.00076711 1.7783e+09
4.6300 0.00112031 2.5972e+09
4.6350 0.00080336 1.8624e+09
4.6400 0.00082197 1.9055e+09
4.6450 0.00084114 1.9500e+09
4.6500 0.00086077 1.9955e+09
4.6550 0.00088082 2.0419e+09
4.6600 0.00090127 2.0894e+09
4.6650 0.00092228 2.1381e+09
4.6700 0.00094446 2.1895e+09
4.6750 0.00096713 2.2420e+09
4.6800 0.00098979 2.2946e+09
4.6850 0.00101245 2.3471e+09
4.6900 0.00103512 2.3997e+09
4.6950 0.00105927 2.4556e+09
4.7000 0.00108402 2.5130e+09
4.7050 0.00110877 2.5704e+09
4.7100 0.00000000 0.0000e+00
4.7150 0.00000000 0.0000e+00
4.7200 0.00000000 0.0000e+00
4.7250 0.00000000 0.0000e+00
4.7300 0.00000000 0.0000e+00
4.7350 0.00000000 0.0000e+00
4.7400 0.00000000 0.0000e+00
4.7450 0.00000000 0.0000e+00
4.7500 0.00000000 0.0000e+00
4.7550 0.00000000 0.0000e+00
4.7600 0.00000000 0.0000e+00
4.7650 0.00000000 0.0000e+00
4.7700 0.00000000 0.0000e+00
4.7750 0.00000000 0.0000e+00
4.7800 0.00000000 0.0000e+00
4.7850 0.00000000 0.0000e+00
4.7900 0.00000000 0.0000e+00
4.7950 0.00000000 0.0000e+00
4.8000 0.00000000 0.0000e+00
4.8050 0.00000000 0.0000e+00
4.8100 0.00000000 0.0000e+00
4.8150 0.00000000 0.0000e+00
4.8200 0.00000000 0.0000e+00
4.8250 0.00000000 0.0000e+00
4.8300 0.00000000 0.0000e+00
4.8350 0.00000000 0.0000e+00
4.8400 0.00000000 0.0000e+00
4.8450 0.00000000 0.0000e+00
4.8500 0.00000000 0.0000e+00
4.8550 0.00000000 0.0000e+00
4.8600 0.00000000 0.0000e+00
4.8650 0.00000000 0.0000e+00
4.8700 0.00000000 0.0000e+00
4.8750 0.00000000 0.0000e+00
4.8800 0.00000000 0.0000e+00
4.8850 0.00000000 0.0000e+00
4.8900 0.00000000 0.0000e+00
4.8950 0.00000000 0.0000e+00
4.9000 0.00000000 0.0000e+00
4.9050 0.00000000 0.0000e+00
4.9100 0.00000000 0.0000e+00
4.9150 0.00000000 0.0000e+00
4.9200 0.00000000 0.0000e+00
4.9250 0.00000000 0.0000e+00
4.9300 0.00000000 0.0000e+00
4.9350 0.00000000 0.0000e+00
4.9400 0.00000000 0.0000e+00
4.9450 0.00000000 0.0000e+00
4.9500 0.00000000 0.0000e+00
4.9550 0.00000000 0.0000e+00
4.9600 0.00000000 0.0000e+00
4.9650 0.00000000 0.0000e+00
4.9700 0.00000000 0.0000e+00
4.9750 0.00000000 0.0000e+00
4.9800 0.00000000 0.0000e+00
4.9850 0.00000000 0.0000e+00
4.9900 0.00000000 0.0000e+00
4.9950 0.00000000 0.0000e+00
5.0000 0.00000000 0.0000e+00
5.0050 0.00000000 0.0000e+00
5.0100 0.00000000 0.0000e+00
5.0150 0.00000000 0.0000e+00
5.0200 0.00000000 0.0000e+00
5.0250 0.00000000 0.0000e+00
5.0300 0.00000000 0.0000e+00
5.0350 0.00000000 0.0000e+00
5.0400 0.00000000 0.0000e+00
5.0450 0.00000000 0.0000e+00
5.0500 0.00000000 0.0000e+00
5.0550 0.00000000 0.0000e+00
5.0600 0.00000000 0.0000e+00
5.0650 0.00000000 0.0000e+00
5.0700 0.00000000 0.0000e+00
5.0750 0.00000000 0.0000e+00
5.0800 0.00000000 0.0000e+00
5.0850 0.00000000 0.0000e+00
5.0900 0.00000000 0.0000e+00
5.0950 0.00000000 0.0000e+00
5.1000 0.00000000 0.0000e+00
5.1050 0.00000000 0.0000e+00
5.1100 0.00000000 0.0000e+00
5.1150 0.00000000 0.0000e+00
5.1200 0.00000000 0.0000e+00
5.1250 0.00000000 0.0000e+00
5.1300 0.00000000 0.0000e+00
5.1350 0.00000000 0.0000e+00
5.1400 0.00000000 0.0000e+00
5.1450 0.00000000 0.0000e+00
5.1500 0.00000000 0.0000e+00
5.1550 0.00000000 0.0000e+00
5.1600 0.00000000 0.0000e+00
5.1650 0.00000000 0.0000e+00
5.1700 0.00000000 0.0000e+00
5.1750 0.00000000 0.0000e+00
5.1800 0.00000000 0.0000e+00
5.1850 0.00000000 0.0000e+00
5.1900 0.00000000 0.0000e+00
5.1950 0.00000000 0.0000e+00
5.2000 0.00000000 0.0000e+00
5.2050 0.00000000 0.0000e+00
5.2100 0.00000000 0.0000e+00
5.2150 0.00000000 0.0000e+00
5.2200 0.00000000 0.0000e+00
5.2250 0.00000000 0.0000e+00
5.2300 0.00000000 0.0000e+00
5.2350 0.00000000 0.0000e+00
5.2400 0.00000000 0.0000e+00
5.2450 0.00000000 0.0000e+00
5.2500 0.00000000 0.0000e+00
5.2550 0.00000000 0.0000e+00
5.2600 0.00000000 0.0000e+00
5.2650 0.00000000 0.0000e+00
5.2700 0.00000000 0.0000e+00
5.2750 0.00000000 0.0000e+00
5.2800 0.00000000 0.0000e+00
5.2850 0.00000000 0.0000e+00
5.2900 0.00000000 0.0000e+00
5.2950 0.00000000 0.0000e+00
5.3000 0.00000000 0.0000e+00
5.3050 0.00000000 0.0000e+00
5.3100 0.00000000 0.0000e+00
5.3150 0.00000000 0.0000e+00
5.3200 0.00000000 0.0000e+00
5.3250 0.00000000 0.0000e+00
5.3300 0.00000000 0.0000e+00
5.3350 0.00000000 0.0000e+00
5.3400 0.00000000 0.0000e+00
5.3450 0.00000000 0.0000e+00
5.3500 0.00000000 0.0000e+00
5.3550 0.00000000 0.0000e+00
5.3600 0.00000000 0.0000e+00
5.3650 0.00000000 0.0000e+00
5.3700 0.00000000 0.0000e+00
5.3750 0.00000000 0.0000e+00
5.3800 0.00000000 0.0000e+00
5.3850 0.00000000 0.0000e+00
5.3900 0.00000000 0.0000e+00
5.3950 0.00000000 0.0000e+00
5.4000 0.00000000 0.0000e+00
5.4050 0.00000000 0.0000e+00
5.4100 0.00000000 0.0000e+00
5.4150 0.00000000 0.0000e+00
5.4200 0.00000000 0.0000e+00
5.4250 0.00000000 0.0000e+00
5.4300 0.00000000 0.0000e+00
5.4350 0.00000000 0.0000e+00
5.4400 0.00000000 0.0000e+00
5.4450 0.00000000 0.0000e+00
5.4500 0.00000000 0.0000e+00
5.4550 0.00000000 0.0000e+00
5.4600 0.00000000 0.0000e+00
5.4650 0.00000000 0.0000e+00
5.4700 0.00000000 0.0000e+00
5.4750 0.00000000 0.0000e+00
5.4800 0.00000000 0.0000e+00
5.4850 0.00000000 0.0000e+00
5.4900 0.00000000 0.0000e+00
5.4950 0.00000000 0.0000e+00
5.5000 0.00000000 0.0000e+00
5.5050 0.00000000 0.0000e+00
5.5100 0.00000000 0.0000e+00
5.5150 0.00000000 0.0000e+00
5.5200 0.00000000 0.0000e+00
5.5250 0.00000000 0.0000e+00
5.5300 0.00000000 0.0000e+00
5.5350 0.00000000 0.0000e+00
5.5400 0.00000000 0.0000e+00
5.5450 0.00000000 0.0000e+00
5.5500 0.00000000 0.0000e+00
5.5550 0.00000000 0.0000e+00
5.5600 0.00000000 0.0000e+00
5.5650 0.00000000 0.0000e+00
5.5700 0.00000000 0.0000e+00
5.5750 0.00000000 0.0000e+00
5.5800 0.00000000 0.0000e+00
5.5850 0.00000000 0.0000e+00
5.5900 0.00000000 0.0000e+00
5.5950 0.00000000 0.0000e+00
5.6000 0.00000000 0.0000e+00
5.6050 0.00000000 0.0000e+00
5.6100 0.00000000 0.0000e+00
5.6150 0.00000000 0.0000e+00
5.6200 0.00000000 0.0000e+00
5.6250 0.00000000 0.0000e+00
5.6300 0.00000000 0.0000e+00
5.6350 0.00000000 0.0000e+00
5.6400 0.00000000 0.0000e+00
5.6450 0.00000000 0.0000e+00
5.6500 0.00000000 0.0000e+00
5.6550 0.00000000 0.0000e+00
5.6600 0.00000000 0.0000e+00
5.6650 0.00000000 0.0000e+00
5.6700 0.00000000 0.0000e+00
5.6750 0.00000000 0.0000e+00
5.6800 0.00000000 0.0000e+00
5.6850 0.00000000 0.0000e+00
5.6900 0.00000000 0.0000e+00
5.6950 0.00000000 0.0000e+00
5.7000 0.00000000 0.0000e+00
5.7050 0.00000000 0.0000e+00
5.7100 0.00000000 0.0000e+00
5.7150 0.00000000 0.0000e+00
5.7200 0.00000000 0.0000e+00
5.7250 0.00000000 0.0000e+00
5.7300 0.00000000 0.0000e+00
5.7350 0.00000000 0.0000e+00
5.7400 0.00000000 0.0000e+00
5.7450 0.00000000 0.0000e+00
5.7500 0.00000000 0.0000e+00
5.7550 0.00000000 0.0000e+00
5.7600 0.00000000 0.0000e+00
5.7650 0.00000000 0.0000e+00
5.7700 0.00000000 0.0000e+00
5.7750 0.00000000 0.0000e+00
5.7800 0.00000000 0.0000e+00
5.7850 0.00000000 0.0000e+00
5.7900 0.00000000 0.0000e+00
5.7950 0.00000000 0.0000e+00
5.8000 0.00000000 0.0000e+00
5.8050 0.00000000 0.0000e+00
5.8100 0.00000000 0.0000e+00
5.8150 0.00000000 0.0000e+00
5.8200 0.00000000 0.0000e+00
5.8250 0.00000000 0.0000e+00
5.8300 0.00000000 0.0000e+00
5.8350 0.00000000 0.0000e+00
5.8400 0.00000000 0.0000e+00
5.8450 0.00000000 0.0000e+00
5.8500 0.00000000 0.0000e+00
5.8550 0.00000000 0.0000e+00
5.8600 0.00000000 0.0000e+00
5.8650 0.00000000 0.0000e+00
5.8700 0.00000000 0.0000e+00
5.8750 0.00000000 0.0000e+00
5.8800 0.00000000 0.0000e+00
5.8850 0.00000000 0.0000e+00
5.8900 0.00000000 0.0000e+00
5.8950 0.00000000 0.0000e+00
5.9000 0.00000000 0.0000e+00
5.9050 0.00000000 0.0000e+00
5.9100 0.00000000 0.0000e+00
5.9150 0.00000000 0.0000e+00
5.9200 0.00000000 0.0000e+00
5.9250 0.00000000 0.0000e+00
5.9300 0.00000000 0.0000e+00
5.9350 0.00000000 0.0000e+00
5.9400 0.00000000 0.0000e+00
5.9450 0.00000000 0.0000e+00
5.9500 0.00000000 0.0000e+00
5.9550 0.00000000 0.0000e+00
5.9600 0.00000000 0.0000e+00
5.9650 0.00000000 0.0000e+00
5.9700 0.00000000 0.0000e+00
5.9750 0.00000000 0.0000e+00
5.9800 0.00000000 0.0000e+00
5.9850 0.00000000 0.0000e+00
5.9900 0.00000000 0.0000e+00
5.9950 0.00000000 0.0000e+00
6.0000 0.00000000 0.0000e+00
6.0050 0.00000000 0.0000e+00
6.0100 0.00000000 0.0000e+00
6.0150 0.00000000 0.0000e+00
6.0200 0.00000000 0.0000e+00
6.0250 0.00000000 0.0000e+00
6.0300 0.00000000 0.0000e+00
6.0350 0.00000000 0.0000e+00
6.0400 0.00000000 0.0000e+00
6.0450 0.00000000 0.0000e+00
6.0500 0.00000000 0.0000e+00
6.0550 0.00000000 0.0000e+00
6.0600 0.00000000 0.0000e+00
6.0650 0.00000000 0.0000e+00
6.0700 0.00000000 0.0000e+00
6.0750 0.00000000 0.0000e+00
6.0800 0.00000000 0.0000e+00
6.0850 0.00000000 0.0000e+00
6.0900 0.00000000 0.0000e+00
6.0950 0.00000000 0.0000e+00
6.1000 0.00000000 0.0000e+00
6.1050 0.00000000 0.0000e+00
6.1100 0.00000000 0.0000e+00
6.1150 0.00000000 0.0000e+00
6.1200 0.00000000 0.0000e+00
6.1250 0.00000000 0.0000e+00
6.1300 0.00000000 0.0000e+00
6.1350 0.00000000 0.0000e+00
6.1400 0.00000000 0.0000e+00
6.1450 0.00000000 0.0000e+00
6.1500 0.00000000 0.0000e+00
6.1550 0.00000000 0.0000e+00
6.1600 0.00000000 0.0000e+00
6.1650 0.00000000 0.0000e+00
6.1700 0.00000000 0.0000e+00
6.1750 0.00000000 0.0000e+00
6.1800 0.00000000 0.0000e+00
6.1850 0.00000000 0.0000e+00
6.1900 0.00000000 0.0000e+00
6.1950 0.00000000 0.0000e+00
6.2000 0.00000000 0.0000e+00
6.2050 0.00000000 0.0000e+00
6.2100 0.00000000 0.0000e+00
6.2150 0.00000000 0.0000e+00
6.2200 0.00000000 0.0000e+00
6.2250 0.00000000 0.0000e+00
6.2300 0.00000000 0.0000e+00
6.2350 0.00000000 0.0000e+00
6.2400 0.00000000 0.0000e+00
6.2450 0.00000000 0.0000e+00
6.2500 0.00000000 0.0000e+00
6.2550 0.00000000 0.0000e+00
6.2600 0.00000000 0.0000e+00
6.2650 0.00000000 0.0000e+00
6.2700 0.00000000 0.0000e+00
6.2750 0.00000000 0.0000e+00
6.2800 0.00000000 0.0000e+00
6.2850 0.00000000 0.0000e+00
6.2900 0.00000000 0.0000e+00
6.2950 0.00000000 0.0000e+00
6.3000 0.00000000 0.0000e+00
6.3050 0.00000000 0.0000e+00
6.3100 0.00000000 0.0000e+00
6.3150 0.00000000 0.0000e+00
6.3200 0.00000000 0.0000e+00
6.3250 0.00000000 0.0000e+00
6.3300 0.00000000 0.0000e+00
6.3350 0.00000000 0.0000e+00
6.3400 0.00000000 0.0000e+00
6.3450 0.00000000 0.0000e+00
6.3500 0.00000000 0.0000e+00
6.3550 0.00000000 0.0000e+00
6.3600 0.00000000 0.0000e+00
6.3650 0.00000000 0.0000e+00
6.3700 0.00000000 0.0000e+00
6.3750 0.00000000 0.0000e+00
6.3800 0.00000000 0.0000e+00
6.3850 0.00000000 0.0000e+00
6.3900 0.00000000 0.0000e+00
6.3950 0.00000000 0.0000e+00
6.4000 0.00000000 0.0000e+00
6.4050 0.00000000 0.0000e+00
6.4100 0.00000000 0.0000e+00
6.4150 0.00000000 0.0000e+00
6.4200 0.00000000 0.0000e+00
6.4250 0.00000000 0.0000e+00
6.4300 0.00000000 0.0000e+00
6.4350 0.00000000 0.0000e+00
6.4400 0.00000000 0.0000e+00
6.4450 0.00000000 0.0000e+00
6.4500 0.00000000 0.0000e+00
6.4550 0.00000000 0.0000e+00
6.4600 0.00000000 0.0000e+00
6.4650 0.00000000 0.0000e+00
6.4700 0.00000000 0.0000e+00
6.4750 0.00000000 0.0000e+00
6.4800 0.00000000 0.0000e+00
6.4850 0.00000000 0.0000e+00
6.4900 0.00000000 0.0000e+00
6.4950 0.00000000 0.0000e+00
6.5000 0.00000000 0.0000e+00
6.5050 0.00000000 0.0000e+00
6.5100 0.00000000 0.0000e+00
6.5150 0.00000000 0.0000e+00
6.5200 0.00000000 0.0000e+00
6.5250 0.00000000 0.0000e+00
6.5300 0.00000000 0.0000e+00
6.5350 0.00000000 0.0000e+00
6.5400 0.00000000 0.0000e+00
6.5450 0.00000000 0.0000e+00
6.5500 0.00000000 0.0000e+00
6.5550 0.00000000 0.0000e+00
6.5600 0.00000000 0.0000e+00
6.5650 0.00000000 0.0000e+00
6.5700 0.00000000 0.0000e+00
6.5750 0.00000000 0.0000e+00
6.5800 0.00000000 0.0000e+00
6.5850 0.00000000 0.0000e+00
6.5900 0.00000000 0.0000e+00
6.5950 0.00000000 0.0000e+00
6.6000 0.00000000 0.0000e+00
6.6050 0.00000000 0.0000e+00
6.6100 0.00000000 0.0000e+00
6.6150 0.00000000 0.0000e+00
6.6200 0.00000000 0.0000e+00
6.6250 0.00000000 0.0000e+00
6.6300 0.00000000 0.0000e+00
6.6350 0.00000000 0.0000e+00
6.6400 0.00000000 0.0000e+00
6.6450 0.00000000 0.0000e+00
6.6500 0.00000000 0.0000e+00
6.6550 0.00000000 0.0000e+00
6.6600 0.00000000 0.0000e+00
6.6650 0.00000000 0.0000e+00
6.6700 0.00000000 0.0000e+00
6.6750 0.00000000 0.0000e+00
6.6800 0.00000000 0.0000e+00
6.6850 0.00000000 0.0000e+00
6.6900 0.00000000 0.0000e+00
6.6950 0.00000000 0.0000e+00
6.7000 0.00000000 0.0000e+00
6.7050 0.00000000 0.0000e+00
6.7100 0.00000000 0.0000e+00
6.7150 0.00000000 0.0000e+00
6.7200 0.00000000 0.0000e+00
6.7250 0.00000000 0.0000e+00
6.7300 0.00000000 0.0000e+00
6.7350 0.00000000 0.0000e+00
6.7400 0.00000000 0.0000e+00
6.7450 0.00000000 0.0000e+00
6.7500 0.00000000 0.0000e+00
6.7550 0.00000000 0.0000e+00
6.7600 0.00000000 0.0000e+00
6.7650 0.00000000 0.0000e+00
6.7700 0.00000000 0.0000e+00
6.7750 0.00000000 0.0000e+00
6.7800 0.00000000 0.0000e+00
6.7850 0.00000000 0.0000e+00
6.7900 0.00000000 0.0000e+00
6.7950 0.00000000 0.0000e+00
6.8000 0.00000000 0.0000e+00
6.8050 0.00000000 0.0000e+00
6.8100 0.00000000 0.0000e+00
6.8150 0.00000000 0.0000e+00
6.8200 0.00000000 0.0000e+00
6.8250 0.00000000 0.0000e+00
6.8300 0.00000000 0.0000e+00
6.8350 0.00000000 0.0000e+00
6.8400 0.00000000 0.0000e+00
6.8450 0.00000000 0.0000e+00
6.8500 0.00000000 0.0000e+00
6.8550 0.00000000 0.0000e+00
6.8600 0.00000000 0.0000e+00
6.8650 0.00000000 0.0000e+00
6.8700 0.00000000 0.0000e+00
6.8750 0.00000000 0.0000e+00
6.8800 0.00000000 0.0000e+00
6.8850 0.00000000 0.0000e+00
6.8900 0.00000000 0.0000e+00
6.8950 0.00000000 0.0000e+00
6.9000 0.00000000 0.0000e+00
6.9050 0.00000000 0.0000e+00
6.9100 0.00000000 0.0000e+00
6.9150 0.00000000 0.0000e+00
6.9200 0.00000000 0.0000e+00
6.9250 0.00000000 0.0000e+00
6.9300 0.00000000 0.0000e+00
6.9350 0.00000000 0.0000e+00
6.9400 0.00000000 0.0000e+00
6.9450 0.00000000 0.0000e+00
6.9500 0.00000000 0.0000e+00
6.9550 0.00000000 0.0000e+00
6.9600 0.00000000 0.0000e+00
6.9650 0.00000000 0.0000e+00
6.9700 0.00000000 0.0000e+00
6.9750 0.00000000 0.0000e+00
6.9800 0.00000000 0.0000e+00
6.9850 0.00000000 0.0000e+00
6.9900 0.00000000 0.0000e+00
6.9950 0.00000000 0.0000e+00
7.0000 0.00000000 0.0000e+00
7.0050 0.00000000 0.0000e+00
7.0100 0.00000000 0.0000e+00
7.0150 0.00000000 0.0000e+00
7.0200 0.00000000 0.0000e+00
7.0250 0.00000000 0.0000e+00
7.0300 0.00000000 0.0000e+00
7.0350 0.00000000 0.0000e+00
7.0400 0.00000000 0.0000e+00
7.0450 0.00000000 0.0000e+00
7.0500 0.00000000 0.0000e+00
7.0550 0.00000000 0.0000e+00
7.0600 0.00000000 0.0000e+00
7.0650 0.00000000 0.0000e+00
7.0700 0.00000000 0.0000e+00
7.0750 0.00000000 0.0000e+00
7.0800 0.00000000 0.0000e+00
7.0850 0.00000000 0.0000e+00
7.0900 0.00000000 0.0000e+00
7.0950 0.00000000 0.0000e+00
7.1000 0.00000000 0.0000e+00
7.1050 0.00000000 0.0000e+00
7.1100 0.00000000 0.0000e+00
7.1150 0.00000000 0.0000e+00
7.1200 0.00000000 0.0000e+00
7.1250 0.00000000 0.0000e+00
7.1300 0.00000000 0.0000e+00
7.1350 0.00000000 0.0000e+00
7.1400 0.00000000 0.0000e+00
7.1450 0.00000000 0.0000e+00
7.1500 0.00000000 0.0000e+00
7.1550 0.00000000 0.0000e+00
7.1600 0.00000000 0.0000e+00
7.1650 0.00000000 0.0000e+00
7.1700 0.00000000 0.0000e+00
7.1750 0.00000000 0.0000e+00
7.1800 0.00000000 0.0000e+00
7.1850 0.00000000 0.0000e+00
7.1900 0.00000000 0.0000e+00
7.1950 0.00000000 0.0000e+00
7.2000 0.00000000 0.0000e+00
7.2050 0.00000000 0.0000e+00
7.2100 0.00000000 0.0000e+00
7.2150 0.00000000 0.0000e+00
7.2200 0.00000000 0.0000e+00
7.2250 0.00000000 0.0000e+00
7.2300 0.00000000 0.0000e+00
7.2350 0.00000000 0.0000e+00
7.2400 0.00000000 0.0000e+00
7.2450 0.00000000 0.0000e+00
7.2500 0.00000000 0.0000e+00
7.2550 0.00000000 0.0000e+00
7.2600 0.00000000 0.0000e+00
7.2650 0.00000000 0.0000e+00
7.2700 0.00000000 0.0000e+00
7.2750 0.00000000 0.0000e+00
7.2800 0.00000000 0.0000e+00
7.2850 0.00000000 0.0000e+00
7.2900 0.00000000 0.0000e+00
7.2950 0.00000000 0.0000e+00
7.3000 0.00000000 0.0000e+00
7.3050 0.00000000 0.0000e+00
7.3100 0.00000000 0.0000e+00
7.3150 0.00000000 0.0000e+00
7.3200 0.00000000 0.0000e+00
7.3250 0.00000000 0.0000e+00
7.3300 0.00000000 0.0000e+00
7.3350 0.00000000 0.0000e+00
7.3400 0.00000000 0.0000e+00
7.3450 0.00000000 0.0000e+00
7.3500 0.00000000 0.0000e+00
7.3550 0.00000000 0.0000e+00
7.3600 0.00000000 0.0000e+00
7.3650 0.00000000 0.0000e+00
7.3700 0.00000000 0.0000e+00
7.3750 0.00000000 0.0000e+00
7.3800 0.00000000 0.0000e+00
7.3850 0.00000000 0.0000e+00
7.3900 0.00000000 0.0000e+00
7.3950 0.00000000 0.0000e+00
7.4000 0.00000000 0.0000e+00
7.4050 0.00000000 0.0000e+00
7.4100 0.00000000 0.0000e+00
7.4150 0.00000000 0.0000e+00
7.4200 0.00000000 0.0000e+00
7.4250 0.00000000 0.0000e+00
7.4300 0.00000000 0.0000e+00
7.4350 0.00000000 0.0000e+00
7.4400 0.00000000 0.0000e+00
7.4450 0.00000000 0.0000e+00
7.4500 0.00000000 0.0000e+00
7.4550 0.00000000 0.0000e+00
7.4600 0.00000000 0.0000e+00
7.4650 0.00000000 0.0000e+00
7.4700 0.00000000 0.0000e+00
7.4750 0.00000000 0.0000e+00
7.4800 0.00000000 0.0000e+00
7.4850 0.00000000 0.0000e+00
7.4900 0.00000000 0.0000e+00
7.4950 0.00000000 0.0000e+00
7.5000 0.00000000 0.0000e+00
7.5050 0.00000000 0.0000e+00
7.5100 0.00000000 0.0000e+00
7.5150 0.00000000 0.0000e+00
7.5200 0.00000000 0.0000e+00
7.5250 0.00000000 0.0000e+00
7.5300 0.00000000 0.0000e+00
7.5350 0.00000000 0.0000e+00
7.5400 0.00000000 0.0000e+00
7.5450 0.00000000 0.0000e+00
7.5500 0.00000000 0.0000e+00
7.5550 0.00000000 0.0000e+00
7.5600 0.00000000 0.0000e+00
7.5650 0.00000000 0.0000e+00
7.5700 0.00000000 0.0000e+00
7.5750 0.00000000 0.0000e+00
7.5800 0.00000000 0.0000e+00
7.5850 0.00000000 0.0000e+00
7.5900 0.00000000 0.0000e+00
7.5950 0.00000000 0.0000e+00
7.6000 0.00000000 0.0000e+00
7.6050 0.00000000 0.0000e+00
7.6100 0.00000000 0.0000e+00
7.6150 0.00000000 0.0000e+00
7.6200 0.00000000 0.0000e+00
7.6250 0.00000000 0.0000e+00
7.6300 0.00000000 0.0000e+00
7.6350 0.00000000 0.0000e+00
7.6400 0.00000000 0.0000e+00
7.6450 0.00000000 0.0000e+00
7.6500 0.00000000 0.0000e+00
7.6550 0.00000000 0.0000e+00
7.6600 0.00000000 0.0000e+00
7.6650 0.00000000 0.0000e+00
7.6700 0.00000000 0.0000e+00
7.6750 0.00000000 0.0000e+00
7.6800 0.00000000 0.0000e+00
7.6850 0.00000000 0.0000e+00
7.6900 0.00000000 0.0000e+00
7.6950 0.00000000 0.0000e+00
7.7000 0.00000000 0.0000e+00
7.7050 0.00000000 0.0000e+00
7.7100 0.00000000 0.0000e+00
7.7150 0.00000000 0.0000e+00
7.7200 0.00000000 0.0000e+00
7.7250 0.00000000 0.0000e+00
7.7300 0.00000000 0.0000e+00
7.7350 0.00000000 0.0000e+00
7.7400 0.00000000 0.0000e+00
7.7450 0.00000000 0.0000e+00
7.7500 0.00000000 0.0000e+00
7.7550 0.00000000 0.0000e+00
7.7600 0.00000000 0.0000e+00
7.7650 0.00000000 0.0000e+00
7.7700 0.00000000 0.0000e+00
7.7750 0.00000000 0.0000e+00
7.7800 0.00000000 0.0000e+00
7.7850 0.00000000 0.0000e+00
7.7900 0.00000000 0.0000e+00
7.7950 0.00000000 0.0000e+00
7.8000 0.00000000 0.0000e+00
7.8050 0.00000000 0.0000e+00
7.8100 0.00000000 0.0000e+00
7.8150 0.00000000 0.0000e+00
7.8200 0.00000000 0.0000e+00
7.8250 0.00000000 0.0000e+00
7.8300 0.00000000 0.0000e+00
7.8350 0.00000000 0.0000e+00
7.8400 0.00000000 0.0000e+00
7.8450 0.00000000 0.0000e+00
7.8500 0.00000000 0.0000e+00
7.8550 0.00000000 0.0000e+00
7.8600 0.00000000 0.0000e+00
7.8650 0.00000000 0.0000e+00
7.8700 0.00000000 0.0000e+00
7.8750 0.00000000 0.0000e+00
7.8800 0.00000000 0.0000e+00
7.8850 0.00000000 0.0000e+00
7.8900 0.00000000 0.0000e+00
7.8950 0.00000000 0.0000e+00
7.9000 0.00000000 0.0000e+00
7.9050 0.00000000 0.0000e+00
7.9100 0.00000000 0.0000e+00
7.9150 0.00000000 0.0000e+00
7.9200 0.00000000 0.0000e+00
7.9250 0.00000000 0.0000e+00
7.9300 0.00000000 0.0000e+00
7.9350 0.00000000 0.0000e+00
7.9400 0.00000000 0.0000e+00
7.9450 0.00000000 0.0000e+00
7.9500 0.00000000 0.0000e+00
7.9550 0.00000000 0.0000e+00
7.9600 0.00000000 0.0000e+00
7.9650 0.00000000 0.0000e+00
7.9700 0.00000000 0.0000e+00
7.9750 0.00000000 0.0000e+00
7.9800 0.00000000 0.0000e+00
7.9850 0.00000000 0.0000e+00
7.9900 0.00000000 0.0000e+00
7.9950 0.00000000 0.0000e+00
8.0000 0.00000000 0.0000e+00
