0.0050 0.00000000 0.0000e+00
0.0100 0.00000000 0.0000e+00
0.0150 0.00000000 0.0000e+00
0.0200 0.00000000 0.0000e+00
0.0250 0.00000000 0.0000e+00
0.0300 0.00000000 0.0000e+00
0.0350 0.00000000 0.0000e+00
0.0400 0.00000000 0.0000e+00
0.0450 0.00000000 0.0000e+00
0.0500 0.00000000 0.0000e+00
0.0550 0.00000000 0.0000e+00
0.0600 0.00000000 0.0000e+00
0.0650 0.00000000 0.0000e+00
0.0700 0.00000000 0.0000e+00
0.0750 0.00000000 0.0000e+00
0.0800 0.00000000 0.0000e+00
0.0850 0.00000000 0.0000e+00
0.0900 0.00000000 0.0000e+00
0.0950 0.00000000 0.0000e+00
0.1000 0.00000000 0.0000e+00
0.1050 0.00000000 0.0000e+00
0.1100 0.00000000 0.0000e+00
0.1150 0.00000000 0.0000e+00
0.1200 0.00000000 0.0000e+00
0.1250 0.00000000 0.0000e+00
0.1300 0.00000000 0.0000e+00
0.1350 0.00000000 0.0000e+00
0.1400 0.00000000 0.0000e+00
0.1450 0.00000000 0.0000e+00
0.1500 0.00000000 0.0000e+00
0.1550 0.00000000 0.0000e+00
0.1600 0.00000000 0.0000e+00
0.1650 0.00000000 0.0000e+00
0.1700 0.00000000 0.0000e+00
0.1750 0.00000000 0.0000e+00
0.1800 0.00000000 0.0000e+00
0.1850 0.00000000 0.0000e+00
0.1900 0.00000000 0.0000e+00
0.1950 0.00000000 0.0000e+00
0.2000 0.00000000 0.0000e+00
0.2050 0.00000000 0.0000e+00
0.2100 0.00000000 0.0000e+00
0.2150 0.00000000 0.0000e+00
0.2200 0.00000000 0.0000e+00
0.2250 0.00000000 0.0000e+00
0.2300 0.00000000 0.0000e+00
0.2350 0.00000000 0.0000e+00
0.2400 0.00000000 0.0000e+00
0.2450 0.00000000 0.0000e+00
0.2500 0.00000000 0.0000e+00
0.2550 0.00000000 0.0000e+00
0.2600 0.00000000 0.0000e+00
0.2650 0.00000000 0.0000e+00
0.2700 0.00000000 0.0000e+00
0.2750 0.00000000 0.0000e+00
0.2800 0.00000000 0.0000e+00
0.2850 0.00000000 0.0000e+00
0.2900 0.00000000 0.0000e+00
0.2950 0.00000000 0.0000e+00
0.3000 0.00000000 0.0000e+00
0.3050 0.00000000 0.0000e+00
0.3100 0.00000000 0.0000e+00
0.3150 0.00000000 0.0000e+00
0.3200 0.00000000 0.0000e+00
0.3250 0.00000000 0.0000e+00
0.3300 0.00000000 0.0000e+00
0.3350 0.00000000 0.0000e+00
0.3400 0.00000000 0.0000e+00
0.3450 0.00000000 0.0000e+00
0.3500 0.00000000 0.0000e+00
0.3550 0.00000000 0.0000e+00
0.3600 0.00000000 0.0000e+00
0.3650 0.00000000 0.0000e+00
0.3700 0.00000000 0.0000e+00
0.3750 0.00000000 0.0000e+00
0.3800 0.00000000 0.0000e+00
0.3850 0.00000000 0.0000e+00
0.3900 0.00000000 0.0000e+00
0.3950 0.00000000 0.0000e+00
0.4000 0.00000000 0.0000e+00
0.4050 0.00000000 0.0000e+00
0.4100 0.00000000 0.0000e+00
0.4150 0.00000000 0.0000e+00
0.4200 0.00000000 0.0000e+00
0.4250 0.00000000 0.0000e+00
0.4300 0.00000000 0.0000e+00
0.4350 0.00000000 0.0000e+00
0.4400 0.00000000 0.0000e+00
0.4450 0.00000000 0.0000e+00
0.4500 0.00000000 0.0000e+00
0.4550 0.00000000 0.0000e+00
0.4600 0.00000000 0.0000e+00
0.4650 0.00000000 0.0000e+00
0.4700 0.00000000 0.0000e+00
0.4750 0.00000000 0.0000e+00
0.4800 0.00000000 0.0000e+00
0.4850 0.00000000 0.0000e+00
0.4900 0.00000000 0.0000e+00
0.4950 0.00000000 0.0000e+00
0.5000 0.00000000 0.0000e+00
0.5050 0.00000000 0.0000e+00
0.5100 0.00000000 0.0000e+00
0.5150 0.00000000 0.0000e+00
0.5200 0.00000000 0.0000e+00
0.5250 0.00000000 0.0000e+00
0.5300 0.00000000 0.0000e+00
0.5350 0.00000000 0.0000e+00
0.5400 0.00000000 0.0000e+00
0.5450 0.00000000 0.0000e+00
0.5500 0.00000000 0.0000e+00
0.5550 0.00000000 0.0000e+00
0.5600 0.00000000 0.0000e+00
0.5650 0.00000000 0.0000e+00
0.5700 0.00000000 0.0000e+00
0.5750 0.00000000 0.0000e+00
0.5800 0.00000000 0.0000e+00
0.5850 0.00000000 0.0000e+00
0.5900 0.00000000 0.0000e+00
0.5950 0.00000000 0.0000e+00
0.6000 0.00000000 0.0000e+00
0.6050 0.00000000 0.0000e+00
0.6100 0.00000000 0.0000e+00
0.6150 0.00000000 0.0000e+00
0.6200 0.00000000 0.0000e+00
0.6250 0.00000000 0.0000e+00
0.6300 0.00000000 0.0000e+00
0.6350 0.00000000 0.0000e+00
0.6400 0.00000000 0.0000e+00
0.6450 0.00000000 0.0000e+00
0.6500 0.00000000 0.0000e+00
0.6550 0.00000000 0.0000e+00
0.6600 0.00000000 0.0000e+00
0.6650 0.00000000 0.0000e+00
0.6700 0.00000000 0.0000e+00
0.6750 0.00000000 0.0000e+00
0.6800 0.00000000 0.0000e+00
0.6850 0.00000000 0.0000e+00
0.6900 0.00000000 0.0000e+00
0.6950 0.00000000 0.0000e+00
0.7000 0.00000000 0.0000e+00
0.7050 0.00000000 0.0000e+00
0.7100 0.00000000 0.0000e+00
0.7150 0.00000000 0.0000e+00
0.7200 0.00000000 0.0000e+00
0.7250 0.00000000 0.0000e+00
0.7300 0.00000000 0.0000e+00
0.7350 0.00000000 0.0000e+00
0.7400 0.00000000 0.0000e+00
0.7450 0.00000000 0.0000e+00
0.7500 0.00000000 0.0000e+00
0.7550 0.00000000 0.0000e+00
0.7600 0.00000000 0.0000e+00
0.7650 0.00000000 0.0000e+00
0.7700 0.00000000 0.0000e+00
0.7750 0.00000000 0.0000e+00
0.7800 0.00000000 0.0000e+00
0.7850 0.00000000 0.0000e+00
0.7900 0.00000000 0.0000e+00
0.7950 0.00000000 0.0000e+00
0.8000 0.00000000 0.0000e+00
0.8050 0.00000000 0.0000e+00
0.8100 0.00000000 0.0000e+00
0.8150 0.00000000 0.0000e+00
0.8200 0.00000000 0.0000e+00
0.8250 0.00000000 0.0000e+00
0.8300 0.00000000 0.0000e+00
0.8350 0.00000000 0.0000e+00
0.8400 0.00000000 0.0000e+00
0.8450 0.00000000 0.0000e+00
0.8500 0.00000000 0.0000e+00
0.8550 0.00000000 0.0000e+00
0.8600 0.00000000 0.0000e+00
0.8650 0.00000000 0.0000e+00
0.8700 0.00000000 0.0000e+00
0.8750 0.00000000 0.0000e+00
0.8800 0.00000000 0.0000e+00
0.8850 0.00000000 0.0000e+00
0.8900 0.00000000 0.0000e+00
0.8950 0.00000000 0.0000e+00
0.9000 0.00000000 0.0000e+00
0.9050 0.00000000 0.0000e+00
0.9100 0.00000000 0.0000e+00
0.9150 0.00000000 0.0000e+00
0.9200 0.00000000 0.0000e+00
0.9250 0.00000000 0.0000e+00
0.9300 0.00000000 0.0000e+00
0.9350 0.00000000 0.0000e+00
0.9400 0.00000000 0.0000e+00
0.9450 0.00000000 0.0000e+00
0.9500 0.00000000 0.0000e+00
0.9550 0.00000000 0.0000e+00
0.9600 0.00000000 0.0000e+00
0.9650 0.00000000 0.0000e+00
0.9700 0.00000000 0.0000e+00
0.9750 0.00000000 0.0000e+00
0.9800 0.00000000 0.0000e+00
0.9850 0.00000000 0.0000e+00
0.9900 0.00000000 0.0000e+00
0.9950 0.00000000 0.0000e+00
1.0000 0.00000000 0.0000e+00
1.0050 0.00000000 0.0000e+00
1.0100 0.00000000 0.0000e+00
1.0150 0.00000000 0.0000e+00
1.0200 0.00000000 0.0000e+00
1.0250 0.00000000 0.0000e+00
1.0300 0.00000000 0.0000e+00
1.0350 0.00000000 0.0000e+00
1.0400 0.00000000 0.0000e+00
1.0450 0.00000000 0.0000e+00
1.0500 0.00000000 0.0000e+00
1.0550 0.00000000 0.0000e+00
1.0600 0.00000000 0.0000e+00
1.0650 0.00000000 0.0000e+00
1.0700 0.00000000 0.0000e+00
1.0750 0.00000000 0.0000e+00
1.0800 0.00000000 0.0000e+00
1.0850 0.00000000 0.0000e+00
1.0900 0.00000000 0.0000e+00
1.0950 0.00000000 0.0000e+00
1.1000 0.00000000 0.0000e+00
1.1050 0.00000000 0.0000e+00
1.1100 0.00000000 0.0000e+00
1.1150 0.00000000 0.0000e+00
1.1200 0.00000000 0.0000e+00
1.1250 0.00000000 0.0000e+00
1.1300 0.00000000 0.0000e+00
1.1350 0.00000000 0.0000e+00
1.1400 0.00000000 0.0000e+00
1.1450 0.00000000 0.0000e+00
1.1500 0.00000000 0.0000e+00
1.1550 0.00000000 0.0000e+00
1.1600 0.00000000 0.0000e+00
1.1650 0.00000000 0.0000e+00
1.1700 0.00000000 0.0000e+00
1.1750 0.00000000 0.0000e+00
1.1800 0.00000000 0.0000e+00
1.1850 0.00000000 0.0000e+00
1.1900 0.00000000 0.0000e+00
1.1950 0.00000000 0.0000e+00
1.2000 0.00000000 0.0000e+00
1.2050 0.00000000 0.0000e+00
1.2100 0.00000000 0.0000e+00
1.2150 0.00000000 0.0000e+00
1.2200 0.00000000 0.0000e+00
1.2250 0.00000000 0.0000e+00
1.2300 0.00000000 0.0000e+00
1.2350 0.00000000 0.0000e+00
1.2400 0.00000000 0.0000e+00
1.2450 0.00000000 0.0000e+00
1.2500 0.00000000 0.0000e+00
1.2550 0.00000000 0.0000e+00
1.2600 0.00000000 0.0000e+00
1.2650 0.00000000 0.0000e+00
1.2700 0.00000000 0.0000e+00
1.2750 0.00000000 0.0000e+00
1.2800 0.00000000 0.0000e+00
1.2850 0.00000000 0.0000e+00
1.2900 0.00000000 0.0000e+00
1.2950 0.00000000 0.0000e+00
1.3000 0.00000000 0.0000e+00
1.3050 0.00000000 0.0000e+00
1.3100 0.00000000 0.0000e+00
1.3150 0.00000000 0.0000e+00
1.3200 0.00000000 0.0000e+00
1.3250 0.00000000 0.0000e+00
1.3300 0.00000000 0.0000e+00
1.3350 0.00000000 0.0000e+00
1.3400 0.00000000 0.0000e+00
1.3450 0.00000000 0.0000e+00
1.3500 0.00000000 0.0000e+00
1.3550 0.00000000 0.0000e+00
1.3600 0.00000000 0.0000e+00
1.3650 0.00000000 0.0000e+00
1.3700 0.00000000 0.0000e+00
1.3750 0.00000000 0.0000e+00
1.3800 0.00000000 0.0000e+00
1.3850 0.00000000 0.0000e+00
1.3900 0.00000000 0.0000e+00
1.3950 0.00000000 0.0000e+00
1.4000 0.00000000 0.0000e+00
1.4050 0.00000000 0.0000e+00
1.4100 0.00000000 0.0000e+00
1.4150 0.00000000 0.0000e+00
1.4200 0.00000000 0.0000e+00
1.4250 0.00000000 0.0000e+00
1.4300 0.00000000 0.0000e+00
1.4350 0.00000000 0.0000e+00
1.4400 0.00000000 0.0000e+00
1.4450 0.00000000 0.0000e+00
1.4500 0.00000000 0.0000e+00
1.4550 0.00000000 0.0000e+00
1.4600 0.00000000 0.0000e+00
1.4650 0.00000000 0.0000e+00
1.4700 0.00000000 0.0000e+00
1.4750 0.00000000 0.0000e+00
1.4800 0.00000000 0.0000e+00
1.4850 0.00000000 0.0000e+00
1.4900 0.00000000 0.0000e+00
1.4950 0.00000000 0.0000e+00
1.5000 0.00000000 0.0000e+00
1.5050 0.00000000 0.0000e+00
1.5100 0.00000000 0.0000e+00
1.5150 0.00000000 0.0000e+00
1.5200 0.00000000 0.0000e+00
1.5250 0.00000000 0.0000e+00
1.5300 0.00000000 0.0000e+00
1.5350 0.00000000 0.0000e+00
1.5400 0.00000000 0.0000e+00
1.5450 0.00000000 0.0000e+00
1.5500 0.00000000 0.0000e+00
1.5550 0.00000000 0.0000e+00
1.5600 0.00000000 0.0000e+00
1.5650 0.00000000 0.0000e+00
1.5700 0.00000000 0.0000e+00
1.5750 0.00000000 0.0000e+00
1.5800 0.00000000 0.0000e+00
1.5850 0.00000000 0.0000e+00
1.5900 0.00000000 0.0000e+00
1.5950 0.00000000 0.0000e+00
1.6000 0.00000000 0.0000e+00
1.6050 0.00000000 0.0000e+00
1.6100 0.00000000 0.0000e+00
1.6150 0.00000000 0.0000e+00
1.6200 0.00000000 0.0000e+00
1.6250 0.00000000 0.0000e+00
1.6300 0.00000000 0.0000e+00
1.6350 0.00000000 0.0000e+00
1.6400 0.00000000 0.0000e+00
1.6450 0.00000000 0.0000e+00
1.6500 0.00000000 0.0000e+00
1.6550 0.00000000 0.0000e+00
1.6600 0.00000000 0.0000e+00
1.6650 0.00000000 0.0000e+00
1.6700 0.00000000 0.0000e+00
1.6750 0.00000000 0.0000e+00
1.6800 0.00000000 0.0000e+00
1.6850 0.00000000 0.0000e+00
1.6900 0.00000000 0.0000e+00
1.6950 0.00000000 0.0000e+00
1.7000 0.00000000 0.0000e+00
1.7050 0.00000000 0.0000e+00
1.7100 0.00000000 0.0000e+00
1.7150 0.00000000 0.0000e+00
1.7200 0.00000000 0.0000e+00
1.7250 0.00000000 0.0000e+00
1.7300 0.00000000 0.0000e+00
1.7350 0.00000000 0.0000e+00
1.7400 0.00000000 0.0000e+00
1.7450 0.00000000 0.0000e+00
1.7500 0.00000000 0.0000e+00
1.7550 0.00000000 0.0000e+00
1.7600 0.00000000 0.0000e+00
1.7650 0.00000000 0.0000e+00
1.7700 0.00000000 0.0000e+00
1.7750 0.00000000 0.0000e+00
1.7800 0.00000000 0.0000e+00
1.7850 0.00000000 0.0000e+00
1.7900 0.00000000 0.0000e+00
1.7950 0.00000000 0.0000e+00
1.8000 0.00000000 0.0000e+00
1.8050 0.00000000 0.0000e+00
1.8100 0.00000000 0.0000e+00
1.8150 0.00000000 0.0000e+00
1.8200 0.00000000 0.0000e+00
1.8250 0.00000000 0.0000e+00
1.8300 0.00000000 0.0000e+00
1.8350 0.00000000 0.0000e+00
1.8400 0.00000000 0.0000e+00
1.8450 0.00000000 0.0000e+00
1.8500 0.00000000 0.0000e+00
1.8550 0.00000000 0.0000e+00
1.8600 0.00000000 0.0000e+00
1.8650 0.00000000 0.0000e+00
1.8700 0.00000000 0.0000e+00
1.8750 0.00000000 0.0000e+00
1.8800 0.00000000 0.0000e+00
1.8850 0.00000000 0.0000e+00
1.8900 0.00000000 0.0000e+00
1.8950 0.00000000 0.0000e+00
1.9000 0.00000000 0.0000e+00
1.9050 0.00000000 0.0000e+00
1.9100 0.00000000 0.0000e+00
1.9150 0.00000000 0.0000e+00
1.9200 0.00000000 0.0000e+00
1.9250 0.00000000 0.0000e+00
1.9300 0.00000000 0.0000e+00
1.9350 0.00000000 0.0000e+00
1.9400 0.00000000 0.0000e+00
1.9450 0.00000000 0.0000e+00
1.9500 0.00000000 0.0000e+00
1.9550 0.00000000 0.0000e+00
1.9600 0.00000000 0.0000e+00
1.9650 0.00000000 0.0000e+00
1.9700 0.00000000 0.0000e+00
1.9750 0.00000000 0.0000e+00
1.9800 0.00000000 0.0000e+00
1.9850 0.00000000 0.0000e+00
1.9900 0.00000000 0.0000e+00
1.9950 0.00000000 0.0000e+00
2.0000 0.00000000 0.0000e+00
2.0050 0.00000000 0.0000e+00
2.0100 0.00000000 0.0000e+00
2.0150 0.00000000 0.0000e+00
2.0200 0.00000000 0.0000e+00
2.0250 0.00000000 0.0000e+00
2.0300 0.00000000 0.0000e+00
2.0350 0.00000000 0.0000e+00
2.0400 0.00000000 0.0000e+00
2.0450 0.00000000 0.0000e+00
2.0500 0.00000000 0.0000e+00
2.0550 0.00000000 0.0000e+00
2.0600 0.00000000 0.0000e+00
2.0650 0.00000000 0.0000e+00
2.0700 0.00000000 0.0000e+00
2.0750 0.00000000 0.0000e+00
2.0800 0.00000000 0.0000e+00
2.0850 0.00000000 0.0000e+00
2.0900 0.00000000 0.0000e+00
2.0950 0.00000000 0.0000e+00
2.1000 0.00000000 0.0000e+00
2.1050 0.00000000 0.0000e+00
2.1100 0.00000000 0.0000e+00
2.1150 0.00918888 6.2075e+10
2.1200 0.00960631 6.4894e+10
2.1250 0.01002373 6.7714e+10
2.1300 0.01044115 7.0534e+10
2.1350 0.01085857 7.3354e+10
2.1400 0.01127600 7.6174e+10
2.1450 0.01169342 7.8994e+10
2.1500 0.01211084 8.1814e+10
2.1550 0.01252826 8.4634e+10
2.1600 0.01294568 8.7453e+10
2.1650 0.01336311 9.0273e+10
2.1700 0.01378053 9.3093e+10
2.1750 0.01419795 9.5913e+10
2.1800 0.01461537 9.8733e+10
2.1850 0.01503280 1.0155e+11
2.1900 0.01545022 1.0437e+11
2.1950 0.01586764 1.0719e+11
2.2000 0.01628506 1.1001e+11
2.2050 0.01670249 1.1283e+11
2.2100 0.01711991 1.1565e+11
2.2150 0.01753733 1.1847e+11
2.2200 0.01795475 1.2129e+11
2.2250 0.01837218 1.2411e+11
2.2300 0.01878960 1.2693e+11
2.2350 0.01920702 1.2975e+11
2.2400 0.01962444 1.3257e+11
2.2450 0.02004187 1.3539e+11
2.2500 0.02045929 1.3821e+11
2.2550 0.02087671 1.4103e+11
2.2600 0.02129413 1.4385e+11
2.2650 0.02171156 1.4667e+11
2.2700 0.02212898 1.4949e+11
2.2750 0.02254640 1.5231e+11
2.2800 0.02296382 1.5513e+11
2.2850 0.02338124 1.5795e+11
2.2900 0.02379867 1.6077e+11
2.2950 0.02421609 1.6359e+11
2.3000 0.02463351 1.6641e+11
2.3050 0.02505093 1.6923e+11
2.3100 0.02546836 1.7205e+11
2.3150 0.02588578 1.7487e+11
2.3200 0.02630320 1.7769e+11
2.3250 0.02672062 1.8051e+11
2.3300 0.02713805 1.8333e+11
2.3350 0.02755547 1.8615e+11
2.3400 0.02797289 1.8897e+11
2.3450 0.02839031 1.9179e+11
2.3500 0.02880774 1.9461e+11
2.3550 0.02922516 1.9743e+11
2.3600 0.02964258 2.0025e+11
2.3650 0.03006000 2.0307e+11
2.3700 0.03047743 2.0589e+11
2.3750 0.03089485 2.0871e+11
2.3800 0.03131227 2.1153e+11
2.3850 0.03172969 2.1435e+11
2.3900 0.03214712 2.1717e+11
2.3950 0.03256454 2.1999e+11
2.4000 0.03298196 2.2281e+11
2.4050 0.03339938 2.2563e+11
2.4100 0.03381680 2.2845e+11
2.4150 0.03423775 2.3129e+11
2.4200 0.03531667 2.3858e+11
2.4250 0.03639558 2.4587e+11
2.4300 0.03747450 2.5316e+11
2.4350 0.03855341 2.6044e+11
2.4400 0.03963232 2.6773e+11
2.4450 0.04071124 2.7502e+11
2.4500 0.04179015 2.8231e+11
2.4550 0.04286907 2.8960e+11
2.4600 0.04394798 2.9689e+11
2.4650 0.04502689 3.0417e+11
2.4700 0.04610581 3.1146e+11
2.4750 0.04718472 3.1875e+11
2.4800 0.04826363 3.2604e+11
2.4850 0.04934255 3.3333e+11
2.4900 0.05042146 3.4062e+11
2.4950 0.05150038 3.4791e+11
2.5000 0.05257929 3.5519e+11
2.5050 0.05365820 3.6248e+11
2.5100 0.05473712 3.6977e+11
2.5150 0.05581603 3.7706e+11
2.5200 0.05689495 3.8435e+11
2.5250 0.05797386 3.9164e+11
2.5300 0.05905277 3.9893e+11
2.5350 0.06013169 4.0621e+11
2.5400 0.06121060 4.1350e+11
2.5450 0.06228952 4.2079e+11
2.5500 0.06336843 4.2808e+11
2.5550 0.06444734 4.3537e+11
2.5600 0.06552626 4.4266e+11
2.5650 0.06660517 4.4994e+11
2.5700 0.06768409 4.5723e+11
2.5750 0.06876300 4.6452e+11
2.5800 0.06984191 4.7181e+11
2.5850 0.07092083 4.7910e+11
2.5900 0.07199974 4.8639e+11
2.5950 0.07373415 4.9810e+11
2.6000 0.07564587 5.1102e+11
2.6050 0.07755760 5.2393e+11
2.6100 0.07946933 5.3685e+11
2.6150 0.08138106 5.4976e+11
2.6200 0.08329278 5.6268e+11
2.6250 0.08520451 5.7559e+11
2.6300 0.08711624 5.8851e+11
2.6350 0.08902796 6.0142e+11
2.6400 0.09093969 6.1433e+11
2.6450 0.09285142 6.2725e+11
2.6500 0.09476315 6.4016e+11
2.6550 0.09667487 6.5308e+11
2.6600 0.09858660 6.6599e+11
2.6650 0.10049833 6.7891e+11
2.6700 0.10241006 6.9182e+11
2.6750 0.10432178 7.0474e+11
2.6800 0.10623351 7.1765e+11
2.6850 0.10814524 7.3057e+11
2.6900 0.11005696 7.4348e+11
2.6950 0.11196869 7.5639e+11
2.7000 0.11388042 7.6931e+11
2.7050 0.11579215 7.8222e+11
2.7100 0.11770387 7.9514e+11
2.7150 0.11961560 8.0805e+11
2.7200 0.12225919 8.2591e+11
2.7250 0.12508650 8.4501e+11
2.7300 0.12791381 8.6411e+11
2.7350 0.13074113 8.8321e+11
2.7400 0.13356844 9.0231e+11
2.7450 0.13639575 9.2141e+11
2.7500 0.13922307 9.4051e+11
2.7550 0.14205038 9.5961e+11
2.7600 0.14487769 9.7871e+11
2.7650 0.14770501 9.9781e+11
2.7700 0.15053232 1.0169e+12
2.7750 0.15335963 1.0360e+12
2.7800 0.15618695 1.0551e+12
2.7850 0.15901426 1.0742e+12
2.7900 0.16184157 1.0933e+12
2.7950 0.16466889 1.1124e+12
2.8000 0.16749620 1.1315e+12
2.8050 0.17032351 1.1506e+12
2.8100 0.17315083 1.1697e+12
2.8150 0.17637161 1.1915e+12
2.8200 0.18014176 1.2169e+12
2.8250 0.18391191 1.2424e+12
2.8300 0.18768206 1.2679e+12
2.8350 0.19145221 1.2933e+12
2.8400 0.19522236 1.3188e+12
2.8450 0.19899251 1.3443e+12
2.8500 0.20276266 1.3697e+12
2.8550 0.20653281 1.3952e+12
2.8600 0.21030296 1.4207e+12
2.8650 0.21407311 1.4462e+12
2.8700 0.21784326 1.4716e+12
2.8750 0.22161341 1.4971e+12
2.8800 0.22538355 1.5226e+12
2.8850 0.22915370 1.5480e+12
2.8900 0.23292385 1.5735e+12
2.8950 0.23721349 1.6025e+12
2.9000 0.24187764 1.6340e+12
2.9050 0.24654180 1.6655e+12
2.9100 0.25120595 1.6970e+12
2.9150 0.25587010 1.7285e+12
2.9200 0.26053426 1.7600e+12
2.9250 0.26519841 1.7915e+12
2.9300 0.26986256 1.8230e+12
2.9350 0.27452672 1.8545e+12
2.9400 0.27919087 1.8860e+12
2.9450 0.28385503 1.9176e+12
2.9500 0.28851918 1.9491e+12
2.9550 0.29318333 1.9806e+12
2.9600 0.29799827 2.0131e+12
2.9650 0.30344890 2.0499e+12
2.9700 0.30889953 2.0867e+12
2.9750 0.31435016 2.1236e+12
2.9800 0.31980079 2.1604e+12
2.9850 0.32525142 2.1972e+12
2.9900 0.33070205 2.2340e+12
2.9950 0.33615268 2.2708e+12
3.0000 0.34160331 2.3077e+12
3.0050 0.34705394 2.3445e+12
3.0100 0.35250457 2.3813e+12
3.0150 0.35795520 2.4181e+12
3.0200 0.36380609 2.4577e+12
3.0250 0.36993132 2.4990e+12
3.0300 0.37605655 2.5404e+12
3.0350 0.38218178 2.5818e+12
3.0400 0.38830701 2.6232e+12
3.0450 0.39443224 2.6646e+12
3.0500 0.40055747 2.7059e+12
3.0550 0.40668270 2.7473e+12
3.0600 0.41280793 2.7887e+12
3.0650 0.41893316 2.8301e+12
3.0700 0.42530555 2.8731e+12
3.0750 0.43211196 2.9191e+12
3.0800 0.43891838 2.9651e+12
3.0850 0.44572480 3.0111e+12
3.0900 0.45253122 3.0570e+12
3.0950 0.45933764 3.1030e+12
3.1000 0.46614406 3.1490e+12
3.1050 0.47295048 3.1950e+12
3.1100 0.47975690 3.2410e+12
3.1150 0.48662205 3.2873e+12
3.1200 0.49370640 3.3352e+12
3.1250 0.50079075 3.3830e+12
3.1300 0.50787510 3.4309e+12
3.1350 0.51495944 3.4788e+12
3.1400 0.52204379 3.5266e+12
3.1450 0.52912814 3.5745e+12
3.1500 0.53621249 3.6223e+12
3.1550 0.54329684 3.6702e+12
3.1600 0.55078614 3.7208e+12
3.1650 0.55830462 3.7716e+12
3.1700 0.56582310 3.8224e+12
3.1750 0.57334158 3.8732e+12
3.1800 0.58086005 3.9239e+12
3.1850 0.58837853 3.9747e+12
3.1900 0.59589701 4.0255e+12
3.1950 0.60353322 4.0771e+12
3.2000 0.61136558 4.1300e+12
3.2050 0.61919794 4.1829e+12
3.2100 0.62703030 4.2358e+12
3.2150 0.63486266 4.2888e+12
3.2200 0.64269502 4.3417e+12
3.2250 0.65052737 4.3946e+12
3.2300 0.65833235 4.4473e+12
3.2350 0.66609991 4.4998e+12
3.2400 0.67386748 4.5522e+12
3.2450 0.68163505 4.6047e+12
3.2500 0.68940261 4.6572e+12
3.2550 0.69717018 4.7097e+12
3.2600 0.70493774 4.7621e+12
3.2650 0.71310026 4.8173e+12
3.2700 0.72126850 4.8725e+12
3.2750 0.72943674 4.9276e+12
3.2800 0.73760498 4.9828e+12
3.2850 0.74577322 5.0380e+12
3.2900 0.75394146 5.0932e+12
3.2950 0.76146810 5.1440e+12
3.3000 0.76899027 5.1948e+12
3.3050 0.77651244 5.2457e+12
3.3100 0.78403460 5.2965e+12
3.3150 0.79155677 5.3473e+12
3.3200 0.79910715 5.3983e+12
3.3250 0.80670214 5.4496e+12
3.3300 0.81429713 5.5009e+12
3.3350 0.82189212 5.5522e+12
3.3400 0.82948711 5.6035e+12
3.3450 0.83709862 5.6549e+12
3.3500 0.84482949 5.7072e+12
3.3550 0.85256036 5.7594e+12
3.3600 0.86029123 5.8116e+12
3.3650 0.86802211 5.8638e+12
3.3700 0.87562494 5.9152e+12
3.3750 0.88253942 5.9619e+12
3.3800 0.88945390 6.0086e+12
3.3850 0.89636837 6.0553e+12
3.3900 0.90328285 6.1020e+12
3.3950 0.91017611 6.1486e+12
3.4000 0.91704452 6.1950e+12
3.4050 0.92391294 6.2414e+12
3.4100 0.93078135 6.2878e+12
3.4150 0.93764297 6.3342e+12
3.4200 0.94323676 6.3719e+12
3.4250 0.94883055 6.4097e+12
3.4300 0.95442434 6.4475e+12
3.4350 0.96001812 6.4853e+12
3.4400 0.96654638 6.5294e+12
3.4450 0.97335777 6.5754e+12
3.4500 0.98016916 6.6214e+12
3.4550 0.98698054 6.6675e+12
3.4600 0.99287235 6.7073e+12
3.4650 0.99841848 6.7447e+12
3.4700 1.00396462 6.7822e+12
3.4750 1.00951075 6.8197e+12
3.4800 1.01409155 6.8506e+12
3.4850 1.01852269 6.8805e+12
3.4900 1.02295382 6.9105e+12
3.4950 1.02747986 6.9410e+12
3.5000 1.03247234 6.9748e+12
3.5050 1.03746481 7.0085e+12
3.5100 1.04245728 7.0422e+12
3.5150 1.04711237 7.0737e+12
3.5200 1.05156358 7.1037e+12
3.5250 1.05601479 7.1338e+12
3.5300 1.06013682 7.1617e+12
3.5350 1.06306867 7.1815e+12
3.5400 1.06600053 7.2013e+12
3.5450 1.06893238 7.2211e+12
3.5500 1.07145991 7.2381e+12
3.5550 1.07396097 7.2550e+12
3.5600 1.07646204 7.2719e+12
3.5650 1.07954184 7.2927e+12
3.5700 1.08278514 7.3147e+12
3.5750 1.08602843 7.3366e+12
3.5800 1.08823865 7.3515e+12
3.5850 1.09007010 7.3639e+12
3.5900 1.09190156 7.3762e+12
3.5950 1.09336058 7.3861e+12
3.6000 1.09471884 7.3953e+12
3.6050 1.09607710 7.4044e+12
3.6100 1.09733710 7.4130e+12
3.6150 1.09859071 7.4214e+12
3.6200 1.09946521 7.4273e+12
3.6250 1.09862811 7.4217e+12
3.6300 1.09779101 7.4160e+12
3.6350 1.09704890 7.4110e+12
3.6400 1.09639857 7.4066e+12
3.6450 1.09574825 7.4022e+12
3.6500 1.09696784 7.4105e+12
3.6550 1.09835992 7.4199e+12
3.6600 1.09800196 7.4174e+12
3.6650 1.09499387 7.3971e+12
3.6700 1.09198579 7.3768e+12
3.6750 1.09167525 7.3747e+12
3.6800 1.09150421 7.3736e+12
3.6850 1.08884050 7.3556e+12
3.6900 1.08430389 7.3249e+12
3.6950 1.08048691 7.2991e+12
3.7000 1.07877670 7.2876e+12
3.7050 1.07706649 7.2760e+12
3.7100 1.07380908 7.2540e+12
3.7150 1.07054920 7.2320e+12
3.7200 1.06665802 7.2057e+12
3.7250 1.06260834 7.1784e+12
3.7300 1.05868043 7.1518e+12
3.7350 1.05481678 7.1257e+12
3.7400 1.05069475 7.0979e+12
3.7450 1.04637090 7.0687e+12
3.7500 1.04100860 7.0324e+12
3.7550 1.03467862 6.9897e+12
3.7600 1.02915112 6.9523e+12
3.7650 1.02436201 6.9200e+12
3.7700 1.01958802 6.8877e+12
3.7750 1.01482549 6.8556e+12
3.7800 1.00946759 6.8194e+12
3.7850 1.00380266 6.7811e+12
3.7900 0.99621630 6.7298e+12
3.7950 0.98812457 6.6752e+12
3.8000 0.98049297 6.6236e+12
3.8050 0.97289673 6.5723e+12
3.8100 0.96538574 6.5216e+12
3.8150 0.95709190 6.4655e+12
3.8200 0.94770506 6.4021e+12
3.8250 0.94190828 6.3630e+12
3.8300 0.93756135 6.3336e+12
3.8350 0.92313152 6.2361e+12
3.8400 0.91192668 6.1604e+12
3.8450 0.90655187 6.1241e+12
3.8500 0.90003172 6.0801e+12
3.8550 0.89238020 6.0284e+12
3.8600 0.88030284 5.9468e+12
3.8650 0.86931774 5.8726e+12
3.8700 0.85919143 5.8042e+12
3.8750 0.85031688 5.7442e+12
3.8800 0.84180726 5.6868e+12
3.8850 0.83342978 5.6302e+12
3.8900 0.82043472 5.5424e+12
3.8950 0.81249543 5.4887e+12
3.9000 0.80692320 5.4511e+12
3.9050 0.79383831 5.3627e+12
3.9100 0.77987799 5.2684e+12
3.9150 0.76735786 5.1838e+12
3.9200 0.75820391 5.1220e+12
3.9250 0.74616261 5.0406e+12
3.9300 0.73429331 4.9604e+12
3.9350 0.72445421 4.8940e+12
3.9400 0.71896173 4.8569e+12
3.9450 0.70513094 4.7634e+12
3.9500 0.69355392 4.6852e+12
3.9550 0.68205308 4.6075e+12
3.9600 0.66865497 4.5170e+12
3.9650 0.65183837 4.4034e+12
3.9700 0.64287522 4.3429e+12
3.9750 0.63662095 4.3006e+12
3.9800 0.62424874 4.2171e+12
3.9850 0.60804583 4.1076e+12
3.9900 0.59573234 4.0244e+12
3.9950 0.58553080 3.9555e+12
4.0000 0.57294768 3.8705e+12
4.0050 0.56545906 3.8199e+12
4.0100 0.54977348 3.7139e+12
4.0150 0.53937643 3.6437e+12
4.0200 0.53153247 3.5907e+12
4.0250 0.51873350 3.5043e+12
4.0300 0.50539900 3.4142e+12
4.0350 0.49602413 3.3508e+12
4.0400 0.48345727 3.2660e+12
4.0450 0.46832057 3.1637e+12
4.0500 0.45772482 3.0921e+12
4.0550 0.44810593 3.0271e+12
4.0600 0.43864444 2.9632e+12
4.0650 0.42507230 2.8715e+12
4.0700 0.41097502 2.7763e+12
4.0750 0.40062654 2.7064e+12
4.0800 0.38628133 2.6095e+12
4.0850 0.37784766 2.5525e+12
4.0900 0.37177729 2.5115e+12
4.0950 0.35894720 2.4248e+12
4.1000 0.34685852 2.3432e+12
4.1050 0.33580729 2.2685e+12
4.1100 0.33159413 2.2401e+12
4.1150 0.32078272 2.1670e+12
4.1200 0.30762373 2.0781e+12
4.1250 0.29654260 2.0033e+12
4.1300 0.28757630 1.9427e+12
4.1350 0.27774765 1.8763e+12
4.1400 0.26744285 1.8067e+12
4.1450 0.25792879 1.7424e+12
4.1500 0.25141983 1.6984e+12
4.1550 0.24030449 1.6234e+12
4.1600 0.23070438 1.5585e+12
4.1650 0.22786103 1.5393e+12
4.1700 0.21564284 1.4568e+12
4.1750 0.20944081 1.4149e+12
4.1800 0.20080509 1.3565e+12
4.1850 0.19128164 1.2922e+12
4.1900 0.18310116 1.2369e+12
4.1950 0.17757709 1.1996e+12
4.2000 0.16847884 1.1381e+12
4.2050 0.16651896 1.1249e+12
4.2100 0.15534318 1.0494e+12
4.2150 0.14602727 9.8647e+11
4.2200 0.14166195 9.5698e+11
4.2250 0.13552041 9.1550e+11
4.2300 0.12977392 8.7668e+11
4.2350 0.12415697 8.3873e+11
4.2400 0.11666286 7.8810e+11
4.2450 0.11154656 7.5354e+11
4.2500 0.10993984 7.4269e+11
4.2550 0.10143968 6.8527e+11
4.2600 0.09977573 6.7403e+11
4.2650 0.09040491 6.1072e+11
4.2700 0.08854722 5.9817e+11
4.2750 0.08693932 5.8731e+11
4.2800 0.07922564 5.3520e+11
4.2850 0.07491223 5.0606e+11
4.2900 0.07005649 4.7326e+11
4.2950 0.06498627 4.3901e+11
4.3000 0.06118239 4.1331e+11
4.3050 0.05795466 3.9151e+11
4.3100 0.05616507 3.7942e+11
4.3150 0.05191379 3.5070e+11
4.3200 0.04928299 3.3293e+11
4.3250 0.04559528 3.0801e+11
4.3300 0.04437578 2.9978e+11
4.3350 0.04171247 2.8178e+11
4.3400 0.03785260 2.5571e+11
4.3450 0.03790013 2.5603e+11
4.3500 0.03110093 2.1010e+11
4.3550 0.03197845 2.1603e+11
4.3600 0.02810626 1.8987e+11
4.3650 0.02673113 1.8058e+11
4.3700 0.02566883 1.7340e+11
4.3750 0.02384946 1.6111e+11
4.3800 0.02131683 1.4400e+11
4.3850 0.02390877 1.6151e+11
4.3900 0.01953832 1.3199e+11
4.3950 0.01851544 1.2508e+11
4.4000 0.01593588 1.0765e+11
4.4050 0.01466618 9.9076e+10
4.4100 0.01340008 9.0523e+10
4.4150 0.01389376 9.3858e+10
4.4200 0.01163619 7.8607e+10
4.4250 0.01129530 7.6304e+10
4.4300 0.00971838 6.5652e+10
4.4350 0.00939887 6.3493e+10
4.4400 0.00874109 5.9050e+10
4.4450 0.00793345 5.3594e+10
4.4500 0.00559559 3.7800e+10
4.4550 0.00599445 4.0495e+10
4.4600 0.00657495 4.4416e+10
4.4650 0.00618115 4.1756e+10
4.4700 0.00476406 3.2183e+10
4.4750 0.00364758 2.4641e+10
4.4800 0.00370591 2.5035e+10
4.4850 0.00318241 2.1498e+10
4.4900 0.00371841 2.5119e+10
4.4950 0.00328502 2.2192e+10
4.5000 0.00151792 1.0254e+10
4.5050 0.00231429 1.5634e+10
4.5100 0.00174276 1.1773e+10
4.5150 0.00190509 1.2870e+10
4.5200 0.00097387 6.5789e+09
4.5250 0.00127298 8.5995e+09
4.5300 0.00130819 8.8373e+09
4.5350 0.00121590 8.2139e+09
4.5400 0.00109766 7.4151e+09
4.5450 0.00051185 3.4578e+09
4.5500 0.00091948 6.2115e+09
4.5550 0.00109009 7.3640e+09
4.5600 0.00044739 3.0223e+09
4.5650 0.00019969 1.3490e+09
4.5700 0.00024567 1.6596e+09
4.5750 0.00041820 2.8251e+09
4.5800 0.00057539 3.8870e+09
4.5850 0.00069139 4.6706e+09
4.5900 0.00050796 3.4315e+09
4.5950 0.00079440 5.3665e+09
4.6000 0.00046922 3.1698e+09
4.6050 0.00024008 1.6218e+09
4.6100 0.00024568 1.6597e+09
4.6150 0.00039998 2.7021e+09
4.6200 0.00025725 1.7378e+09
4.6250 0.00026325 1.7783e+09
4.6300 0.00038446 2.5972e+09
4.6350 0.00027569 1.8624e+09
4.6400 0.00028207 1.9055e+09
4.6450 0.00028865 1.9500e+09
4.6500 0.00029539 1.9955e+09
4.6550 0.00030227 2.0419e+09
4.6600 0.00030929 2.0894e+09
4.6650 0.00031650 2.1381e+09
4.6700 0.00032411 2.1895e+09
4.6750 0.00033189 2.2420e+09
4.6800 0.00033967 2.2946e+09
4.6850 0.00034744 2.3471e+09
4.6900 0.00035522 2.3997e+09
4.6950 0.00036351 2.4556e+09
4.7000 0.00037200 2.5130e+09
4.7050 0.00038050 2.5704e+09
4.7100 0.00000000 0.0000e+00
4.7150 0.00000000 0.0000e+00
4.7200 0.00000000 0.0000e+00
4.7250 0.00000000 0.0000e+00
4.7300 0.00000000 0.0000e+00
4.7350 0.00000000 0.0000e+00
4.7400 0.00000000 0.0000e+00
4.7450 0.00000000 0.0000e+00
4.7500 0.00000000 0.0000e+00
4.7550 0.00000000 0.0000e+00
4.7600 0.00000000 0.0000e+00
4.7650 0.00000000 0.0000e+00
4.7700 0.00000000 0.0000e+00
4.7750 0.00000000 0.0000e+00
4.7800 0.00000000 0.0000e+00
4.7850 0.00000000 0.0000e+00
4.7900 0.00000000 0.0000e+00
4.7950 0.00000000 0.0000e+00
4.8000 0.00000000 0.0000e+00
4.8050 0.00000000 0.0000e+00
4.8100 0.00000000 0.0000e+00
4.8150 0.00000000 0.0000e+00
4.8200 0.00000000 0.0000e+00
4.8250 0.00000000 0.0000e+00
4.8300 0.00000000 0.0000e+00
4.8350 0.00000000 0.0000e+00
4.8400 0.00000000 0.0000e+00
4.8450 0.00000000 0.0000e+00
4.8500 0.00000000 0.0000e+00
4.8550 0.00000000 0.0000e+00
4.8600 0.00000000 0.0000e+00
4.8650 0.00000000 0.0000e+00
4.8700 0.00000000 0.0000e+00
4.8750 0.00000000 0.0000e+00
4.8800 0.00000000 0.0000e+00
4.8850 0.00000000 0.0000e+00
4.8900 0.00000000 0.0000e+00
4.8950 0.00000000 0.0000e+00
4.9000 0.00000000 0.0000e+00
4.9050 0.00000000 0.0000e+00
4.9100 0.00000000 0.0000e+00
4.9150 0.00000000 0.0000e+00
4.9200 0.00000000 0.0000e+00
4.9250 0.00000000 0.0000e+00
4.9300 0.00000000 0.0000e+00
4.9350 0.00000000 0.0000e+00
4.9400 0.00000000 0.0000e+00
4.9450 0.00000000 0.0000e+00
4.9500 0.00000000 0.0000e+00
4.9550 0.00000000 0.0000e+00
4.9600 0.00000000 0.0000e+00
4.9650 0.00000000 0.0000e+00
4.9700 0.00000000 0.0000e+00
4.9750 0.00000000 0.0000e+00
4.9800 0.00000000 0.0000e+00
4.9850 0.00000000 0.0000e+00
4.9900 0.00000000 0.0000e+00
4.9950 0.00000000 0.0000e+00
5.0000 0.00000000 0.0000e+00
5.0050 0.00000000 0.0000e+00
5.0100 0.00000000 0.0000e+00
5.0150 0.00000000 0.0000e+00
5.0200 0.00000000 0.0000e+00
5.0250 0.00000000 0.0000e+00
5.0300 0.00000000 0.0000e+00
5.0350 0.00000000 0.0000e+00
5.0400 0.00000000 0.0000e+00
5.0450 0.00000000 0.0000e+00
5.0500 0.00000000 0.0000e+00
5.0550 0.00000000 0.0000e+00
5.0600 0.00000000 0.0000e+00
5.0650 0.00000000 0.0000e+00
5.0700 0.00000000 0.0000e+00
5.0750 0.00000000 0.0000e+00
5.0800 0.00000000 0.0000e+00
5.0850 0.00000000 0.0000e+00
5.0900 0.00000000 0.0000e+00
5.0950 0.00000000 0.0000e+00
5.1000 0.00000000 0.0000e+00
5.1050 0.00000000 0.0000e+00
5.1100 0.00000000 0.0000e+00
5.1150 0.00000000 0.0000e+00
5.1200 0.00000000 0.0000e+00
5.1250 0.00000000 0.0000e+00
5.1300 0.00000000 0.0000e+00
5.1350 0.00000000 0.0000e+00
5.1400 0.00000000 0.0000e+00
5.1450 0.00000000 0.0000e+00
5.1500 0.00000000 0.0000e+00
5.1550 0.00000000 0.0000e+00
5.1600 0.00000000 0.0000e+00
5.1650 0.00000000 0.0000e+00
5.1700 0.00000000 0.0000e+00
5.1750 0.00000000 0.0000e+00
5.1800 0.00000000 0.0000e+00
5.1850 0.00000000 0.0000e+00
5.1900 0.00000000 0.0000e+00
5.1950 0.00000000 0.0000e+00
5.2000 0.00000000 0.0000e+00
5.2050 0.00000000 0.0000e+00
5.2100 0.00000000 0.0000e+00
5.2150 0.00000000 0.0000e+00
5.2200 0.00000000 0.0000e+00
5.2250 0.00000000 0.0000e+00
5.2300 0.00000000 0.0000e+00
5.2350 0.00000000 0.0000e+00
5.2400 0.00000000 0.0000e+00
5.2450 0.00000000 0.0000e+00
5.2500 0.00000000 0.0000e+00
5.2550 0.00000000 0.0000e+00
5.2600 0.00000000 0.0000e+00
5.2650 0.00000000 0.0000e+00
5.2700 0.00000000 0.0000e+00
5.2750 0.00000000 0.0000e+00
5.2800 0.00000000 0.0000e+00
5.2850 0.00000000 0.0000e+00
5.2900 0.00000000 0.0000e+00
5.2950 0.00000000 0.0000e+00
5.3000 0.00000000 0.0000e+00
5.3050 0.00000000 0.0000e+00
5.3100 0.00000000 0.0000e+00
5.3150 0.00000000 0.0000e+00
5.3200 0.00000000 0.0000e+00
5.3250 0.00000000 0.0000e+00
5.3300 0.00000000 0.0000e+00
5.3350 0.00000000 0.0000e+00
5.3400 0.00000000 0.0000e+00
5.3450 0.00000000 0.0000e+00
5.3500 0.00000000 0.0000e+00
5.3550 0.00000000 0.0000e+00
5.3600 0.00000000 0.0000e+00
5.3650 0.00000000 0.0000e+00
5.3700 0.00000000 0.0000e+00
5.3750 0.00000000 0.0000e+00
5.3800 0.00000000 0.0000e+00
5.3850 0.00000000 0.0000e+00
5.3900 0.00000000 0.0000e+00
5.3950 0.00000000 0.0000e+00
5.4000 0.00000000 0.0000e+00
5.4050 0.00000000 0.0000e+00
5.4100 0.00000000 0.0000e+00
5.4150 0.00000000 0.0000e+00
5.4200 0.00000000 0.0000e+00
5.4250 0.00000000 0.0000e+00
5.4300 0.00000000 0.0000e+00
5.4350 0.00000000 0.0000e+00
5.4400 0.00000000 0.0000e+00
5.4450 0.00000000 0.0000e+00
5.4500 0.00000000 0.0000e+00
5.4550 0.00000000 0.0000e+00
5.4600 0.00000000 0.0000e+00
5.4650 0.00000000 0.0000e+00
5.4700 0.00000000 0.0000e+00
5.4750 0.00000000 0.0000e+00
5.4800 0.00000000 0.0000e+00
5.4850 0.00000000 0.0000e+00
5.4900 0.00000000 0.0000e+00
5.4950 0.00000000 0.0000e+00
5.5000 0.00000000 0.0000e+00
5.5050 0.00000000 0.0000e+00
5.5100 0.00000000 0.0000e+00
5.5150 0.00000000 0.0000e+00
5.5200 0.00000000 0.0000e+00
5.5250 0.00000000 0.0000e+00
5.5300 0.00000000 0.0000e+00
5.5350 0.00000000 0.0000e+00
5.5400 0.00000000 0.0000e+00
5.5450 0.00000000 0.0000e+00
5.5500 0.00000000 0.0000e+00
5.5550 0.00000000 0.0000e+00
5.5600 0.00000000 0.0000e+00
5.5650 0.00000000 0.0000e+00
5.5700 0.00000000 0.0000e+00
5.5750 0.00000000 0.0000e+00
5.5800 0.00000000 0.0000e+00
5.5850 0.00000000 0.0000e+00
5.5900 0.00000000 0.0000e+00
5.5950 0.00000000 0.0000e+00
5.6000 0.00000000 0.0000e+00
5.6050 0.00000000 0.0000e+00
5.6100 0.00000000 0.0000e+00
5.6150 0.00000000 0.0000e+00
5.6200 0.00000000 0.0000e+00
5.6250 0.00000000 0.0000e+00
5.6300 0.00000000 0.0000e+00
5.6350 0.00000000 0.0000e+00
5.6400 0.00000000 0.0000e+00
5.6450 0.00000000 0.0000e+00
5.6500 0.00000000 0.0000e+00
5.6550 0.00000000 0.0000e+00
5.6600 0.00000000 0.0000e+00
5.6650 0.00000000 0.0000e+00
5.6700 0.00000000 0.0000e+00
5.6750 0.00000000 0.0000e+00
5.6800 0.00000000 0.0000e+00
5.6850 0.00000000 0.0000e+00
5.6900 0.00000000 0.0000e+00
5.6950 0.00000000 0.0000e+00
5.7000 0.00000000 0.0000e+00
5.7050 0.00000000 0.0000e+00
5.7100 0.00000000 0.0000e+00
5.7150 0.00000000 0.0000e+00
5.7200 0.00000000 0.0000e+00
5.7250 0.00000000 0.0000e+00
5.7300 0.00000000 0.0000e+00
5.7350 0.00000000 0.0000e+00
5.7400 0.00000000 0.0000e+00
5.7450 0.00000000 0.0000e+00
5.7500 0.00000000 0.0000e+00
5.7550 0.00000000 0.0000e+00
5.7600 0.00000000 0.0000e+00
5.7650 0.00000000 0.0000e+00
5.7700 0.00000000 0.0000e+00
5.7750 0.00000000 0.0000e+00
5.7800 0.00000000 0.0000e+00
5.7850 0.00000000 0.0000e+00
5.7900 0.00000000 0.0000e+00
5.7950 0.00000000 0.0000e+00
5.8000 0.00000000 0.0000e+00
5.8050 0.00000000 0.0000e+00
5.8100 0.00000000 0.0000e+00
5.8150 0.00000000 0.0000e+00
5.8200 0.00000000 0.0000e+00
5.8250 0.00000000 0.0000e+00
5.8300 0.00000000 0.0000e+00
5.8350 0.00000000 0.0000e+00
5.8400 0.00000000 0.0000e+00
5.8450 0.00000000 0.0000e+00
5.8500 0.00000000 0.0000e+00
5.8550 0.00000000 0.0000e+00
5.8600 0.00000000 0.0000e+00
5.8650 0.00000000 0.0000e+00
5.8700 0.00000000 0.0000e+00
5.8750 0.00000000 0.0000e+00
5.8800 0.00000000 0.0000e+00
5.8850 0.00000000 0.0000e+00
5.8900 0.00000000 0.0000e+00
5.8950 0.00000000 0.0000e+00
5.9000 0.00000000 0.0000e+00
5.9050 0.00000000 0.0000e+00
5.9100 0.00000000 0.0000e+00
5.9150 0.00000000 0.0000e+00
5.9200 0.00000000 0.0000e+00
5.9250 0.00000000 0.0000e+00
5.9300 0.00000000 0.0000e+00
5.9350 0.00000000 0.0000e+00
5.9400 0.00000000 0.0000e+00
5.9450 0.00000000 0.0000e+00
5.9500 0.00000000 0.0000e+00
5.9550 0.00000000 0.0000e+00
5.9600 0.00000000 0.0000e+00
5.9650 0.00000000 0.0000e+00
5.9700 0.00000000 0.0000e+00
5.9750 0.00000000 0.0000e+00
5.9800 0.00000000 0.0000e+00
5.9850 0.00000000 0.0000e+00
5.9900 0.00000000 0.0000e+00
5.9950 0.00000000 0.0000e+00
6.0000 0.00000000 0.0000e+00
6.0050 0.00000000 0.0000e+00
6.0100 0.00000000 0.0000e+00
6.0150 0.00000000 0.0000e+00
6.0200 0.00000000 0.0000e+00
6.0250 0.00000000 0.0000e+00
6.0300 0.00000000 0.0000e+00
6.0350 0.00000000 0.0000e+00
6.0400 0.00000000 0.0000e+00
6.0450 0.00000000 0.0000e+00
6.0500 0.00000000 0.0000e+00
6.0550 0.00000000 0.0000e+00
6.0600 0.00000000 0.0000e+00
6.0650 0.00000000 0.0000e+00
6.0700 0.00000000 0.0000e+00
6.0750 0.00000000 0.0000e+00
6.0800 0.00000000 0.0000e+00
6.0850 0.00000000 0.0000e+00
6.0900 0.00000000 0.0000e+00
6.0950 0.00000000 0.0000e+00
6.1000 0.00000000 0.0000e+00
6.1050 0.00000000 0.0000e+00
6.1100 0.00000000 0.0000e+00
6.1150 0.00000000 0.0000e+00
6.1200 0.00000000 0.0000e+00
6.1250 0.00000000 0.0000e+00
6.1300 0.00000000 0.0000e+00
6.1350 0.00000000 0.0000e+00
6.1400 0.00000000 0.0000e+00
6.1450 0.00000000 0.0000e+00
6.1500 0.00000000 0.0000e+00
6.1550 0.00000000 0.0000e+00
6.1600 0.00000000 0.0000e+00
6.1650 0.00000000 0.0000e+00
6.1700 0.00000000 0.0000e+00
6.1750 0.00000000 0.0000e+00
6.1800 0.00000000 0.0000e+00
6.1850 0.00000000 0.0000e+00
6.1900 0.00000000 0.0000e+00
6.1950 0.00000000 0.0000e+00
6.2000 0.00000000 0.0000e+00
6.2050 0.00000000 0.0000e+00
6.2100 0.00000000 0.0000e+00
6.2150 0.00000000 0.0000e+00
6.2200 0.00000000 0.0000e+00
6.2250 0.00000000 0.0000e+00
6.2300 0.00000000 0.0000e+00
6.2350 0.00000000 0.0000e+00
6.2400 0.00000000 0.0000e+00
6.2450 0.00000000 0.0000e+00
6.2500 0.00000000 0.0000e+00
6.2550 0.00000000 0.0000e+00
6.2600 0.00000000 0.0000e+00
6.2650 0.00000000 0.0000e+00
6.2700 0.00000000 0.0000e+00
6.2750 0.00000000 0.0000e+00
6.2800 0.00000000 0.0000e+00
6.2850 0.00000000 0.0000e+00
6.2900 0.00000000 0.0000e+00
6.2950 0.00000000 0.0000e+00
6.3000 0.00000000 0.0000e+00
6.3050 0.00000000 0.0000e+00
6.3100 0.00000000 0.0000e+00
6.3150 0.00000000 0.0000e+00
6.3200 0.00000000 0.0000e+00
6.3250 0.00000000 0.0000e+00
6.3300 0.00000000 0.0000e+00
6.3350 0.00000000 0.0000e+00
6.3400 0.00000000 0.0000e+00
6.3450 0.00000000 0.0000e+00
6.3500 0.00000000 0.0000e+00
6.3550 0.00000000 0.0000e+00
6.3600 0.00000000 0.0000e+00
6.3650 0.00000000 0.0000e+00
6.3700 0.00000000 0.0000e+00
6.3750 0.00000000 0.0000e+00
6.3800 0.00000000 0.0000e+00
6.3850 0.00000000 0.0000e+00
6.3900 0.00000000 0.0000e+00
6.3950 0.00000000 0.0000e+00
6.4000 0.00000000 0.0000e+00
6.4050 0.00000000 0.0000e+00
6.4100 0.00000000 0.0000e+00
6.4150 0.00000000 0.0000e+00
6.4200 0.00000000 0.0000e+00
6.4250 0.00000000 0.0000e+00
6.4300 0.00000000 0.0000e+00
6.4350 0.00000000 0.0000e+00
6.4400 0.00000000 0.0000e+00
6.4450 0.00000000 0.0000e+00
6.4500 0.00000000 0.0000e+00
6.4550 0.00000000 0.0000e+00
6.4600 0.00000000 0.0000e+00
6.4650 0.00000000 0.0000e+00
6.4700 0.00000000 0.0000e+00
6.4750 0.00000000 0.0000e+00
6.4800 0.00000000 0.0000e+00
6.4850 0.00000000 0.0000e+00
6.4900 0.00000000 0.0000e+00
6.4950 0.00000000 0.0000e+00
6.5000 0.00000000 0.0000e+00
6.5050 0.00000000 0.0000e+00
6.5100 0.00000000 0.0000e+00
6.5150 0.00000000 0.0000e+00
6.5200 0.00000000 0.0000e+00
6.5250 0.00000000 0.0000e+00
6.5300 0.00000000 0.0000e+00
6.5350 0.00000000 0.0000e+00
6.5400 0.00000000 0.0000e+00
6.5450 0.00000000 0.0000e+00
6.5500 0.00000000 0.0000e+00
6.5550 0.00000000 0.0000e+00
6.5600 0.00000000 0.0000e+00
6.5650 0.00000000 0.0000e+00
6.5700 0.00000000 0.0000e+00
6.5750 0.00000000 0.0000e+00
6.5800 0.00000000 0.0000e+00
6.5850 0.00000000 0.0000e+00
6.5900 0.00000000 0.0000e+00
6.5950 0.00000000 0.0000e+00
6.6000 0.00000000 0.0000e+00
6.6050 0.00000000 0.0000e+00
6.6100 0.00000000 0.0000e+00
6.6150 0.00000000 0.0000e+00
6.6200 0.00000000 0.0000e+00
6.6250 0.00000000 0.0000e+00
6.6300 0.00000000 0.0000e+00
6.6350 0.00000000 0.0000e+00
6.6400 0.00000000 0.0000e+00
6.6450 0.00000000 0.0000e+00
6.6500 0.00000000 0.0000e+00
6.6550 0.00000000 0.0000e+00
6.6600 0.00000000 0.0000e+00
6.6650 0.00000000 0.0000e+00
6.6700 0.00000000 0.0000e+00
6.6750 0.00000000 0.0000e+00
6.6800 0.00000000 0.0000e+00
6.6850 0.00000000 0.0000e+00
6.6900 0.00000000 0.0000e+00
6.6950 0.00000000 0.0000e+00
6.7000 0.00000000 0.0000e+00
6.7050 0.00000000 0.0000e+00
6.7100 0.00000000 0.0000e+00
6.7150 0.00000000 0.0000e+00
6.7200 0.00000000 0.0000e+00
6.7250 0.00000000 0.0000e+00
6.7300 0.00000000 0.0000e+00
6.7350 0.00000000 0.0000e+00
6.7400 0.00000000 0.0000e+00
6.7450 0.00000000 0.0000e+00
6.7500 0.00000000 0.0000e+00
6.7550 0.00000000 0.0000e+00
6.7600 0.00000000 0.0000e+00
6.7650 0.00000000 0.0000e+00
6.7700 0.00000000 0.0000e+00
6.7750 0.00000000 0.0000e+00
6.7800 0.00000000 0.0000e+00
6.7850 0.00000000 0.0000e+00
6.7900 0.00000000 0.0000e+00
6.7950 0.00000000 0.0000e+00
6.8000 0.00000000 0.0000e+00
6.8050 0.00000000 0.0000e+00
6.8100 0.00000000 0.0000e+00
6.8150 0.00000000 0.0000e+00
6.8200 0.00000000 0.0000e+00
6.8250 0.00000000 0.0000e+00
6.8300 0.00000000 0.0000e+00
6.8350 0.00000000 0.0000e+00
6.8400 0.00000000 0.0000e+00
6.8450 0.00000000 0.0000e+00
6.8500 0.00000000 0.0000e+00
6.8550 0.00000000 0.0000e+00
6.8600 0.00000000 0.0000e+00
6.8650 0.00000000 0.0000e+00
6.8700 0.00000000 0.0000e+00
6.8750 0.00000000 0.0000e+00
6.8800 0.00000000 0.0000e+00
6.8850 0.00000000 0.0000e+00
6.8900 0.00000000 0.0000e+00
6.8950 0.00000000 0.0000e+00
6.9000 0.00000000 0.0000e+00
6.9050 0.00000000 0.0000e+00
6.9100 0.00000000 0.0000e+00
6.9150 0.00000000 0.0000e+00
6.9200 0.00000000 0.0000e+00
6.9250 0.00000000 0.0000e+00
6.9300 0.00000000 0.0000e+00
6.9350 0.00000000 0.0000e+00
6.9400 0.00000000 0.0000e+00
6.9450 0.00000000 0.0000e+00
6.9500 0.00000000 0.0000e+00
6.9550 0.00000000 0.0000e+00
6.9600 0.00000000 0.0000e+00
6.9650 0.00000000 0.0000e+00
6.9700 0.00000000 0.0000e+00
6.9750 0.00000000 0.0000e+00
6.9800 0.00000000 0.0000e+00
6.9850 0.00000000 0.0000e+00
6.9900 0.00000000 0.0000e+00
6.9950 0.00000000 0.0000e+00
7.0000 0.00000000 0.0000e+00
7.0050 0.00000000 0.0000e+00
7.0100 0.00000000 0.0000e+00
7.0150 0.00000000 0.0000e+00
7.0200 0.00000000 0.0000e+00
7.0250 0.00000000 0.0000e+00
7.0300 0.00000000 0.0000e+00
7.0350 0.00000000 0.0000e+00
7.0400 0.00000000 0.0000e+00
7.0450 0.00000000 0.0000e+00
7.0500 0.00000000 0.0000e+00
7.0550 0.00000000 0.0000e+00
7.0600 0.00000000 0.0000e+00
7.0650 0.00000000 0.0000e+00
7.0700 0.00000000 0.0000e+00
7.0750 0.00000000 0.0000e+00
7.0800 0.00000000 0.0000e+00
7.0850 0.00000000 0.0000e+00
7.0900 0.00000000 0.0000e+00
7.0950 0.00000000 0.0000e+00
7.1000 0.00000000 0.0000e+00
7.1050 0.00000000 0.0000e+00
7.1100 0.00000000 0.0000e+00
7.1150 0.00000000 0.0000e+00
7.1200 0.00000000 0.0000e+00
7.1250 0.00000000 0.0000e+00
7.1300 0.00000000 0.0000e+00
7.1350 0.00000000 0.0000e+00
7.1400 0.00000000 0.0000e+00
7.1450 0.00000000 0.0000e+00
7.1500 0.00000000 0.0000e+00
7.1550 0.00000000 0.0000e+00
7.1600 0.00000000 0.0000e+00
7.1650 0.00000000 0.0000e+00
7.1700 0.00000000 0.0000e+00
7.1750 0.00000000 0.0000e+00
7.1800 0.00000000 0.0000e+00
7.1850 0.00000000 0.0000e+00
7.1900 0.00000000 0.0000e+00
7.1950 0.00000000 0.0000e+00
7.2000 0.00000000 0.0000e+00
7.2050 0.00000000 0.0000e+00
7.2100 0.00000000 0.0000e+00
7.2150 0.00000000 0.0000e+00
7.2200 0.00000000 0.0000e+00
7.2250 0.00000000 0.0000e+00
7.2300 0.00000000 0.0000e+00
7.2350 0.00000000 0.0000e+00
7.2400 0.00000000 0.0000e+00
7.2450 0.00000000 0.0000e+00
7.2500 0.00000000 0.0000e+00
7.2550 0.00000000 0.0000e+00
7.2600 0.00000000 0.0000e+00
7.2650 0.00000000 0.0000e+00
7.2700 0.00000000 0.0000e+00
7.2750 0.00000000 0.0000e+00
7.2800 0.00000000 0.0000e+00
7.2850 0.00000000 0.0000e+00
7.2900 0.00000000 0.0000e+00
7.2950 0.00000000 0.0000e+00
7.3000 0.00000000 0.0000e+00
7.3050 0.00000000 0.0000e+00
7.3100 0.00000000 0.0000e+00
7.3150 0.00000000 0.0000e+00
7.3200 0.00000000 0.0000e+00
7.3250 0.00000000 0.0000e+00
7.3300 0.00000000 0.0000e+00
7.3350 0.00000000 0.0000e+00
7.3400 0.00000000 0.0000e+00
7.3450 0.00000000 0.0000e+00
7.3500 0.00000000 0.0000e+00
7.3550 0.00000000 0.0000e+00
7.3600 0.00000000 0.0000e+00
7.3650 0.00000000 0.0000e+00
7.3700 0.00000000 0.0000e+00
7.3750 0.00000000 0.0000e+00
7.3800 0.00000000 0.0000e+00
7.3850 0.00000000 0.0000e+00
7.3900 0.00000000 0.0000e+00
7.3950 0.00000000 0.0000e+00
7.4000 0.00000000 0.0000e+00
7.4050 0.00000000 0.0000e+00
7.4100 0.00000000 0.0000e+00
7.4150 0.00000000 0.0000e+00
7.4200 0.00000000 0.0000e+00
7.4250 0.00000000 0.0000e+00
7.4300 0.00000000 0.0000e+00
7.4350 0.00000000 0.0000e+00
7.4400 0.00000000 0.0000e+00
7.4450 0.00000000 0.0000e+00
7.4500 0.00000000 0.0000e+00
7.4550 0.00000000 0.0000e+00
7.4600 0.00000000 0.0000e+00
7.4650 0.00000000 0.0000e+00
7.4700 0.00000000 0.0000e+00
7.4750 0.00000000 0.0000e+00
7.4800 0.00000000 0.0000e+00
7.4850 0.00000000 0.0000e+00
7.4900 0.00000000 0.0000e+00
7.4950 0.00000000 0.0000e+00
7.5000 0.00000000 0.0000e+00
7.5050 0.00000000 0.0000e+00
7.5100 0.00000000 0.0000e+00
7.5150 0.00000000 0.0000e+00
7.5200 0.00000000 0.0000e+00
7.5250 0.00000000 0.0000e+00
7.5300 0.00000000 0.0000e+00
7.5350 0.00000000 0.0000e+00
7.5400 0.00000000 0.0000e+00
7.5450 0.00000000 0.0000e+00
7.5500 0.00000000 0.0000e+00
7.5550 0.00000000 0.0000e+00
7.5600 0.00000000 0.0000e+00
7.5650 0.00000000 0.0000e+00
7.5700 0.00000000 0.0000e+00
7.5750 0.00000000 0.0000e+00
7.5800 0.00000000 0.0000e+00
7.5850 0.00000000 0.0000e+00
7.5900 0.00000000 0.0000e+00
7.5950 0.00000000 0.0000e+00
7.6000 0.00000000 0.0000e+00
7.6050 0.00000000 0.0000e+00
7.6100 0.00000000 0.0000e+00
7.6150 0.00000000 0.0000e+00
7.6200 0.00000000 0.0000e+00
7.6250 0.00000000 0.0000e+00
7.6300 0.00000000 0.0000e+00
7.6350 0.00000000 0.0000e+00
7.6400 0.00000000 0.0000e+00
7.6450 0.00000000 0.0000e+00
7.6500 0.00000000 0.0000e+00
7.6550 0.00000000 0.0000e+00
7.6600 0.00000000 0.0000e+00
7.6650 0.00000000 0.0000e+00
7.6700 0.00000000 0.0000e+00
7.6750 0.00000000 0.0000e+00
7.6800 0.00000000 0.0000e+00
7.6850 0.00000000 0.0000e+00
7.6900 0.00000000 0.0000e+00
7.6950 0.00000000 0.0000e+00
7.7000 0.00000000 0.0000e+00
7.7050 0.00000000 0.0000e+00
7.7100 0.00000000 0.0000e+00
7.7150 0.00000000 0.0000e+00
7.7200 0.00000000 0.0000e+00
7.7250 0.00000000 0.0000e+00
7.7300 0.00000000 0.0000e+00
7.7350 0.00000000 0.0000e+00
7.7400 0.00000000 0.0000e+00
7.7450 0.00000000 0.0000e+00
7.7500 0.00000000 0.0000e+00
7.7550 0.00000000 0.0000e+00
7.7600 0.00000000 0.0000e+00
7.7650 0.00000000 0.0000e+00
7.7700 0.00000000 0.0000e+00
7.7750 0.00000000 0.0000e+00
7.7800 0.00000000 0.0000e+00
7.7850 0.00000000 0.0000e+00
7.7900 0.00000000 0.0000e+00
7.7950 0.00000000 0.0000e+00
7.8000 0.00000000 0.0000e+00
7.8050 0.00000000 0.0000e+00
7.8100 0.00000000 0.0000e+00
7.8150 0.00000000 0.0000e+00
7.8200 0.00000000 0.0000e+00
7.8250 0.00000000 0.0000e+00
7.8300 0.00000000 0.0000e+00
7.8350 0.00000000 0.0000e+00
7.8400 0.00000000 0.0000e+00
7.8450 0.00000000 0.0000e+00
7.8500 0.00000000 0.0000e+00
7.8550 0.00000000 0.0000e+00
7.8600 0.00000000 0.0000e+00
7.8650 0.00000000 0.0000e+00
7.8700 0.00000000 0.0000e+00
7.8750 0.00000000 0.0000e+00
7.8800 0.00000000 0.0000e+00
7.8850 0.00000000 0.0000e+00
7.8900 0.00000000 0.0000e+00
7.8950 0.00000000 0.0000e+00
7.9000 0.00000000 0.0000e+00
7.9050 0.00000000 0.0000e+00
7.9100 0.00000000 0.0000e+00
7.9150 0.00000000 0.0000e+00
7.9200 0.00000000 0.0000e+00
7.9250 0.00000000 0.0000e+00
7.9300 0.00000000 0.0000e+00
7.9350 0.00000000 0.0000e+00
7.9400 0.00000000 0.0000e+00
7.9450 0.00000000 0.0000e+00
7.9500 0.00000000 0.0000e+00
7.9550 0.00000000 0.0000e+00
7.9600 0.00000000 0.0000e+00
7.9650 0.00000000 0.0000e+00
7.9700 0.00000000 0.0000e+00
7.9750 0.00000000 0.0000e+00
7.9800 0.00000000 0.0000e+00
7.9850 0.00000000 0.0000e+00
7.9900 0.00000000 0.0000e+00
7.9950 0.00000000 0.0000e+00
8.0000 0.00000000 0.0000e+00
