0.0050 0.00000000 0.0000e+00
0.0100 0.00000000 0.0000e+00
0.0150 0.00000000 0.0000e+00
0.0200 0.00000000 0.0000e+00
0.0250 0.00000000 0.0000e+00
0.0300 0.00000000 0.0000e+00
0.0350 0.00000000 0.0000e+00
0.0400 0.00000000 0.0000e+00
0.0450 0.00000000 0.0000e+00
0.0500 0.00000000 0.0000e+00
0.0550 0.00000000 0.0000e+00
0.0600 0.00000000 0.0000e+00
0.0650 0.00000000 0.0000e+00
0.0700 0.00000000 0.0000e+00
0.0750 0.00000000 0.0000e+00
0.0800 0.00000000 0.0000e+00
0.0850 0.00000000 0.0000e+00
0.0900 0.00000000 0.0000e+00
0.0950 0.00000000 0.0000e+00
0.1000 0.00000000 0.0000e+00
0.1050 0.00000000 0.0000e+00
0.1100 0.00000000 0.0000e+00
0.1150 0.00000000 0.0000e+00
0.1200 0.00000000 0.0000e+00
0.1250 0.00000000 0.0000e+00
0.1300 0.00000000 0.0000e+00
0.1350 0.00000000 0.0000e+00
0.1400 0.00000000 0.0000e+00
0.1450 0.00000000 0.0000e+00
0.1500 0.00000000 0.0000e+00
0.1550 0.00000000 0.0000e+00
0.1600 0.00000000 0.0000e+00
0.1650 0.00000000 0.0000e+00
0.1700 0.00000000 0.0000e+00
0.1750 0.00000000 0.0000e+00
0.1800 0.00000000 0.0000e+00
0.1850 0.00000000 0.0000e+00
0.1900 0.00000000 0.0000e+00
0.1950 0.00000000 0.0000e+00
0.2000 0.00000000 0.0000e+00
0.2050 0.00000000 0.0000e+00
0.2100 0.00000000 0.0000e+00
0.2150 0.00000000 0.0000e+00
0.2200 0.00000000 0.0000e+00
0.2250 0.00000000 0.0000e+00
0.2300 0.00000000 0.0000e+00
0.2350 0.00000000 0.0000e+00
0.2400 0.00000000 0.0000e+00
0.2450 0.00000000 0.0000e+00
0.2500 0.00000000 0.0000e+00
0.2550 0.00000000 0.0000e+00
0.2600 0.00000000 0.0000e+00
0.2650 0.00000000 0.0000e+00
0.2700 0.00000000 0.0000e+00
0.2750 0.00000000 0.0000e+00
0.2800 0.00000000 0.0000e+00
0.2850 0.00000000 0.0000e+00
0.2900 0.00000000 0.0000e+00
0.2950 0.00000000 0.0000e+00
0.3000 0.00000000 0.0000e+00
0.3050 0.00000000 0.0000e+00
0.3100 0.00000000 0.0000e+00
0.3150 0.00000000 0.0000e+00
0.3200 0.00000000 0.0000e+00
0.3250 0.00000000 0.0000e+00
0.3300 0.00000000 0.0000e+00
0.3350 0.00000000 0.0000e+00
0.3400 0.00000000 0.0000e+00
0.3450 0.00000000 0.0000e+00
0.3500 0.00000000 0.0000e+00
0.3550 0.00000000 0.0000e+00
0.3600 0.00000000 0.0000e+00
0.3650 0.00000000 0.0000e+00
0.3700 0.00000000 0.0000e+00
0.3750 0.00000000 0.0000e+00
0.3800 0.00000000 0.0000e+00
0.3850 0.00000000 0.0000e+00
0.3900 0.00000000 0.0000e+00
0.3950 0.00000000 0.0000e+00
0.4000 0.00000000 0.0000e+00
0.4050 0.00000000 0.0000e+00
0.4100 0.00000000 0.0000e+00
0.4150 0.00000000 0.0000e+00
0.4200 0.00000000 0.0000e+00
0.4250 0.00000000 0.0000e+00
0.4300 0.00000000 0.0000e+00
0.4350 0.00000000 0.0000e+00
0.4400 0.00000000 0.0000e+00
0.4450 0.00000000 0.0000e+00
0.4500 0.00000000 0.0000e+00
0.4550 0.00000000 0.0000e+00
0.4600 0.00000000 0.0000e+00
0.4650 0.00000000 0.0000e+00
0.4700 0.00000000 0.0000e+00
0.4750 0.00000000 0.0000e+00
0.4800 0.00000000 0.0000e+00
0.4850 0.00000000 0.0000e+00
0.4900 0.00000000 0.0000e+00
0.4950 0.00000000 0.0000e+00
0.5000 0.00000000 0.0000e+00
0.5050 0.00000000 0.0000e+00
0.5100 0.00000000 0.0000e+00
0.5150 0.00000000 0.0000e+00
0.5200 0.00000000 0.0000e+00
0.5250 0.00000000 0.0000e+00
0.5300 0.00000000 0.0000e+00
0.5350 0.00000000 0.0000e+00
0.5400 0.00000000 0.0000e+00
0.5450 0.00000000 0.0000e+00
0.5500 0.00000000 0.0000e+00
0.5550 0.00000000 0.0000e+00
0.5600 0.00000000 0.0000e+00
0.5650 0.00000000 0.0000e+00
0.5700 0.00000000 0.0000e+00
0.5750 0.00000000 0.0000e+00
0.5800 0.00000000 0.0000e+00
0.5850 0.00000000 0.0000e+00
0.5900 0.00000000 0.0000e+00
0.5950 0.00000000 0.0000e+00
0.6000 0.00000000 0.0000e+00
0.6050 0.00000000 0.0000e+00
0.6100 0.00000000 0.0000e+00
0.6150 0.00000000 0.0000e+00
0.6200 0.00000000 0.0000e+00
0.6250 0.00000000 0.0000e+00
0.6300 0.00000000 0.0000e+00
0.6350 0.00000000 0.0000e+00
0.6400 0.00000000 0.0000e+00
0.6450 0.00000000 0.0000e+00
0.6500 0.00000000 0.0000e+00
0.6550 0.00000000 0.0000e+00
0.6600 0.00000000 0.0000e+00
0.6650 0.00000000 0.0000e+00
0.6700 0.00000000 0.0000e+00
0.6750 0.00000000 0.0000e+00
0.6800 0.00000000 0.0000e+00
0.6850 0.00000000 0.0000e+00
0.6900 0.00000000 0.0000e+00
0.6950 0.00000000 0.0000e+00
0.7000 0.00000000 0.0000e+00
0.7050 0.00000000 0.0000e+00
0.7100 0.00000000 0.0000e+00
0.7150 0.00000000 0.0000e+00
0.7200 0.00000000 0.0000e+00
0.7250 0.00000000 0.0000e+00
0.7300 0.00000000 0.0000e+00
0.7350 0.00000000 0.0000e+00
0.7400 0.00000000 0.0000e+00
0.7450 0.00000000 0.0000e+00
0.7500 0.00000000 0.0000e+00
0.7550 0.00000000 0.0000e+00
0.7600 0.00000000 0.0000e+00
0.7650 0.00000000 0.0000e+00
0.7700 0.00000000 0.0000e+00
0.7750 0.00000000 0.0000e+00
0.7800 0.00000000 0.0000e+00
0.7850 0.00000000 0.0000e+00
0.7900 0.00000000 0.0000e+00
0.7950 0.00000000 0.0000e+00
0.8000 0.00000000 0.0000e+00
0.8050 0.00000000 0.0000e+00
0.8100 0.00000000 0.0000e+00
0.8150 0.00000000 0.0000e+00
0.8200 0.00000000 0.0000e+00
0.8250 0.00000000 0.0000e+00
0.8300 0.00000000 0.0000e+00
0.8350 0.00000000 0.0000e+00
0.8400 0.00000000 0.0000e+00
0.8450 0.00000000 0.0000e+00
0.8500 0.00000000 0.0000e+00
0.8550 0.00000000 0.0000e+00
0.8600 0.00000000 0.0000e+00
0.8650 0.00000000 0.0000e+00
0.8700 0.00000000 0.0000e+00
0.8750 0.00000000 0.0000e+00
0.8800 0.00000000 0.0000e+00
0.8850 0.00000000 0.0000e+00
0.8900 0.00000000 0.0000e+00
0.8950 0.00000000 0.0000e+00
0.9000 0.00000000 0.0000e+00
0.9050 0.00000000 0.0000e+00
0.9100 0.00000000 0.0000e+00
0.9150 0.00000000 0.0000e+00
0.9200 0.00000000 0.0000e+00
0.9250 0.00000000 0.0000e+00
0.9300 0.00000000 0.0000e+00
0.9350 0.00000000 0.0000e+00
0.9400 0.00000000 0.0000e+00
0.9450 0.00000000 0.0000e+00
0.9500 0.00000000 0.0000e+00
0.9550 0.00000000 0.0000e+00
0.9600 0.00000000 0.0000e+00
0.9650 0.00000000 0.0000e+00
0.9700 0.00000000 0.0000e+00
0.9750 0.00000000 0.0000e+00
0.9800 0.00000000 0.0000e+00
0.9850 0.00000000 0.0000e+00
0.9900 0.00000000 0.0000e+00
0.9950 0.00000000 0.0000e+00
1.0000 0.00000000 0.0000e+00
1.0050 0.00000000 0.0000e+00
1.0100 0.00000000 0.0000e+00
1.0150 0.00000000 0.0000e+00
1.0200 0.00000000 0.0000e+00
1.0250 0.00000000 0.0000e+00
1.0300 0.00000000 0.0000e+00
1.0350 0.00000000 0.0000e+00
1.0400 0.00000000 0.0000e+00
1.0450 0.00000000 0.0000e+00
1.0500 0.00000000 0.0000e+00
1.0550 0.00000000 0.0000e+00
1.0600 0.00000000 0.0000e+00
1.0650 0.00000000 0.0000e+00
1.0700 0.00000000 0.0000e+00
1.0750 0.00000000 0.0000e+00
1.0800 0.00000000 0.0000e+00
1.0850 0.00000000 0.0000e+00
1.0900 0.00000000 0.0000e+00
1.0950 0.00000000 0.0000e+00
1.1000 0.00000000 0.0000e+00
1.1050 0.00000000 0.0000e+00
1.1100 0.00000000 0.0000e+00
1.1150 0.00000000 0.0000e+00
1.1200 0.00000000 0.0000e+00
1.1250 0.00000000 0.0000e+00
1.1300 0.00000000 0.0000e+00
1.1350 0.00000000 0.0000e+00
1.1400 0.00000000 0.0000e+00
1.1450 0.00000000 0.0000e+00
1.1500 0.00000000 0.0000e+00
1.1550 0.00000000 0.0000e+00
1.1600 0.00000000 0.0000e+00
1.1650 0.00000000 0.0000e+00
1.1700 0.00000000 0.0000e+00
1.1750 0.00000000 0.0000e+00
1.1800 0.00000000 0.0000e+00
1.1850 0.00000000 0.0000e+00
1.1900 0.00000000 0.0000e+00
1.1950 0.00000000 0.0000e+00
1.2000 0.00000000 0.0000e+00
1.2050 0.00000000 0.0000e+00
1.2100 0.00000000 0.0000e+00
1.2150 0.00000000 0.0000e+00
1.2200 0.00000000 0.0000e+00
1.2250 0.00000000 0.0000e+00
1.2300 0.00000000 0.0000e+00
1.2350 0.00000000 0.0000e+00
1.2400 0.00000000 0.0000e+00
1.2450 0.00000000 0.0000e+00
1.2500 0.00000000 0.0000e+00
1.2550 0.00000000 0.0000e+00
1.2600 0.00000000 0.0000e+00
1.2650 0.00000000 0.0000e+00
1.2700 0.00000000 0.0000e+00
1.2750 0.00000000 0.0000e+00
1.2800 0.00000000 0.0000e+00
1.2850 0.00000000 0.0000e+00
1.2900 0.00000000 0.0000e+00
1.2950 0.00000000 0.0000e+00
1.3000 0.00000000 0.0000e+00
1.3050 0.00000000 0.0000e+00
1.3100 0.00000000 0.0000e+00
1.3150 0.00000000 0.0000e+00
1.3200 0.00000000 0.0000e+00
1.3250 0.00000000 0.0000e+00
1.3300 0.00000000 0.0000e+00
1.3350 0.00000000 0.0000e+00
1.3400 0.00000000 0.0000e+00
1.3450 0.00000000 0.0000e+00
1.3500 0.00000000 0.0000e+00
1.3550 0.00000000 0.0000e+00
1.3600 0.00000000 0.0000e+00
1.3650 0.00000000 0.0000e+00
1.3700 0.00000000 0.0000e+00
1.3750 0.00000000 0.0000e+00
1.3800 0.00000000 0.0000e+00
1.3850 0.00000000 0.0000e+00
1.3900 0.00000000 0.0000e+00
1.3950 0.00000000 0.0000e+00
1.4000 0.00000000 0.0000e+00
1.4050 0.00000000 0.0000e+00
1.4100 0.00000000 0.0000e+00
1.4150 0.00000000 0.0000e+00
1.4200 0.00000000 0.0000e+00
1.4250 0.00000000 0.0000e+00
1.4300 0.00000000 0.0000e+00
1.4350 0.00000000 0.0000e+00
1.4400 0.00000000 0.0000e+00
1.4450 0.00000000 0.0000e+00
1.4500 0.00000000 0.0000e+00
1.4550 0.00000000 0.0000e+00
1.4600 0.00000000 0.0000e+00
1.4650 0.00000000 0.0000e+00
1.4700 0.00000000 0.0000e+00
1.4750 0.00000000 0.0000e+00
1.4800 0.00000000 0.0000e+00
1.4850 0.00000000 0.0000e+00
1.4900 0.00000000 0.0000e+00
1.4950 0.00000000 0.0000e+00
1.5000 0.00000000 0.0000e+00
1.5050 0.00000000 0.0000e+00
1.5100 0.00000000 0.0000e+00
1.5150 0.00000000 0.0000e+00
1.5200 0.00000000 0.0000e+00
1.5250 0.00000000 0.0000e+00
1.5300 0.00000000 0.0000e+00
1.5350 0.00000000 0.0000e+00
1.5400 0.00000000 0.0000e+00
1.5450 0.00000000 0.0000e+00
1.5500 0.00000000 0.0000e+00
1.5550 0.00000000 0.0000e+00
1.5600 0.00000000 0.0000e+00
1.5650 0.00000000 0.0000e+00
1.5700 0.00000000 0.0000e+00
1.5750 0.00000000 0.0000e+00
1.5800 0.00000000 0.0000e+00
1.5850 0.00000000 0.0000e+00
1.5900 0.00000000 0.0000e+00
1.5950 0.00000000 0.0000e+00
1.6000 0.00000000 0.0000e+00
1.6050 0.00000000 0.0000e+00
1.6100 0.00000000 0.0000e+00
1.6150 0.00000000 0.0000e+00
1.6200 0.00000000 0.0000e+00
1.6250 0.00000000 0.0000e+00
1.6300 0.00000000 0.0000e+00
1.6350 0.00000000 0.0000e+00
1.6400 0.00000000 0.0000e+00
1.6450 0.00000000 0.0000e+00
1.6500 0.00000000 0.0000e+00
1.6550 0.00000000 0.0000e+00
1.6600 0.00000000 0.0000e+00
1.6650 0.00000000 0.0000e+00
1.6700 0.00000000 0.0000e+00
1.6750 0.00000000 0.0000e+00
1.6800 0.00000000 0.0000e+00
1.6850 0.00000000 0.0000e+00
1.6900 0.00000000 0.0000e+00
1.6950 0.00000000 0.0000e+00
1.7000 0.00000000 0.0000e+00
1.7050 0.00000000 0.0000e+00
1.7100 0.00000000 0.0000e+00
1.7150 0.00000000 0.0000e+00
1.7200 0.00000000 0.0000e+00
1.7250 0.00000000 0.0000e+00
1.7300 0.00000000 0.0000e+00
1.7350 0.00000000 0.0000e+00
1.7400 0.00000000 0.0000e+00
1.7450 0.00000000 0.0000e+00
1.7500 0.00000000 0.0000e+00
1.7550 0.00000000 0.0000e+00
1.7600 0.00000000 0.0000e+00
1.7650 0.00000000 0.0000e+00
1.7700 0.00000000 0.0000e+00
1.7750 0.00000000 0.0000e+00
1.7800 0.00000000 0.0000e+00
1.7850 0.00000000 0.0000e+00
1.7900 0.00000000 0.0000e+00
1.7950 0.00000000 0.0000e+00
1.8000 0.00000000 0.0000e+00
1.8050 0.00000000 0.0000e+00
1.8100 0.00000000 0.0000e+00
1.8150 0.00000000 0.0000e+00
1.8200 0.00000000 0.0000e+00
1.8250 0.00000000 0.0000e+00
1.8300 0.00000000 0.0000e+00
1.8350 0.00000000 0.0000e+00
1.8400 0.00000000 0.0000e+00
1.8450 0.00000000 0.0000e+00
1.8500 0.00000000 0.0000e+00
1.8550 0.00000000 0.0000e+00
1.8600 0.00000000 0.0000e+00
1.8650 0.00000000 0.0000e+00
1.8700 0.00000000 0.0000e+00
1.8750 0.00000000 0.0000e+00
1.8800 0.00000000 0.0000e+00
1.8850 0.00000000 0.0000e+00
1.8900 0.00000000 0.0000e+00
1.8950 0.00000000 0.0000e+00
1.9000 0.00000000 0.0000e+00
1.9050 0.00000000 0.0000e+00
1.9100 0.00000000 0.0000e+00
1.9150 0.00000000 0.0000e+00
1.9200 0.00000000 0.0000e+00
1.9250 0.00000000 0.0000e+00
1.9300 0.00000000 0.0000e+00
1.9350 0.00000000 0.0000e+00
1.9400 0.00000000 0.0000e+00
1.9450 0.00000000 0.0000e+00
1.9500 0.00000000 0.0000e+00
1.9550 0.00000000 0.0000e+00
1.9600 0.00000000 0.0000e+00
1.9650 0.00000000 0.0000e+00
1.9700 0.00000000 0.0000e+00
1.9750 0.00000000 0.0000e+00
1.9800 0.00000000 0.0000e+00
1.9850 0.00000000 0.0000e+00
1.9900 0.00000000 0.0000e+00
1.9950 0.00000000 0.0000e+00
2.0000 0.00000000 0.0000e+00
2.0050 0.00000000 0.0000e+00
2.0100 0.00000000 0.0000e+00
2.0150 0.00000000 0.0000e+00
2.0200 0.00000000 0.0000e+00
2.0250 0.00000000 0.0000e+00
2.0300 0.00000000 0.0000e+00
2.0350 0.00000000 0.0000e+00
2.0400 0.00000000 0.0000e+00
2.0450 0.00000000 0.0000e+00
2.0500 0.00000000 0.0000e+00
2.0550 0.00000000 0.0000e+00
2.0600 0.00000000 0.0000e+00
2.0650 0.00000000 0.0000e+00
2.0700 0.00000000 0.0000e+00
2.0750 0.00000000 0.0000e+00
2.0800 0.00000000 0.0000e+00
2.0850 0.00000000 0.0000e+00
2.0900 0.00000000 0.0000e+00
2.0950 0.00000000 0.0000e+00
2.1000 0.00000000 0.0000e+00
2.1050 0.00000000 0.0000e+00
2.1100 0.00000000 0.0000e+00
2.1150 0.00354539 1.3287e+10
2.1200 0.00371353 1.3918e+10
2.1250 0.00388166 1.4548e+10
2.1300 0.00404979 1.5178e+10
2.1350 0.00421792 1.5808e+10
2.1400 0.00438605 1.6438e+10
2.1450 0.00455418 1.7068e+10
2.1500 0.00472231 1.7698e+10
2.1550 0.00489044 1.8328e+10
2.1600 0.00505857 1.8959e+10
2.1650 0.00522670 1.9589e+10
2.1700 0.00539483 2.0219e+10
2.1750 0.00556297 2.0849e+10
2.1800 0.00573110 2.1479e+10
2.1850 0.00589923 2.2109e+10
2.1900 0.00606736 2.2739e+10
2.1950 0.00623549 2.3369e+10
2.2000 0.00640362 2.4000e+10
2.2050 0.00657175 2.4630e+10
2.2100 0.00673988 2.5260e+10
2.2150 0.00690801 2.5890e+10
2.2200 0.00707614 2.6520e+10
2.2250 0.00724428 2.7150e+10
2.2300 0.00741241 2.7780e+10
2.2350 0.00758054 2.8410e+10
2.2400 0.00774867 2.9041e+10
2.2450 0.00791680 2.9671e+10
2.2500 0.00808493 3.0301e+10
2.2550 0.00825306 3.0931e+10
2.2600 0.00842119 3.1561e+10
2.2650 0.00858932 3.2191e+10
2.2700 0.00875745 3.2821e+10
2.2750 0.00892558 3.3451e+10
2.2800 0.00909372 3.4082e+10
2.2850 0.00926185 3.4712e+10
2.2900 0.00942998 3.5342e+10
2.2950 0.00959811 3.5972e+10
2.3000 0.00976624 3.6602e+10
2.3050 0.00993437 3.7232e+10
2.3100 0.01010250 3.7862e+10
2.3150 0.01027063 3.8492e+10
2.3200 0.01043876 3.9123e+10
2.3250 0.01060689 3.9753e+10
2.3300 0.01077502 4.0383e+10
2.3350 0.01094316 4.1013e+10
2.3400 0.01111129 4.1643e+10
2.3450 0.01127942 4.2273e+10
2.3500 0.01144755 4.2903e+10
2.3550 0.01161568 4.3533e+10
2.3600 0.01178381 4.4164e+10
2.3650 0.01195194 4.4794e+10
2.3700 0.01212007 4.5424e+10
2.3750 0.01228820 4.6054e+10
2.3800 0.01245633 4.6684e+10
2.3850 0.01262446 4.7314e+10
2.3900 0.01279260 4.7944e+10
2.3950 0.01296073 4.8574e+10
2.4000 0.01312886 4.9205e+10
2.4050 0.01329699 4.9835e+10
2.4100 0.01346512 5.0465e+10
2.4150 0.01363480 5.1101e+10
2.4200 0.01409310 5.2818e+10
2.4250 0.01455141 5.4536e+10
2.4300 0.01500971 5.6254e+10
2.4350 0.01546802 5.7971e+10
2.4400 0.01592632 5.9689e+10
2.4450 0.01638463 6.1407e+10
2.4500 0.01684293 6.3124e+10
2.4550 0.01730124 6.4842e+10
2.4600 0.01775954 6.6559e+10
2.4650 0.01821785 6.8277e+10
2.4700 0.01867615 6.9995e+10
2.4750 0.01913446 7.1712e+10
2.4800 0.01959276 7.3430e+10
2.4850 0.02005107 7.5148e+10
2.4900 0.02050937 7.6865e+10
2.4950 0.02096768 7.8583e+10
2.5000 0.02142598 8.0301e+10
2.5050 0.02188429 8.2018e+10
2.5100 0.02234259 8.3736e+10
2.5150 0.02280090 8.5454e+10
2.5200 0.02325920 8.7171e+10
2.5250 0.02371751 8.8889e+10
2.5300 0.02417581 9.0606e+10
2.5350 0.02463412 9.2324e+10
2.5400 0.02509242 9.4042e+10
2.5450 0.02555073 9.5759e+10
2.5500 0.02600903 9.7477e+10
2.5550 0.02646734 9.9195e+10
2.5600 0.02692564 1.0091e+11
2.5650 0.02738395 1.0263e+11
2.5700 0.02784225 1.0435e+11
2.5750 0.02830056 1.0607e+11
2.5800 0.02875886 1.0778e+11
2.5850 0.02921717 1.0950e+11
2.5900 0.02967547 1.1122e+11
2.5950 0.03045199 1.1413e+11
2.6000 0.03131458 1.1736e+11
2.6050 0.03217718 1.2059e+11
2.6100 0.03303978 1.2383e+11
2.6150 0.03390237 1.2706e+11
2.6200 0.03476497 1.3029e+11
2.6250 0.03562756 1.3353e+11
2.6300 0.03649016 1.3676e+11
2.6350 0.03735276 1.3999e+11
2.6400 0.03821535 1.4322e+11
2.6450 0.03907795 1.4646e+11
2.6500 0.03994054 1.4969e+11
2.6550 0.04080314 1.5292e+11
2.6600 0.04166574 1.5616e+11
2.6650 0.04252833 1.5939e+11
2.6700 0.04339093 1.6262e+11
2.6750 0.04425352 1.6585e+11
2.6800 0.04511612 1.6909e+11
2.6850 0.04597871 1.7232e+11
2.6900 0.04684131 1.7555e+11
2.6950 0.04770391 1.7879e+11
2.7000 0.04856650 1.8202e+11
2.7050 0.04942910 1.8525e+11
2.7100 0.05029169 1.8848e+11
2.7150 0.05115429 1.9172e+11
2.7200 0.05241642 1.9645e+11
2.7250 0.05377886 2.0155e+11
2.7300 0.05514130 2.0666e+11
2.7350 0.05650374 2.1177e+11
2.7400 0.05786617 2.1687e+11
2.7450 0.05922861 2.2198e+11
2.7500 0.06059105 2.2708e+11
2.7550 0.06195348 2.3219e+11
2.7600 0.06331592 2.3730e+11
2.7650 0.06467836 2.4240e+11
2.7700 0.06604080 2.4751e+11
2.7750 0.06740323 2.5261e+11
2.7800 0.06876567 2.5772e+11
2.7850 0.07012811 2.6283e+11
2.7900 0.07149055 2.6793e+11
2.7950 0.07285298 2.7304e+11
2.8000 0.07421542 2.7815e+11
2.8050 0.07557786 2.8325e+11
2.8100 0.07694029 2.8836e+11
2.8150 0.07854498 2.9437e+11
2.8200 0.08048788 3.0165e+11
2.8250 0.08243079 3.0894e+11
2.8300 0.08437370 3.1622e+11
2.8350 0.08631660 3.2350e+11
2.8400 0.08825951 3.3078e+11
2.8450 0.09020242 3.3806e+11
2.8500 0.09214532 3.4534e+11
2.8550 0.09408823 3.5263e+11
2.8600 0.09603113 3.5991e+11
2.8650 0.09797404 3.6719e+11
2.8700 0.09991695 3.7447e+11
2.8750 0.10185985 3.8175e+11
2.8800 0.10380276 3.8903e+11
2.8850 0.10574567 3.9632e+11
2.8900 0.10768857 4.0360e+11
2.8950 0.11000107 4.1226e+11
2.9000 0.11258000 4.2193e+11
2.9050 0.11515894 4.3159e+11
2.9100 0.11773788 4.4126e+11
2.9150 0.12031682 4.5093e+11
2.9200 0.12289576 4.6059e+11
2.9250 0.12547470 4.7026e+11
2.9300 0.12805364 4.7992e+11
2.9350 0.13063258 4.8959e+11
2.9400 0.13321152 4.9925e+11
2.9450 0.13579046 5.0892e+11
2.9500 0.13836940 5.1858e+11
2.9550 0.14094834 5.2825e+11
2.9600 0.14366041 5.3841e+11
2.9650 0.14693372 5.5068e+11
2.9700 0.15020704 5.6295e+11
2.9750 0.15348035 5.7522e+11
2.9800 0.15675367 5.8748e+11
2.9850 0.16002698 5.9975e+11
2.9900 0.16330030 6.1202e+11
2.9950 0.16657361 6.2429e+11
3.0000 0.16984693 6.3655e+11
3.0050 0.17312024 6.4882e+11
3.0100 0.17639356 6.6109e+11
3.0150 0.17966687 6.7336e+11
3.0200 0.18329386 6.8695e+11
3.0250 0.18716325 7.0145e+11
3.0300 0.19103265 7.1595e+11
3.0350 0.19490204 7.3046e+11
3.0400 0.19877143 7.4496e+11
3.0450 0.20264082 7.5946e+11
3.0500 0.20651021 7.7396e+11
3.0550 0.21037961 7.8846e+11
3.0600 0.21424900 8.0297e+11
3.0650 0.21811839 8.1747e+11
3.0700 0.22230334 8.3315e+11
3.0750 0.22704245 8.5091e+11
3.0800 0.23178156 8.6867e+11
3.0850 0.23652067 8.8644e+11
3.0900 0.24125977 9.0420e+11
3.0950 0.24599888 9.2196e+11
3.1000 0.25073799 9.3972e+11
3.1050 0.25547710 9.5748e+11
3.1100 0.26021621 9.7524e+11
3.1150 0.26505723 9.9339e+11
3.1200 0.27027859 1.0130e+12
3.1250 0.27549995 1.0325e+12
3.1300 0.28072131 1.0521e+12
3.1350 0.28594267 1.0717e+12
3.1400 0.29116403 1.0912e+12
3.1450 0.29638539 1.1108e+12
3.1500 0.30160675 1.1304e+12
3.1550 0.30682811 1.1499e+12
3.1600 0.31274394 1.1721e+12
3.1650 0.31870982 1.1945e+12
3.1700 0.32467569 1.2168e+12
3.1750 0.33064156 1.2392e+12
3.1800 0.33660744 1.2615e+12
3.1850 0.34257331 1.2839e+12
3.1900 0.34853918 1.3063e+12
3.1950 0.35486799 1.3300e+12
3.2000 0.36180149 1.3560e+12
3.2050 0.36873499 1.3820e+12
3.2100 0.37566849 1.4079e+12
3.2150 0.38260199 1.4339e+12
3.2200 0.38953549 1.4599e+12
3.2250 0.39646899 1.4859e+12
3.2300 0.40357258 1.5125e+12
3.2350 0.41090849 1.5400e+12
3.2400 0.41824441 1.5675e+12
3.2450 0.42558032 1.5950e+12
3.2500 0.43291624 1.6225e+12
3.2550 0.44025215 1.6500e+12
3.2600 0.44758807 1.6775e+12
3.2650 0.45541236 1.7068e+12
3.2700 0.46324372 1.7362e+12
3.2750 0.47107508 1.7655e+12
3.2800 0.47890644 1.7949e+12
3.2850 0.48673780 1.8242e+12
3.2900 0.49456916 1.8536e+12
3.2950 0.50295264 1.8850e+12
3.3000 0.51133996 1.9164e+12
3.3050 0.51972728 1.9478e+12
3.3100 0.52811461 1.9793e+12
3.3150 0.53650193 2.0107e+12
3.3200 0.54517542 2.0432e+12
3.3250 0.55430157 2.0774e+12
3.3300 0.56342771 2.1116e+12
3.3350 0.57255386 2.1458e+12
3.3400 0.58168000 2.1800e+12
3.3450 0.59085038 2.2144e+12
3.3500 0.60034047 2.2500e+12
3.3550 0.60983055 2.2855e+12
3.3600 0.61932064 2.3211e+12
3.3650 0.62881072 2.3567e+12
3.3700 0.63834172 2.3924e+12
3.3750 0.64809272 2.4289e+12
3.3800 0.65784371 2.4655e+12
3.3850 0.66759470 2.5020e+12
3.3900 0.67734570 2.5386e+12
3.3950 0.68742098 2.5763e+12
3.4000 0.69787601 2.6155e+12
3.4050 0.70833104 2.6547e+12
3.4100 0.71878606 2.6939e+12
3.4150 0.72923453 2.7330e+12
3.4200 0.73845756 2.7676e+12
3.4250 0.74768059 2.8022e+12
3.4300 0.75690363 2.8367e+12
3.4350 0.76612666 2.8713e+12
3.4400 0.77679762 2.9113e+12
3.4450 0.78790728 2.9529e+12
3.4500 0.79901694 2.9946e+12
3.4550 0.81012660 3.0362e+12
3.4600 0.82095971 3.0768e+12
3.4650 0.83168888 3.1170e+12
3.4700 0.84241804 3.1572e+12
3.4750 0.85314721 3.1974e+12
3.4800 0.86365698 3.2368e+12
3.4850 0.87413274 3.2761e+12
3.4900 0.88460850 3.3153e+12
3.4950 0.89517679 3.3550e+12
3.5000 0.90619986 3.3963e+12
3.5050 0.91722292 3.4376e+12
3.5100 0.92824599 3.4789e+12
3.5150 0.93924366 3.5201e+12
3.5200 0.95022600 3.5613e+12
3.5250 0.96120833 3.6024e+12
3.5300 0.97200156 3.6429e+12
3.5350 0.98211108 3.6808e+12
3.5400 0.99222059 3.7187e+12
3.5450 1.00233011 3.7565e+12
3.5500 1.01272923 3.7955e+12
3.5550 1.02314730 3.8346e+12
3.5600 1.03356538 3.8736e+12
3.5650 1.04330980 3.9101e+12
3.5700 1.05286390 3.9459e+12
3.5750 1.06241801 3.9817e+12
3.5800 1.07225699 4.0186e+12
3.5850 1.08220041 4.0559e+12
3.5900 1.09214383 4.0932e+12
3.5950 1.10159361 4.1286e+12
3.6000 1.11090986 4.1635e+12
3.6050 1.12022611 4.1984e+12
3.6100 1.12944102 4.2329e+12
3.6150 1.13864934 4.2674e+12
3.6200 1.14756151 4.3008e+12
3.6250 1.15513666 4.3292e+12
3.6300 1.16271180 4.3576e+12
3.6350 1.17001697 4.3850e+12
3.6400 1.17706122 4.4114e+12
3.6450 1.18410548 4.4378e+12
3.6500 1.19519412 4.4794e+12
3.6550 1.20665584 4.5223e+12
3.6600 1.21502341 4.5537e+12
3.6650 1.21870542 4.5675e+12
3.6700 1.22238743 4.5813e+12
3.6750 1.23094255 4.6133e+12
3.6800 1.23974967 4.6464e+12
3.6850 1.24510512 4.6664e+12
3.6900 1.24786711 4.6768e+12
3.6950 1.25152250 4.6905e+12
3.7000 1.25779335 4.7140e+12
3.7050 1.26406420 4.7375e+12
3.7100 1.26970832 4.7586e+12
3.7150 1.27535143 4.7798e+12
3.7200 1.27893649 4.7932e+12
3.7250 1.28200487 4.8047e+12
3.7300 1.28566771 4.8184e+12
3.7350 1.28964428 4.8333e+12
3.7400 1.29139341 4.8399e+12
3.7450 1.29140285 4.8399e+12
3.7500 1.29243111 4.8438e+12
3.7550 1.29440878 4.8512e+12
3.7600 1.29728455 4.8620e+12
3.7650 1.30098669 4.8759e+12
3.7700 1.30211316 4.8801e+12
3.7750 1.30128727 4.8770e+12
3.7800 1.30211591 4.8801e+12
3.7850 1.30379778 4.8864e+12
3.7900 1.30134731 4.8772e+12
3.7950 1.29780998 4.8640e+12
3.8000 1.29390147 4.8493e+12
3.8050 1.29051973 4.8366e+12
3.8100 1.28974031 4.8337e+12
3.8150 1.28674214 4.8225e+12
3.8200 1.28064614 4.7996e+12
3.8250 1.27969419 4.7961e+12
3.8300 1.28083108 4.8003e+12
3.8350 1.26858158 4.7544e+12
3.8400 1.25991926 4.7219e+12
3.8450 1.25774170 4.7138e+12
3.8500 1.25466428 4.7022e+12
3.8550 1.25044199 4.6864e+12
3.8600 1.24115404 4.6516e+12
3.8650 1.23160087 4.6158e+12
3.8700 1.22202581 4.5799e+12
3.8750 1.21709389 4.5614e+12
3.8800 1.21111206 4.5390e+12
3.8850 1.20385567 4.5118e+12
3.8900 1.18892658 4.4559e+12
3.8950 1.18375956 4.4365e+12
3.9000 1.18337369 4.4351e+12
3.9050 1.16972013 4.3839e+12
3.9100 1.15260135 4.3197e+12
3.9150 1.13784980 4.2645e+12
3.9200 1.13004364 4.2352e+12
3.9250 1.11713923 4.1868e+12
3.9300 1.10512733 4.1418e+12
3.9350 1.09610571 4.1080e+12
3.9400 1.09258673 4.0948e+12
3.9450 1.07302001 4.0215e+12
3.9500 1.06157704 3.9786e+12
3.9550 1.04995155 3.9350e+12
3.9600 1.03294907 3.8713e+12
3.9650 1.01211296 3.7932e+12
3.9700 0.99779578 3.7396e+12
3.9750 0.99160179 3.7163e+12
3.9800 0.97600646 3.6579e+12
3.9850 0.95385133 3.5749e+12
3.9900 0.93815016 3.5160e+12
3.9950 0.92425793 3.4639e+12
4.0000 0.91195057 3.4178e+12
4.0050 0.90254417 3.3826e+12
4.0100 0.87740821 3.2884e+12
4.0150 0.86356596 3.2365e+12
4.0200 0.85589042 3.2077e+12
4.0250 0.83840745 3.1422e+12
4.0300 0.81887979 3.0690e+12
4.0350 0.80707748 3.0248e+12
4.0400 0.78969796 2.9596e+12
4.0450 0.76651072 2.8727e+12
4.0500 0.75024436 2.8118e+12
4.0550 0.73559943 2.7569e+12
4.0600 0.72182660 2.7053e+12
4.0650 0.70240754 2.6325e+12
4.0700 0.68184533 2.5554e+12
4.0750 0.66678622 2.4990e+12
4.0800 0.64479454 2.4166e+12
4.0850 0.63278404 2.3716e+12
4.0900 0.62468204 2.3412e+12
4.0950 0.60250503 2.2581e+12
4.1000 0.58282130 2.1843e+12
4.1050 0.56690649 2.1247e+12
4.1100 0.56102350 2.1026e+12
4.1150 0.54274332 2.0341e+12
4.1200 0.52209668 1.9567e+12
4.1250 0.50460105 1.8912e+12
4.1300 0.48883240 1.8321e+12
4.1350 0.47480918 1.7795e+12
4.1400 0.45771452 1.7154e+12
4.1450 0.44228226 1.6576e+12
4.1500 0.43224295 1.6200e+12
4.1550 0.41497828 1.5553e+12
4.1600 0.39584300 1.4835e+12
4.1650 0.39166693 1.4679e+12
4.1700 0.37290787 1.3976e+12
4.1750 0.36355693 1.3625e+12
4.1800 0.34877875 1.3072e+12
4.1850 0.33165642 1.2430e+12
4.1900 0.31804118 1.1920e+12
4.1950 0.30893771 1.1578e+12
4.2000 0.29398542 1.1018e+12
4.2050 0.29162364 1.0930e+12
4.2100 0.27210748 1.0198e+12
4.2150 0.25646470 9.6118e+11
4.2200 0.24863416 9.3183e+11
4.2250 0.23743893 8.8988e+11
4.2300 0.22808090 8.5480e+11
4.2350 0.21872394 8.1974e+11
4.2400 0.20585192 7.7149e+11
4.2450 0.19696778 7.3820e+11
4.2500 0.19400584 7.2710e+11
4.2550 0.17955132 6.7293e+11
4.2600 0.17648354 6.6143e+11
4.2650 0.15997238 5.9955e+11
4.2700 0.15677171 5.8755e+11
4.2750 0.15430405 5.7830e+11
4.2800 0.14059048 5.2691e+11
4.2850 0.13250751 4.9661e+11
4.2900 0.12455293 4.6680e+11
4.2950 0.11600635 4.3477e+11
4.3000 0.10869342 4.0736e+11
4.3050 0.10348451 3.8784e+11
4.3100 0.10021679 3.7559e+11
4.3150 0.09230816 3.4595e+11
4.3200 0.08789717 3.2942e+11
4.3250 0.08149605 3.0543e+11
4.3300 0.07879486 2.9531e+11
4.3350 0.07474146 2.8012e+11
4.3400 0.06753743 2.5312e+11
4.3450 0.06769271 2.5370e+11
4.3500 0.05565799 2.0860e+11
4.3550 0.05736722 2.1500e+11
4.3600 0.05041247 1.8894e+11
4.3650 0.04797167 1.7979e+11
4.3700 0.04602275 1.7248e+11
4.3750 0.04271337 1.6008e+11
4.3800 0.03835110 1.4373e+11
4.3850 0.04288567 1.6073e+11
4.3900 0.03502886 1.3128e+11
4.3950 0.03320941 1.2446e+11
4.4000 0.02872429 1.0765e+11
4.4050 0.02626340 9.8430e+10
4.4100 0.02410510 9.0341e+10
4.4150 0.02504339 9.3858e+10
4.4200 0.02097413 7.8607e+10
4.4250 0.02035969 7.6304e+10
4.4300 0.01751730 6.5652e+10
4.4350 0.01694139 6.3493e+10
4.4400 0.01575574 5.9050e+10
4.4450 0.01429998 5.3594e+10
4.4500 0.01004373 3.7642e+10
4.4550 0.01080495 4.0495e+10
4.4600 0.01147401 4.3002e+10
4.4650 0.01104606 4.1399e+10
4.4700 0.00858718 3.2183e+10
4.4750 0.00657474 2.4641e+10
4.4800 0.00667988 2.5035e+10
4.4850 0.00573627 2.1498e+10
4.4900 0.00670241 2.5119e+10
4.4950 0.00592123 2.2192e+10
4.5000 0.00273603 1.0254e+10
4.5050 0.00417148 1.5634e+10
4.5100 0.00314131 1.1773e+10
4.5150 0.00343390 1.2870e+10
4.5200 0.00175540 6.5789e+09
4.5250 0.00229453 8.5995e+09
4.5300 0.00235799 8.8373e+09
4.5350 0.00219165 8.2139e+09
4.5400 0.00197853 7.4151e+09
4.5450 0.00092261 3.4578e+09
4.5500 0.00165736 6.2115e+09
4.5550 0.00196489 7.3640e+09
4.5600 0.00080642 3.0223e+09
4.5650 0.00035994 1.3490e+09
4.5700 0.00044281 1.6596e+09
4.5750 0.00075379 2.8251e+09
4.5800 0.00103713 3.8870e+09
4.5850 0.00124622 4.6706e+09
4.5900 0.00091559 3.4315e+09
4.5950 0.00143191 5.3665e+09
4.6000 0.00084577 3.1698e+09
4.6050 0.00043274 1.6218e+09
4.6100 0.00044283 1.6597e+09
4.6150 0.00072097 2.7021e+09
4.6200 0.00046369 1.7378e+09
4.6250 0.00047450 1.7783e+09
4.6300 0.00069298 2.5972e+09
4.6350 0.00049693 1.8624e+09
4.6400 0.00050843 1.9055e+09
4.6450 0.00052029 1.9500e+09
4.6500 0.00053244 1.9955e+09
4.6550 0.00054484 2.0419e+09
4.6600 0.00055749 2.0894e+09
4.6650 0.00057049 2.1381e+09
4.6700 0.00058421 2.1895e+09
4.6750 0.00059822 2.2420e+09
4.6800 0.00061224 2.2946e+09
4.6850 0.00062626 2.3471e+09
4.6900 0.00064028 2.3997e+09
4.6950 0.00065522 2.4556e+09
4.7000 0.00067053 2.5130e+09
4.7050 0.00068584 2.5704e+09
4.7100 0.00000000 0.0000e+00
4.7150 0.00000000 0.0000e+00
4.7200 0.00000000 0.0000e+00
4.7250 0.00000000 0.0000e+00
4.7300 0.00000000 0.0000e+00
4.7350 0.00000000 0.0000e+00
4.7400 0.00000000 0.0000e+00
4.7450 0.00000000 0.0000e+00
4.7500 0.00000000 0.0000e+00
4.7550 0.00000000 0.0000e+00
4.7600 0.00000000 0.0000e+00
4.7650 0.00000000 0.0000e+00
4.7700 0.00000000 0.0000e+00
4.7750 0.00000000 0.0000e+00
4.7800 0.00000000 0.0000e+00
4.7850 0.00000000 0.0000e+00
4.7900 0.00000000 0.0000e+00
4.7950 0.00000000 0.0000e+00
4.8000 0.00000000 0.0000e+00
4.8050 0.00000000 0.0000e+00
4.8100 0.00000000 0.0000e+00
4.8150 0.00000000 0.0000e+00
4.8200 0.00000000 0.0000e+00
4.8250 0.00000000 0.0000e+00
4.8300 0.00000000 0.0000e+00
4.8350 0.00000000 0.0000e+00
4.8400 0.00000000 0.0000e+00
4.8450 0.00000000 0.0000e+00
4.8500 0.00000000 0.0000e+00
4.8550 0.00000000 0.0000e+00
4.8600 0.00000000 0.0000e+00
4.8650 0.00000000 0.0000e+00
4.8700 0.00000000 0.0000e+00
4.8750 0.00000000 0.0000e+00
4.8800 0.00000000 0.0000e+00
4.8850 0.00000000 0.0000e+00
4.8900 0.00000000 0.0000e+00
4.8950 0.00000000 0.0000e+00
4.9000 0.00000000 0.0000e+00
4.9050 0.00000000 0.0000e+00
4.9100 0.00000000 0.0000e+00
4.9150 0.00000000 0.0000e+00
4.9200 0.00000000 0.0000e+00
4.9250 0.00000000 0.0000e+00
4.9300 0.00000000 0.0000e+00
4.9350 0.00000000 0.0000e+00
4.9400 0.00000000 0.0000e+00
4.9450 0.00000000 0.0000e+00
4.9500 0.00000000 0.0000e+00
4.9550 0.00000000 0.0000e+00
4.9600 0.00000000 0.0000e+00
4.9650 0.00000000 0.0000e+00
4.9700 0.00000000 0.0000e+00
4.9750 0.00000000 0.0000e+00
4.9800 0.00000000 0.0000e+00
4.9850 0.00000000 0.0000e+00
4.9900 0.00000000 0.0000e+00
4.9950 0.00000000 0.0000e+00
5.0000 0.00000000 0.0000e+00
5.0050 0.00000000 0.0000e+00
5.0100 0.00000000 0.0000e+00
5.0150 0.00000000 0.0000e+00
5.0200 0.00000000 0.0000e+00
5.0250 0.00000000 0.0000e+00
5.0300 0.00000000 0.0000e+00
5.0350 0.00000000 0.0000e+00
5.0400 0.00000000 0.0000e+00
5.0450 0.00000000 0.0000e+00
5.0500 0.00000000 0.0000e+00
5.0550 0.00000000 0.0000e+00
5.0600 0.00000000 0.0000e+00
5.0650 0.00000000 0.0000e+00
5.0700 0.00000000 0.0000e+00
5.0750 0.00000000 0.0000e+00
5.0800 0.00000000 0.0000e+00
5.0850 0.00000000 0.0000e+00
5.0900 0.00000000 0.0000e+00
5.0950 0.00000000 0.0000e+00
5.1000 0.00000000 0.0000e+00
5.1050 0.00000000 0.0000e+00
5.1100 0.00000000 0.0000e+00
5.1150 0.00000000 0.0000e+00
5.1200 0.00000000 0.0000e+00
5.1250 0.00000000 0.0000e+00
5.1300 0.00000000 0.0000e+00
5.1350 0.00000000 0.0000e+00
5.1400 0.00000000 0.0000e+00
5.1450 0.00000000 0.0000e+00
5.1500 0.00000000 0.0000e+00
5.1550 0.00000000 0.0000e+00
5.1600 0.00000000 0.0000e+00
5.1650 0.00000000 0.0000e+00
5.1700 0.00000000 0.0000e+00
5.1750 0.00000000 0.0000e+00
5.1800 0.00000000 0.0000e+00
5.1850 0.00000000 0.0000e+00
5.1900 0.00000000 0.0000e+00
5.1950 0.00000000 0.0000e+00
5.2000 0.00000000 0.0000e+00
5.2050 0.00000000 0.0000e+00
5.2100 0.00000000 0.0000e+00
5.2150 0.00000000 0.0000e+00
5.2200 0.00000000 0.0000e+00
5.2250 0.00000000 0.0000e+00
5.2300 0.00000000 0.0000e+00
5.2350 0.00000000 0.0000e+00
5.2400 0.00000000 0.0000e+00
5.2450 0.00000000 0.0000e+00
5.2500 0.00000000 0.0000e+00
5.2550 0.00000000 0.0000e+00
5.2600 0.00000000 0.0000e+00
5.2650 0.00000000 0.0000e+00
5.2700 0.00000000 0.0000e+00
5.2750 0.00000000 0.0000e+00
5.2800 0.00000000 0.0000e+00
5.2850 0.00000000 0.0000e+00
5.2900 0.00000000 0.0000e+00
5.2950 0.00000000 0.0000e+00
5.3000 0.00000000 0.0000e+00
5.3050 0.00000000 0.0000e+00
5.3100 0.00000000 0.0000e+00
5.3150 0.00000000 0.0000e+00
5.3200 0.00000000 0.0000e+00
5.3250 0.00000000 0.0000e+00
5.3300 0.00000000 0.0000e+00
5.3350 0.00000000 0.0000e+00
5.3400 0.00000000 0.0000e+00
5.3450 0.00000000 0.0000e+00
5.3500 0.00000000 0.0000e+00
5.3550 0.00000000 0.0000e+00
5.3600 0.00000000 0.0000e+00
5.3650 0.00000000 0.0000e+00
5.3700 0.00000000 0.0000e+00
5.3750 0.00000000 0.0000e+00
5.3800 0.00000000 0.0000e+00
5.3850 0.00000000 0.0000e+00
5.3900 0.00000000 0.0000e+00
5.3950 0.00000000 0.0000e+00
5.4000 0.00000000 0.0000e+00
5.4050 0.00000000 0.0000e+00
5.4100 0.00000000 0.0000e+00
5.4150 0.00000000 0.0000e+00
5.4200 0.00000000 0.0000e+00
5.4250 0.00000000 0.0000e+00
5.4300 0.00000000 0.0000e+00
5.4350 0.00000000 0.0000e+00
5.4400 0.00000000 0.0000e+00
5.4450 0.00000000 0.0000e+00
5.4500 0.00000000 0.0000e+00
5.4550 0.00000000 0.0000e+00
5.4600 0.00000000 0.0000e+00
5.4650 0.00000000 0.0000e+00
5.4700 0.00000000 0.0000e+00
5.4750 0.00000000 0.0000e+00
5.4800 0.00000000 0.0000e+00
5.4850 0.00000000 0.0000e+00
5.4900 0.00000000 0.0000e+00
5.4950 0.00000000 0.0000e+00
5.5000 0.00000000 0.0000e+00
5.5050 0.00000000 0.0000e+00
5.5100 0.00000000 0.0000e+00
5.5150 0.00000000 0.0000e+00
5.5200 0.00000000 0.0000e+00
5.5250 0.00000000 0.0000e+00
5.5300 0.00000000 0.0000e+00
5.5350 0.00000000 0.0000e+00
5.5400 0.00000000 0.0000e+00
5.5450 0.00000000 0.0000e+00
5.5500 0.00000000 0.0000e+00
5.5550 0.00000000 0.0000e+00
5.5600 0.00000000 0.0000e+00
5.5650 0.00000000 0.0000e+00
5.5700 0.00000000 0.0000e+00
5.5750 0.00000000 0.0000e+00
5.5800 0.00000000 0.0000e+00
5.5850 0.00000000 0.0000e+00
5.5900 0.00000000 0.0000e+00
5.5950 0.00000000 0.0000e+00
5.6000 0.00000000 0.0000e+00
5.6050 0.00000000 0.0000e+00
5.6100 0.00000000 0.0000e+00
5.6150 0.00000000 0.0000e+00
5.6200 0.00000000 0.0000e+00
5.6250 0.00000000 0.0000e+00
5.6300 0.00000000 0.0000e+00
5.6350 0.00000000 0.0000e+00
5.6400 0.00000000 0.0000e+00
5.6450 0.00000000 0.0000e+00
5.6500 0.00000000 0.0000e+00
5.6550 0.00000000 0.0000e+00
5.6600 0.00000000 0.0000e+00
5.6650 0.00000000 0.0000e+00
5.6700 0.00000000 0.0000e+00
5.6750 0.00000000 0.0000e+00
5.6800 0.00000000 0.0000e+00
5.6850 0.00000000 0.0000e+00
5.6900 0.00000000 0.0000e+00
5.6950 0.00000000 0.0000e+00
5.7000 0.00000000 0.0000e+00
5.7050 0.00000000 0.0000e+00
5.7100 0.00000000 0.0000e+00
5.7150 0.00000000 0.0000e+00
5.7200 0.00000000 0.0000e+00
5.7250 0.00000000 0.0000e+00
5.7300 0.00000000 0.0000e+00
5.7350 0.00000000 0.0000e+00
5.7400 0.00000000 0.0000e+00
5.7450 0.00000000 0.0000e+00
5.7500 0.00000000 0.0000e+00
5.7550 0.00000000 0.0000e+00
5.7600 0.00000000 0.0000e+00
5.7650 0.00000000 0.0000e+00
5.7700 0.00000000 0.0000e+00
5.7750 0.00000000 0.0000e+00
5.7800 0.00000000 0.0000e+00
5.7850 0.00000000 0.0000e+00
5.7900 0.00000000 0.0000e+00
5.7950 0.00000000 0.0000e+00
5.8000 0.00000000 0.0000e+00
5.8050 0.00000000 0.0000e+00
5.8100 0.00000000 0.0000e+00
5.8150 0.00000000 0.0000e+00
5.8200 0.00000000 0.0000e+00
5.8250 0.00000000 0.0000e+00
5.8300 0.00000000 0.0000e+00
5.8350 0.00000000 0.0000e+00
5.8400 0.00000000 0.0000e+00
5.8450 0.00000000 0.0000e+00
5.8500 0.00000000 0.0000e+00
5.8550 0.00000000 0.0000e+00
5.8600 0.00000000 0.0000e+00
5.8650 0.00000000 0.0000e+00
5.8700 0.00000000 0.0000e+00
5.8750 0.00000000 0.0000e+00
5.8800 0.00000000 0.0000e+00
5.8850 0.00000000 0.0000e+00
5.8900 0.00000000 0.0000e+00
5.8950 0.00000000 0.0000e+00
5.9000 0.00000000 0.0000e+00
5.9050 0.00000000 0.0000e+00
5.9100 0.00000000 0.0000e+00
5.9150 0.00000000 0.0000e+00
5.9200 0.00000000 0.0000e+00
5.9250 0.00000000 0.0000e+00
5.9300 0.00000000 0.0000e+00
5.9350 0.00000000 0.0000e+00
5.9400 0.00000000 0.0000e+00
5.9450 0.00000000 0.0000e+00
5.9500 0.00000000 0.0000e+00
5.9550 0.00000000 0.0000e+00
5.9600 0.00000000 0.0000e+00
5.9650 0.00000000 0.0000e+00
5.9700 0.00000000 0.0000e+00
5.9750 0.00000000 0.0000e+00
5.9800 0.00000000 0.0000e+00
5.9850 0.00000000 0.0000e+00
5.9900 0.00000000 0.0000e+00
5.9950 0.00000000 0.0000e+00
6.0000 0.00000000 0.0000e+00
6.0050 0.00000000 0.0000e+00
6.0100 0.00000000 0.0000e+00
6.0150 0.00000000 0.0000e+00
6.0200 0.00000000 0.0000e+00
6.0250 0.00000000 0.0000e+00
6.0300 0.00000000 0.0000e+00
6.0350 0.00000000 0.0000e+00
6.0400 0.00000000 0.0000e+00
6.0450 0.00000000 0.0000e+00
6.0500 0.00000000 0.0000e+00
6.0550 0.00000000 0.0000e+00
6.0600 0.00000000 0.0000e+00
6.0650 0.00000000 0.0000e+00
6.0700 0.00000000 0.0000e+00
6.0750 0.00000000 0.0000e+00
6.0800 0.00000000 0.0000e+00
6.0850 0.00000000 0.0000e+00
6.0900 0.00000000 0.0000e+00
6.0950 0.00000000 0.0000e+00
6.1000 0.00000000 0.0000e+00
6.1050 0.00000000 0.0000e+00
6.1100 0.00000000 0.0000e+00
6.1150 0.00000000 0.0000e+00
6.1200 0.00000000 0.0000e+00
6.1250 0.00000000 0.0000e+00
6.1300 0.00000000 0.0000e+00
6.1350 0.00000000 0.0000e+00
6.1400 0.00000000 0.0000e+00
6.1450 0.00000000 0.0000e+00
6.1500 0.00000000 0.0000e+00
6.1550 0.00000000 0.0000e+00
6.1600 0.00000000 0.0000e+00
6.1650 0.00000000 0.0000e+00
6.1700 0.00000000 0.0000e+00
6.1750 0.00000000 0.0000e+00
6.1800 0.00000000 0.0000e+00
6.1850 0.00000000 0.0000e+00
6.1900 0.00000000 0.0000e+00
6.1950 0.00000000 0.0000e+00
6.2000 0.00000000 0.0000e+00
6.2050 0.00000000 0.0000e+00
6.2100 0.00000000 0.0000e+00
6.2150 0.00000000 0.0000e+00
6.2200 0.00000000 0.0000e+00
6.2250 0.00000000 0.0000e+00
6.2300 0.00000000 0.0000e+00
6.2350 0.00000000 0.0000e+00
6.2400 0.00000000 0.0000e+00
6.2450 0.00000000 0.0000e+00
6.2500 0.00000000 0.0000e+00
6.2550 0.00000000 0.0000e+00
6.2600 0.00000000 0.0000e+00
6.2650 0.00000000 0.0000e+00
6.2700 0.00000000 0.0000e+00
6.2750 0.00000000 0.0000e+00
6.2800 0.00000000 0.0000e+00
6.2850 0.00000000 0.0000e+00
6.2900 0.00000000 0.0000e+00
6.2950 0.00000000 0.0000e+00
6.3000 0.00000000 0.0000e+00
6.3050 0.00000000 0.0000e+00
6.3100 0.00000000 0.0000e+00
6.3150 0.00000000 0.0000e+00
6.3200 0.00000000 0.0000e+00
6.3250 0.00000000 0.0000e+00
6.3300 0.00000000 0.0000e+00
6.3350 0.00000000 0.0000e+00
6.3400 0.00000000 0.0000e+00
6.3450 0.00000000 0.0000e+00
6.3500 0.00000000 0.0000e+00
6.3550 0.00000000 0.0000e+00
6.3600 0.00000000 0.0000e+00
6.3650 0.00000000 0.0000e+00
6.3700 0.00000000 0.0000e+00
6.3750 0.00000000 0.0000e+00
6.3800 0.00000000 0.0000e+00
6.3850 0.00000000 0.0000e+00
6.3900 0.00000000 0.0000e+00
6.3950 0.00000000 0.0000e+00
6.4000 0.00000000 0.0000e+00
6.4050 0.00000000 0.0000e+00
6.4100 0.00000000 0.0000e+00
6.4150 0.00000000 0.0000e+00
6.4200 0.00000000 0.0000e+00
6.4250 0.00000000 0.0000e+00
6.4300 0.00000000 0.0000e+00
6.4350 0.00000000 0.0000e+00
6.4400 0.00000000 0.0000e+00
6.4450 0.00000000 0.0000e+00
6.4500 0.00000000 0.0000e+00
6.4550 0.00000000 0.0000e+00
6.4600 0.00000000 0.0000e+00
6.4650 0.00000000 0.0000e+00
6.4700 0.00000000 0.0000e+00
6.4750 0.00000000 0.0000e+00
6.4800 0.00000000 0.0000e+00
6.4850 0.00000000 0.0000e+00
6.4900 0.00000000 0.0000e+00
6.4950 0.00000000 0.0000e+00
6.5000 0.00000000 0.0000e+00
6.5050 0.00000000 0.0000e+00
6.5100 0.00000000 0.0000e+00
6.5150 0.00000000 0.0000e+00
6.5200 0.00000000 0.0000e+00
6.5250 0.00000000 0.0000e+00
6.5300 0.00000000 0.0000e+00
6.5350 0.00000000 0.0000e+00
6.5400 0.00000000 0.0000e+00
6.5450 0.00000000 0.0000e+00
6.5500 0.00000000 0.0000e+00
6.5550 0.00000000 0.0000e+00
6.5600 0.00000000 0.0000e+00
6.5650 0.00000000 0.0000e+00
6.5700 0.00000000 0.0000e+00
6.5750 0.00000000 0.0000e+00
6.5800 0.00000000 0.0000e+00
6.5850 0.00000000 0.0000e+00
6.5900 0.00000000 0.0000e+00
6.5950 0.00000000 0.0000e+00
6.6000 0.00000000 0.0000e+00
6.6050 0.00000000 0.0000e+00
6.6100 0.00000000 0.0000e+00
6.6150 0.00000000 0.0000e+00
6.6200 0.00000000 0.0000e+00
6.6250 0.00000000 0.0000e+00
6.6300 0.00000000 0.0000e+00
6.6350 0.00000000 0.0000e+00
6.6400 0.00000000 0.0000e+00
6.6450 0.00000000 0.0000e+00
6.6500 0.00000000 0.0000e+00
6.6550 0.00000000 0.0000e+00
6.6600 0.00000000 0.0000e+00
6.6650 0.00000000 0.0000e+00
6.6700 0.00000000 0.0000e+00
6.6750 0.00000000 0.0000e+00
6.6800 0.00000000 0.0000e+00
6.6850 0.00000000 0.0000e+00
6.6900 0.00000000 0.0000e+00
6.6950 0.00000000 0.0000e+00
6.7000 0.00000000 0.0000e+00
6.7050 0.00000000 0.0000e+00
6.7100 0.00000000 0.0000e+00
6.7150 0.00000000 0.0000e+00
6.7200 0.00000000 0.0000e+00
6.7250 0.00000000 0.0000e+00
6.7300 0.00000000 0.0000e+00
6.7350 0.00000000 0.0000e+00
6.7400 0.00000000 0.0000e+00
6.7450 0.00000000 0.0000e+00
6.7500 0.00000000 0.0000e+00
6.7550 0.00000000 0.0000e+00
6.7600 0.00000000 0.0000e+00
6.7650 0.00000000 0.0000e+00
6.7700 0.00000000 0.0000e+00
6.7750 0.00000000 0.0000e+00
6.7800 0.00000000 0.0000e+00
6.7850 0.00000000 0.0000e+00
6.7900 0.00000000 0.0000e+00
6.7950 0.00000000 0.0000e+00
6.8000 0.00000000 0.0000e+00
6.8050 0.00000000 0.0000e+00
6.8100 0.00000000 0.0000e+00
6.8150 0.00000000 0.0000e+00
6.8200 0.00000000 0.0000e+00
6.8250 0.00000000 0.0000e+00
6.8300 0.00000000 0.0000e+00
6.8350 0.00000000 0.0000e+00
6.8400 0.00000000 0.0000e+00
6.8450 0.00000000 0.0000e+00
6.8500 0.00000000 0.0000e+00
6.8550 0.00000000 0.0000e+00
6.8600 0.00000000 0.0000e+00
6.8650 0.00000000 0.0000e+00
6.8700 0.00000000 0.0000e+00
6.8750 0.00000000 0.0000e+00
6.8800 0.00000000 0.0000e+00
6.8850 0.00000000 0.0000e+00
6.8900 0.00000000 0.0000e+00
6.8950 0.00000000 0.0000e+00
6.9000 0.00000000 0.0000e+00
6.9050 0.00000000 0.0000e+00
6.9100 0.00000000 0.0000e+00
6.9150 0.00000000 0.0000e+00
6.9200 0.00000000 0.0000e+00
6.9250 0.00000000 0.0000e+00
6.9300 0.00000000 0.0000e+00
6.9350 0.00000000 0.0000e+00
6.9400 0.00000000 0.0000e+00
6.9450 0.00000000 0.0000e+00
6.9500 0.00000000 0.0000e+00
6.9550 0.00000000 0.0000e+00
6.9600 0.00000000 0.0000e+00
6.9650 0.00000000 0.0000e+00
6.9700 0.00000000 0.0000e+00
6.9750 0.00000000 0.0000e+00
6.9800 0.00000000 0.0000e+00
6.9850 0.00000000 0.0000e+00
6.9900 0.00000000 0.0000e+00
6.9950 0.00000000 0.0000e+00
7.0000 0.00000000 0.0000e+00
7.0050 0.00000000 0.0000e+00
7.0100 0.00000000 0.0000e+00
7.0150 0.00000000 0.0000e+00
7.0200 0.00000000 0.0000e+00
7.0250 0.00000000 0.0000e+00
7.0300 0.00000000 0.0000e+00
7.0350 0.00000000 0.0000e+00
7.0400 0.00000000 0.0000e+00
7.0450 0.00000000 0.0000e+00
7.0500 0.00000000 0.0000e+00
7.0550 0.00000000 0.0000e+00
7.0600 0.00000000 0.0000e+00
7.0650 0.00000000 0.0000e+00
7.0700 0.00000000 0.0000e+00
7.0750 0.00000000 0.0000e+00
7.0800 0.00000000 0.0000e+00
7.0850 0.00000000 0.0000e+00
7.0900 0.00000000 0.0000e+00
7.0950 0.00000000 0.0000e+00
7.1000 0.00000000 0.0000e+00
7.1050 0.00000000 0.0000e+00
7.1100 0.00000000 0.0000e+00
7.1150 0.00000000 0.0000e+00
7.1200 0.00000000 0.0000e+00
7.1250 0.00000000 0.0000e+00
7.1300 0.00000000 0.0000e+00
7.1350 0.00000000 0.0000e+00
7.1400 0.00000000 0.0000e+00
7.1450 0.00000000 0.0000e+00
7.1500 0.00000000 0.0000e+00
7.1550 0.00000000 0.0000e+00
7.1600 0.00000000 0.0000e+00
7.1650 0.00000000 0.0000e+00
7.1700 0.00000000 0.0000e+00
7.1750 0.00000000 0.0000e+00
7.1800 0.00000000 0.0000e+00
7.1850 0.00000000 0.0000e+00
7.1900 0.00000000 0.0000e+00
7.1950 0.00000000 0.0000e+00
7.2000 0.00000000 0.0000e+00
7.2050 0.00000000 0.0000e+00
7.2100 0.00000000 0.0000e+00
7.2150 0.00000000 0.0000e+00
7.2200 0.00000000 0.0000e+00
7.2250 0.00000000 0.0000e+00
7.2300 0.00000000 0.0000e+00
7.2350 0.00000000 0.0000e+00
7.2400 0.00000000 0.0000e+00
7.2450 0.00000000 0.0000e+00
7.2500 0.00000000 0.0000e+00
7.2550 0.00000000 0.0000e+00
7.2600 0.00000000 0.0000e+00
7.2650 0.00000000 0.0000e+00
7.2700 0.00000000 0.0000e+00
7.2750 0.00000000 0.0000e+00
7.2800 0.00000000 0.0000e+00
7.2850 0.00000000 0.0000e+00
7.2900 0.00000000 0.0000e+00
7.2950 0.00000000 0.0000e+00
7.3000 0.00000000 0.0000e+00
7.3050 0.00000000 0.0000e+00
7.3100 0.00000000 0.0000e+00
7.3150 0.00000000 0.0000e+00
7.3200 0.00000000 0.0000e+00
7.3250 0.00000000 0.0000e+00
7.3300 0.00000000 0.0000e+00
7.3350 0.00000000 0.0000e+00
7.3400 0.00000000 0.0000e+00
7.3450 0.00000000 0.0000e+00
7.3500 0.00000000 0.0000e+00
7.3550 0.00000000 0.0000e+00
7.3600 0.00000000 0.0000e+00
7.3650 0.00000000 0.0000e+00
7.3700 0.00000000 0.0000e+00
7.3750 0.00000000 0.0000e+00
7.3800 0.00000000 0.0000e+00
7.3850 0.00000000 0.0000e+00
7.3900 0.00000000 0.0000e+00
7.3950 0.00000000 0.0000e+00
7.4000 0.00000000 0.0000e+00
7.4050 0.00000000 0.0000e+00
7.4100 0.00000000 0.0000e+00
7.4150 0.00000000 0.0000e+00
7.4200 0.00000000 0.0000e+00
7.4250 0.00000000 0.0000e+00
7.4300 0.00000000 0.0000e+00
7.4350 0.00000000 0.0000e+00
7.4400 0.00000000 0.0000e+00
7.4450 0.00000000 0.0000e+00
7.4500 0.00000000 0.0000e+00
7.4550 0.00000000 0.0000e+00
7.4600 0.00000000 0.0000e+00
7.4650 0.00000000 0.0000e+00
7.4700 0.00000000 0.0000e+00
7.4750 0.00000000 0.0000e+00
7.4800 0.00000000 0.0000e+00
7.4850 0.00000000 0.0000e+00
7.4900 0.00000000 0.0000e+00
7.4950 0.00000000 0.0000e+00
7.5000 0.00000000 0.0000e+00
7.5050 0.00000000 0.0000e+00
7.5100 0.00000000 0.0000e+00
7.5150 0.00000000 0.0000e+00
7.5200 0.00000000 0.0000e+00
7.5250 0.00000000 0.0000e+00
7.5300 0.00000000 0.0000e+00
7.5350 0.00000000 0.0000e+00
7.5400 0.00000000 0.0000e+00
7.5450 0.00000000 0.0000e+00
7.5500 0.00000000 0.0000e+00
7.5550 0.00000000 0.0000e+00
7.5600 0.00000000 0.0000e+00
7.5650 0.00000000 0.0000e+00
7.5700 0.00000000 0.0000e+00
7.5750 0.00000000 0.0000e+00
7.5800 0.00000000 0.0000e+00
7.5850 0.00000000 0.0000e+00
7.5900 0.00000000 0.0000e+00
7.5950 0.00000000 0.0000e+00
7.6000 0.00000000 0.0000e+00
7.6050 0.00000000 0.0000e+00
7.6100 0.00000000 0.0000e+00
7.6150 0.00000000 0.0000e+00
7.6200 0.00000000 0.0000e+00
7.6250 0.00000000 0.0000e+00
7.6300 0.00000000 0.0000e+00
7.6350 0.00000000 0.0000e+00
7.6400 0.00000000 0.0000e+00
7.6450 0.00000000 0.0000e+00
7.6500 0.00000000 0.0000e+00
7.6550 0.00000000 0.0000e+00
7.6600 0.00000000 0.0000e+00
7.6650 0.00000000 0.0000e+00
7.6700 0.00000000 0.0000e+00
7.6750 0.00000000 0.0000e+00
7.6800 0.00000000 0.0000e+00
7.6850 0.00000000 0.0000e+00
7.6900 0.00000000 0.0000e+00
7.6950 0.00000000 0.0000e+00
7.7000 0.00000000 0.0000e+00
7.7050 0.00000000 0.0000e+00
7.7100 0.00000000 0.0000e+00
7.7150 0.00000000 0.0000e+00
7.7200 0.00000000 0.0000e+00
7.7250 0.00000000 0.0000e+00
7.7300 0.00000000 0.0000e+00
7.7350 0.00000000 0.0000e+00
7.7400 0.00000000 0.0000e+00
7.7450 0.00000000 0.0000e+00
7.7500 0.00000000 0.0000e+00
7.7550 0.00000000 0.0000e+00
7.7600 0.00000000 0.0000e+00
7.7650 0.00000000 0.0000e+00
7.7700 0.00000000 0.0000e+00
7.7750 0.00000000 0.0000e+00
7.7800 0.00000000 0.0000e+00
7.7850 0.00000000 0.0000e+00
7.7900 0.00000000 0.0000e+00
7.7950 0.00000000 0.0000e+00
7.8000 0.00000000 0.0000e+00
7.8050 0.00000000 0.0000e+00
7.8100 0.00000000 0.0000e+00
7.8150 0.00000000 0.0000e+00
7.8200 0.00000000 0.0000e+00
7.8250 0.00000000 0.0000e+00
7.8300 0.00000000 0.0000e+00
7.8350 0.00000000 0.0000e+00
7.8400 0.00000000 0.0000e+00
7.8450 0.00000000 0.0000e+00
7.8500 0.00000000 0.0000e+00
7.8550 0.00000000 0.0000e+00
7.8600 0.00000000 0.0000e+00
7.8650 0.00000000 0.0000e+00
7.8700 0.00000000 0.0000e+00
7.8750 0.00000000 0.0000e+00
7.8800 0.00000000 0.0000e+00
7.8850 0.00000000 0.0000e+00
7.8900 0.00000000 0.0000e+00
7.8950 0.00000000 0.0000e+00
7.9000 0.00000000 0.0000e+00
7.9050 0.00000000 0.0000e+00
7.9100 0.00000000 0.0000e+00
7.9150 0.00000000 0.0000e+00
7.9200 0.00000000 0.0000e+00
7.9250 0.00000000 0.0000e+00
7.9300 0.00000000 0.0000e+00
7.9350 0.00000000 0.0000e+00
7.9400 0.00000000 0.0000e+00
7.9450 0.00000000 0.0000e+00
7.9500 0.00000000 0.0000e+00
7.9550 0.00000000 0.0000e+00
7.9600 0.00000000 0.0000e+00
7.9650 0.00000000 0.0000e+00
7.9700 0.00000000 0.0000e+00
7.9750 0.00000000 0.0000e+00
7.9800 0.00000000 0.0000e+00
7.9850 0.00000000 0.0000e+00
7.9900 0.00000000 0.0000e+00
7.9950 0.00000000 0.0000e+00
8.0000 0.00000000 0.0000e+00
