0.0050 0.00000000 0.0000e+00
0.0100 0.00000000 0.0000e+00
0.0150 0.00000000 0.0000e+00
0.0200 0.00000000 0.0000e+00
0.0250 0.00000000 0.0000e+00
0.0300 0.00000000 0.0000e+00
0.0350 0.00000000 0.0000e+00
0.0400 0.00000000 0.0000e+00
0.0450 0.00000000 0.0000e+00
0.0500 0.00000000 0.0000e+00
0.0550 0.00000000 0.0000e+00
0.0600 0.00000000 0.0000e+00
0.0650 0.00000000 0.0000e+00
0.0700 0.00000000 0.0000e+00
0.0750 0.00000000 0.0000e+00
0.0800 0.00000000 0.0000e+00
0.0850 0.00000000 0.0000e+00
0.0900 0.00000000 0.0000e+00
0.0950 0.00000000 0.0000e+00
0.1000 0.00000000 0.0000e+00
0.1050 0.00000000 0.0000e+00
0.1100 0.00000000 0.0000e+00
0.1150 0.00000000 0.0000e+00
0.1200 0.00000000 0.0000e+00
0.1250 0.00000000 0.0000e+00
0.1300 0.00000000 0.0000e+00
0.1350 0.00000000 0.0000e+00
0.1400 0.00000000 0.0000e+00
0.1450 0.00000000 0.0000e+00
0.1500 0.00000000 0.0000e+00
0.1550 0.00000000 0.0000e+00
0.1600 0.00000000 0.0000e+00
0.1650 0.00000000 0.0000e+00
0.1700 0.00000000 0.0000e+00
0.1750 0.00000000 0.0000e+00
0.1800 0.00000000 0.0000e+00
0.1850 0.00000000 0.0000e+00
0.1900 0.00000000 0.0000e+00
0.1950 0.00000000 0.0000e+00
0.2000 0.00000000 0.0000e+00
0.2050 0.00000000 0.0000e+00
0.2100 0.00000000 0.0000e+00
0.2150 0.00000000 0.0000e+00
0.2200 0.00000000 0.0000e+00
0.2250 0.00000000 0.0000e+00
0.2300 0.00000000 0.0000e+00
0.2350 0.00000000 0.0000e+00
0.2400 0.00000000 0.0000e+00
0.2450 0.00000000 0.0000e+00
0.2500 0.00000000 0.0000e+00
0.2550 0.00000000 0.0000e+00
0.2600 0.00000000 0.0000e+00
0.2650 0.00000000 0.0000e+00
0.2700 0.00000000 0.0000e+00
0.2750 0.00000000 0.0000e+00
0.2800 0.00000000 0.0000e+00
0.2850 0.00000000 0.0000e+00
0.2900 0.00000000 0.0000e+00
0.2950 0.00000000 0.0000e+00
0.3000 0.00000000 0.0000e+00
0.3050 0.00000000 0.0000e+00
0.3100 0.00000000 0.0000e+00
0.3150 0.00000000 0.0000e+00
0.3200 0.00000000 0.0000e+00
0.3250 0.00000000 0.0000e+00
0.3300 0.00000000 0.0000e+00
0.3350 0.00000000 0.0000e+00
0.3400 0.00000000 0.0000e+00
0.3450 0.00000000 0.0000e+00
0.3500 0.00000000 0.0000e+00
0.3550 0.00000000 0.0000e+00
0.3600 0.00000000 0.0000e+00
0.3650 0.00000000 0.0000e+00
0.3700 0.00000000 0.0000e+00
0.3750 0.00000000 0.0000e+00
0.3800 0.00000000 0.0000e+00
0.3850 0.00000000 0.0000e+00
0.3900 0.00000000 0.0000e+00
0.3950 0.00000000 0.0000e+00
0.4000 0.00000000 0.0000e+00
0.4050 0.00000000 0.0000e+00
0.4100 0.00000000 0.0000e+00
0.4150 0.00000000 0.0000e+00
0.4200 0.00000000 0.0000e+00
0.4250 0.00000000 0.0000e+00
0.4300 0.00000000 0.0000e+00
0.4350 0.00000000 0.0000e+00
0.4400 0.00000000 0.0000e+00
0.4450 0.00000000 0.0000e+00
0.4500 0.00000000 0.0000e+00
0.4550 0.00000000 0.0000e+00
0.4600 0.00000000 0.0000e+00
0.4650 0.00000000 0.0000e+00
0.4700 0.00000000 0.0000e+00
0.4750 0.00000000 0.0000e+00
0.4800 0.00000000 0.0000e+00
0.4850 0.00000000 0.0000e+00
0.4900 0.00000000 0.0000e+00
0.4950 0.00000000 0.0000e+00
0.5000 0.00000000 0.0000e+00
0.5050 0.00000000 0.0000e+00
0.5100 0.00000000 0.0000e+00
0.5150 0.00000000 0.0000e+00
0.5200 0.00000000 0.0000e+00
0.5250 0.00000000 0.0000e+00
0.5300 0.00000000 0.0000e+00
0.5350 0.00000000 0.0000e+00
0.5400 0.00000000 0.0000e+00
0.5450 0.00000000 0.0000e+00
0.5500 0.00000000 0.0000e+00
0.5550 0.00000000 0.0000e+00
0.5600 0.00000000 0.0000e+00
0.5650 0.00000000 0.0000e+00
0.5700 0.00000000 0.0000e+00
0.5750 0.00000000 0.0000e+00
0.5800 0.00000000 0.0000e+00
0.5850 0.00000000 0.0000e+00
0.5900 0.00000000 0.0000e+00
0.5950 0.00000000 0.0000e+00
0.6000 0.00000000 0.0000e+00
0.6050 0.00000000 0.0000e+00
0.6100 0.00000000 0.0000e+00
0.6150 0.00000000 0.0000e+00
0.6200 0.00000000 0.0000e+00
0.6250 0.00000000 0.0000e+00
0.6300 0.00000000 0.0000e+00
0.6350 0.00000000 0.0000e+00
0.6400 0.00000000 0.0000e+00
0.6450 0.00000000 0.0000e+00
0.6500 0.00000000 0.0000e+00
0.6550 0.00000000 0.0000e+00
0.6600 0.00000000 0.0000e+00
0.6650 0.00000000 0.0000e+00
0.6700 0.00000000 0.0000e+00
0.6750 0.00000000 0.0000e+00
0.6800 0.00000000 0.0000e+00
0.6850 0.00000000 0.0000e+00
0.6900 0.00000000 0.0000e+00
0.6950 0.00000000 0.0000e+00
0.7000 0.00000000 0.0000e+00
0.7050 0.00000000 0.0000e+00
0.7100 0.00000000 0.0000e+00
0.7150 0.00000000 0.0000e+00
0.7200 0.00000000 0.0000e+00
0.7250 0.00000000 0.0000e+00
0.7300 0.00000000 0.0000e+00
0.7350 0.00000000 0.0000e+00
0.7400 0.00000000 0.0000e+00
0.7450 0.00000000 0.0000e+00
0.7500 0.00000000 0.0000e+00
0.7550 0.00000000 0.0000e+00
0.7600 0.00000000 0.0000e+00
0.7650 0.00000000 0.0000e+00
0.7700 0.00000000 0.0000e+00
0.7750 0.00000000 0.0000e+00
0.7800 0.00000000 0.0000e+00
0.7850 0.00000000 0.0000e+00
0.7900 0.00000000 0.0000e+00
0.7950 0.00000000 0.0000e+00
0.8000 0.00000000 0.0000e+00
0.8050 0.00000000 0.0000e+00
0.8100 0.00000000 0.0000e+00
0.8150 0.00000000 0.0000e+00
0.8200 0.00000000 0.0000e+00
0.8250 0.00000000 0.0000e+00
0.8300 0.00000000 0.0000e+00
0.8350 0.00000000 0.0000e+00
0.8400 0.00000000 0.0000e+00
0.8450 0.00000000 0.0000e+00
0.8500 0.00000000 0.0000e+00
0.8550 0.00000000 0.0000e+00
0.8600 0.00000000 0.0000e+00
0.8650 0.00000000 0.0000e+00
0.8700 0.00000000 0.0000e+00
0.8750 0.00000000 0.0000e+00
0.8800 0.00000000 0.0000e+00
0.8850 0.00000000 0.0000e+00
0.8900 0.00000000 0.0000e+00
0.8950 0.00000000 0.0000e+00
0.9000 0.00000000 0.0000e+00
0.9050 0.00000000 0.0000e+00
0.9100 0.00000000 0.0000e+00
0.9150 0.00000000 0.0000e+00
0.9200 0.00000000 0.0000e+00
0.9250 0.00000000 0.0000e+00
0.9300 0.00000000 0.0000e+00
0.9350 0.00000000 0.0000e+00
0.9400 0.00000000 0.0000e+00
0.9450 0.00000000 0.0000e+00
0.9500 0.00000000 0.0000e+00
0.9550 0.00000000 0.0000e+00
0.9600 0.00000000 0.0000e+00
0.9650 0.00000000 0.0000e+00
0.9700 0.00000000 0.0000e+00
0.9750 0.00000000 0.0000e+00
0.9800 0.00000000 0.0000e+00
0.9850 0.00000000 0.0000e+00
0.9900 0.00000000 0.0000e+00
0.9950 0.00000000 0.0000e+00
1.0000 0.00000000 0.0000e+00
1.0050 0.00000000 0.0000e+00
1.0100 0.00000000 0.0000e+00
1.0150 0.00000000 0.0000e+00
1.0200 0.00000000 0.0000e+00
1.0250 0.00000000 0.0000e+00
1.0300 0.00000000 0.0000e+00
1.0350 0.00000000 0.0000e+00
1.0400 0.00000000 0.0000e+00
1.0450 0.00000000 0.0000e+00
1.0500 0.00000000 0.0000e+00
1.0550 0.00000000 0.0000e+00
1.0600 0.00000000 0.0000e+00
1.0650 0.00000000 0.0000e+00
1.0700 0.00000000 0.0000e+00
1.0750 0.00000000 0.0000e+00
1.0800 0.00000000 0.0000e+00
1.0850 0.00000000 0.0000e+00
1.0900 0.00000000 0.0000e+00
1.0950 0.00000000 0.0000e+00
1.1000 0.00000000 0.0000e+00
1.1050 0.00000000 0.0000e+00
1.1100 0.00000000 0.0000e+00
1.1150 0.00000000 0.0000e+00
1.1200 0.00000000 0.0000e+00
1.1250 0.00000000 0.0000e+00
1.1300 0.00000000 0.0000e+00
1.1350 0.00000000 0.0000e+00
1.1400 0.00000000 0.0000e+00
1.1450 0.00000000 0.0000e+00
1.1500 0.00000000 0.0000e+00
1.1550 0.00000000 0.0000e+00
1.1600 0.00000000 0.0000e+00
1.1650 0.00000000 0.0000e+00
1.1700 0.00000000 0.0000e+00
1.1750 0.00000000 0.0000e+00
1.1800 0.00000000 0.0000e+00
1.1850 0.00000000 0.0000e+00
1.1900 0.00000000 0.0000e+00
1.1950 0.00000000 0.0000e+00
1.2000 0.00000000 0.0000e+00
1.2050 0.00000000 0.0000e+00
1.2100 0.00000000 0.0000e+00
1.2150 0.00000000 0.0000e+00
1.2200 0.00000000 0.0000e+00
1.2250 0.00000000 0.0000e+00
1.2300 0.00000000 0.0000e+00
1.2350 0.00000000 0.0000e+00
1.2400 0.00000000 0.0000e+00
1.2450 0.00000000 0.0000e+00
1.2500 0.00000000 0.0000e+00
1.2550 0.00000000 0.0000e+00
1.2600 0.00000000 0.0000e+00
1.2650 0.00000000 0.0000e+00
1.2700 0.00000000 0.0000e+00
1.2750 0.00000000 0.0000e+00
1.2800 0.00000000 0.0000e+00
1.2850 0.00000000 0.0000e+00
1.2900 0.00000000 0.0000e+00
1.2950 0.00000000 0.0000e+00
1.3000 0.00000000 0.0000e+00
1.3050 0.00000000 0.0000e+00
1.3100 0.00000000 0.0000e+00
1.3150 0.00000000 0.0000e+00
1.3200 0.00000000 0.0000e+00
1.3250 0.00000000 0.0000e+00
1.3300 0.00000000 0.0000e+00
1.3350 0.00000000 0.0000e+00
1.3400 0.00000000 0.0000e+00
1.3450 0.00000000 0.0000e+00
1.3500 0.00000000 0.0000e+00
1.3550 0.00000000 0.0000e+00
1.3600 0.00000000 0.0000e+00
1.3650 0.00000000 0.0000e+00
1.3700 0.00000000 0.0000e+00
1.3750 0.00000000 0.0000e+00
1.3800 0.00000000 0.0000e+00
1.3850 0.00000000 0.0000e+00
1.3900 0.00000000 0.0000e+00
1.3950 0.00000000 0.0000e+00
1.4000 0.00000000 0.0000e+00
1.4050 0.00000000 0.0000e+00
1.4100 0.00000000 0.0000e+00
1.4150 0.00000000 0.0000e+00
1.4200 0.00000000 0.0000e+00
1.4250 0.00000000 0.0000e+00
1.4300 0.00000000 0.0000e+00
1.4350 0.00000000 0.0000e+00
1.4400 0.00000000 0.0000e+00
1.4450 0.00000000 0.0000e+00
1.4500 0.00000000 0.0000e+00
1.4550 0.00000000 0.0000e+00
1.4600 0.00000000 0.0000e+00
1.4650 0.00000000 0.0000e+00
1.4700 0.00000000 0.0000e+00
1.4750 0.00000000 0.0000e+00
1.4800 0.00000000 0.0000e+00
1.4850 0.00000000 0.0000e+00
1.4900 0.00000000 0.0000e+00
1.4950 0.00000000 0.0000e+00
1.5000 0.00000000 0.0000e+00
1.5050 0.00000000 0.0000e+00
1.5100 0.00000000 0.0000e+00
1.5150 0.00000000 0.0000e+00
1.5200 0.00000000 0.0000e+00
1.5250 0.00000000 0.0000e+00
1.5300 0.00000000 0.0000e+00
1.5350 0.00000000 0.0000e+00
1.5400 0.00000000 0.0000e+00
1.5450 0.00000000 0.0000e+00
1.5500 0.00000000 0.0000e+00
1.5550 0.00000000 0.0000e+00
1.5600 0.00000000 0.0000e+00
1.5650 0.00000000 0.0000e+00
1.5700 0.00000000 0.0000e+00
1.5750 0.00000000 0.0000e+00
1.5800 0.00000000 0.0000e+00
1.5850 0.00000000 0.0000e+00
1.5900 0.00000000 0.0000e+00
1.5950 0.00000000 0.0000e+00
1.6000 0.00000000 0.0000e+00
1.6050 0.00000000 0.0000e+00
1.6100 0.00000000 0.0000e+00
1.6150 0.00000000 0.0000e+00
1.6200 0.00000000 0.0000e+00
1.6250 0.00000000 0.0000e+00
1.6300 0.00000000 0.0000e+00
1.6350 0.00000000 0.0000e+00
1.6400 0.00000000 0.0000e+00
1.6450 0.00000000 0.0000e+00
1.6500 0.00000000 0.0000e+00
1.6550 0.00000000 0.0000e+00
1.6600 0.00000000 0.0000e+00
1.6650 0.00000000 0.0000e+00
1.6700 0.00000000 0.0000e+00
1.6750 0.00000000 0.0000e+00
1.6800 0.00000000 0.0000e+00
1.6850 0.00000000 0.0000e+00
1.6900 0.00000000 0.0000e+00
1.6950 0.00000000 0.0000e+00
1.7000 0.00000000 0.0000e+00
1.7050 0.00000000 0.0000e+00
1.7100 0.00000000 0.0000e+00
1.7150 0.00000000 0.0000e+00
1.7200 0.00000000 0.0000e+00
1.7250 0.00000000 0.0000e+00
1.7300 0.00000000 0.0000e+00
1.7350 0.00000000 0.0000e+00
1.7400 0.00000000 0.0000e+00
1.7450 0.00000000 0.0000e+00
1.7500 0.00000000 0.0000e+00
1.7550 0.00000000 0.0000e+00
1.7600 0.00000000 0.0000e+00
1.7650 0.00000000 0.0000e+00
1.7700 0.00000000 0.0000e+00
1.7750 0.00000000 0.0000e+00
1.7800 0.00000000 0.0000e+00
1.7850 0.00000000 0.0000e+00
1.7900 0.00000000 0.0000e+00
1.7950 0.00000000 0.0000e+00
1.8000 0.00000000 0.0000e+00
1.8050 0.00000000 0.0000e+00
1.8100 0.00000000 0.0000e+00
1.8150 0.00000000 0.0000e+00
1.8200 0.00000000 0.0000e+00
1.8250 0.00000000 0.0000e+00
1.8300 0.00000000 0.0000e+00
1.8350 0.00000000 0.0000e+00
1.8400 0.00000000 0.0000e+00
1.8450 0.00000000 0.0000e+00
1.8500 0.00000000 0.0000e+00
1.8550 0.00000000 0.0000e+00
1.8600 0.00000000 0.0000e+00
1.8650 0.00000000 0.0000e+00
1.8700 0.00000000 0.0000e+00
1.8750 0.00000000 0.0000e+00
1.8800 0.00000000 0.0000e+00
1.8850 0.00000000 0.0000e+00
1.8900 0.00000000 0.0000e+00
1.8950 0.00000000 0.0000e+00
1.9000 0.00000000 0.0000e+00
1.9050 0.00000000 0.0000e+00
1.9100 0.00000000 0.0000e+00
1.9150 0.00000000 0.0000e+00
1.9200 0.00000000 0.0000e+00
1.9250 0.00000000 0.0000e+00
1.9300 0.00000000 0.0000e+00
1.9350 0.00000000 0.0000e+00
1.9400 0.00000000 0.0000e+00
1.9450 0.00000000 0.0000e+00
1.9500 0.00000000 0.0000e+00
1.9550 0.00000000 0.0000e+00
1.9600 0.00000000 0.0000e+00
1.9650 0.00000000 0.0000e+00
1.9700 0.00000000 0.0000e+00
1.9750 0.00000000 0.0000e+00
1.9800 0.00000000 0.0000e+00
1.9850 0.00000000 0.0000e+00
1.9900 0.00000000 0.0000e+00
1.9950 0.00000000 0.0000e+00
2.0000 0.00000000 0.0000e+00
2.0050 0.00000000 0.0000e+00
2.0100 0.00000000 0.0000e+00
2.0150 0.00000000 0.0000e+00
2.0200 0.00000000 0.0000e+00
2.0250 0.00000000 0.0000e+00
2.0300 0.00000000 0.0000e+00
2.0350 0.00000000 0.0000e+00
2.0400 0.00000000 0.0000e+00
2.0450 0.00000000 0.0000e+00
2.0500 0.00000000 0.0000e+00
2.0550 0.00000000 0.0000e+00
2.0600 0.00000000 0.0000e+00
2.0650 0.00000000 0.0000e+00
2.0700 0.00000000 0.0000e+00
2.0750 0.00000000 0.0000e+00
2.0800 0.00000000 0.0000e+00
2.0850 0.00000000 0.0000e+00
2.0900 0.00000000 0.0000e+00
2.0950 0.00000000 0.0000e+00
2.1000 0.00000000 0.0000e+00
2.1050 0.00000000 0.0000e+00
2.1100 0.00000000 0.0000e+00
2.1150 0.00941298 6.4328e+10
2.1200 0.00984010 6.7247e+10
2.1250 0.01026721 7.0166e+10
2.1300 0.01069433 7.3085e+10
2.1350 0.01112145 7.6004e+10
2.1400 0.01154857 7.8922e+10
2.1450 0.01197568 8.1841e+10
2.1500 0.01240280 8.4760e+10
2.1550 0.01282992 8.7679e+10
2.1600 0.01325704 9.0598e+10
2.1650 0.01368415 9.3517e+10
2.1700 0.01411127 9.6436e+10
2.1750 0.01453839 9.9355e+10
2.1800 0.01496550 1.0227e+11
2.1850 0.01539262 1.0519e+11
2.1900 0.01581974 1.0811e+11
2.1950 0.01624686 1.1103e+11
2.2000 0.01667397 1.1395e+11
2.2050 0.01710109 1.1687e+11
2.2100 0.01752821 1.1979e+11
2.2150 0.01795533 1.2271e+11
2.2200 0.01838244 1.2562e+11
2.2250 0.01880956 1.2854e+11
2.2300 0.01923668 1.3146e+11
2.2350 0.01966379 1.3438e+11
2.2400 0.02009091 1.3730e+11
2.2450 0.02051803 1.4022e+11
2.2500 0.02094515 1.4314e+11
2.2550 0.02137226 1.4606e+11
2.2600 0.02179938 1.4898e+11
2.2650 0.02222650 1.5189e+11
2.2700 0.02265362 1.5481e+11
2.2750 0.02308073 1.5773e+11
2.2800 0.02350785 1.6065e+11
2.2850 0.02393497 1.6357e+11
2.2900 0.02436208 1.6649e+11
2.2950 0.02478920 1.6941e+11
2.3000 0.02521632 1.7233e+11
2.3050 0.02564344 1.7525e+11
2.3100 0.02607055 1.7817e+11
2.3150 0.02649767 1.8108e+11
2.3200 0.02692479 1.8400e+11
2.3250 0.02735191 1.8692e+11
2.3300 0.02777902 1.8984e+11
2.3350 0.02820614 1.9276e+11
2.3400 0.02863326 1.9568e+11
2.3450 0.02906037 1.9860e+11
2.3500 0.02948749 2.0152e+11
2.3550 0.02991461 2.0444e+11
2.3600 0.03034173 2.0735e+11
2.3650 0.03076884 2.1027e+11
2.3700 0.03119596 2.1319e+11
2.3750 0.03162308 2.1611e+11
2.3800 0.03205020 2.1903e+11
2.3850 0.03247731 2.2195e+11
2.3900 0.03290443 2.2487e+11
2.3950 0.03333155 2.2779e+11
2.4000 0.03375866 2.3071e+11
2.4050 0.03418578 2.3362e+11
2.4100 0.03461290 2.3654e+11
2.4150 0.03504362 2.3949e+11
2.4200 0.03614629 2.4702e+11
2.4250 0.03724895 2.5456e+11
2.4300 0.03835162 2.6209e+11
2.4350 0.03945429 2.6963e+11
2.4400 0.04055696 2.7716e+11
2.4450 0.04165962 2.8470e+11
2.4500 0.04276229 2.9224e+11
2.4550 0.04386496 2.9977e+11
2.4600 0.04496763 3.0731e+11
2.4650 0.04607029 3.1484e+11
2.4700 0.04717296 3.2238e+11
2.4750 0.04827563 3.2991e+11
2.4800 0.04937830 3.3745e+11
2.4850 0.05048096 3.4498e+11
2.4900 0.05158363 3.5252e+11
2.4950 0.05268630 3.6006e+11
2.5000 0.05378896 3.6759e+11
2.5050 0.05489163 3.7513e+11
2.5100 0.05599430 3.8266e+11
2.5150 0.05709697 3.9020e+11
2.5200 0.05819963 3.9773e+11
2.5250 0.05930230 4.0527e+11
2.5300 0.06040497 4.1281e+11
2.5350 0.06150764 4.2034e+11
2.5400 0.06261030 4.2788e+11
2.5450 0.06371297 4.3541e+11
2.5500 0.06481564 4.4295e+11
2.5550 0.06591831 4.5048e+11
2.5600 0.06702097 4.5802e+11
2.5650 0.06812364 4.6555e+11
2.5700 0.06922631 4.7309e+11
2.5750 0.07032898 4.8063e+11
2.5800 0.07143164 4.8816e+11
2.5850 0.07253431 4.9570e+11
2.5900 0.07363698 5.0323e+11
2.5950 0.07540607 5.1532e+11
2.6000 0.07735545 5.2864e+11
2.6050 0.07930483 5.4197e+11
2.6100 0.08125420 5.5529e+11
2.6150 0.08320358 5.6861e+11
2.6200 0.08515296 5.8193e+11
2.6250 0.08710233 5.9525e+11
2.6300 0.08905171 6.0858e+11
2.6350 0.09100109 6.2190e+11
2.6400 0.09295046 6.3522e+11
2.6450 0.09489984 6.4854e+11
2.6500 0.09684922 6.6186e+11
2.6550 0.09879859 6.7519e+11
2.6600 0.10074797 6.8851e+11
2.6650 0.10269735 7.0183e+11
2.6700 0.10464673 7.1515e+11
2.6750 0.10659610 7.2847e+11
2.6800 0.10854548 7.4180e+11
2.6850 0.11049486 7.5512e+11
2.6900 0.11244423 7.6844e+11
2.6950 0.11439361 7.8176e+11
2.7000 0.11634299 7.9508e+11
2.7050 0.11829236 8.0841e+11
2.7100 0.12024174 8.2173e+11
2.7150 0.12219112 8.3505e+11
2.7200 0.12488483 8.5346e+11
2.7250 0.12776541 8.7314e+11
2.7300 0.13064599 8.9283e+11
2.7350 0.13352657 9.1252e+11
2.7400 0.13640715 9.3220e+11
2.7450 0.13928773 9.5189e+11
2.7500 0.14216831 9.7157e+11
2.7550 0.14504889 9.9126e+11
2.7600 0.14792947 1.0109e+12
2.7650 0.15081005 1.0306e+12
2.7700 0.15369063 1.0503e+12
2.7750 0.15657121 1.0700e+12
2.7800 0.15945179 1.0897e+12
2.7850 0.16233237 1.1094e+12
2.7900 0.16521295 1.1291e+12
2.7950 0.16809353 1.1487e+12
2.8000 0.17097411 1.1684e+12
2.8050 0.17385469 1.1881e+12
2.8100 0.17673527 1.2078e+12
2.8150 0.18001292 1.2302e+12
2.8200 0.18384494 1.2564e+12
2.8250 0.18767697 1.2826e+12
2.8300 0.19150899 1.3088e+12
2.8350 0.19534102 1.3350e+12
2.8400 0.19917304 1.3611e+12
2.8450 0.20300507 1.3873e+12
2.8500 0.20683709 1.4135e+12
2.8550 0.21066912 1.4397e+12
2.8600 0.21450114 1.4659e+12
2.8650 0.21833317 1.4921e+12
2.8700 0.22216519 1.5183e+12
2.8750 0.22599722 1.5445e+12
2.8800 0.22982924 1.5706e+12
2.8850 0.23366127 1.5968e+12
2.8900 0.23749329 1.6230e+12
2.8950 0.24184680 1.6528e+12
2.9000 0.24657625 1.6851e+12
2.9050 0.25130570 1.7174e+12
2.9100 0.25603516 1.7497e+12
2.9150 0.26076461 1.7821e+12
2.9200 0.26549407 1.8144e+12
2.9250 0.27022352 1.8467e+12
2.9300 0.27495298 1.8790e+12
2.9350 0.27968243 1.9113e+12
2.9400 0.28441188 1.9437e+12
2.9450 0.28914134 1.9760e+12
2.9500 0.29387079 2.0083e+12
2.9550 0.29860025 2.0406e+12
2.9600 0.30347895 2.0740e+12
2.9650 0.30898688 2.1116e+12
2.9700 0.31449481 2.1492e+12
2.9750 0.32000274 2.1869e+12
2.9800 0.32551068 2.2245e+12
2.9850 0.33101861 2.2622e+12
2.9900 0.33652654 2.2998e+12
2.9950 0.34203447 2.3374e+12
3.0000 0.34754240 2.3751e+12
3.0050 0.35305033 2.4127e+12
3.0100 0.35855826 2.4504e+12
3.0150 0.36406619 2.4880e+12
3.0200 0.36997345 2.5284e+12
3.0250 0.37615442 2.5706e+12
3.0300 0.38233539 2.6129e+12
3.0350 0.38851635 2.6551e+12
3.0400 0.39469732 2.6973e+12
3.0450 0.40087828 2.7396e+12
3.0500 0.40705925 2.7818e+12
3.0550 0.41324021 2.8241e+12
3.0600 0.41942118 2.8663e+12
3.0650 0.42560214 2.9085e+12
3.0700 0.43202277 2.9524e+12
3.0750 0.43886427 2.9992e+12
3.0800 0.44570578 3.0459e+12
3.0850 0.45254728 3.0927e+12
3.0900 0.45938879 3.1394e+12
3.0950 0.46623029 3.1862e+12
3.1000 0.47307179 3.2330e+12
3.1050 0.47991330 3.2797e+12
3.1100 0.48675480 3.3265e+12
3.1150 0.49365637 3.3736e+12
3.1200 0.50078212 3.4223e+12
3.1250 0.50790786 3.4710e+12
3.1300 0.51503360 3.5197e+12
3.1350 0.52215934 3.5684e+12
3.1400 0.52928508 3.6171e+12
3.1450 0.53641082 3.6658e+12
3.1500 0.54353657 3.7145e+12
3.1550 0.55066231 3.7632e+12
3.1600 0.55815036 3.8144e+12
3.1650 0.56566452 3.8657e+12
3.1700 0.57317867 3.9171e+12
3.1750 0.58069283 3.9684e+12
3.1800 0.58820699 4.0198e+12
3.1850 0.59572115 4.0711e+12
3.1900 0.60323530 4.1225e+12
3.1950 0.61086562 4.1746e+12
3.2000 0.61868947 4.2281e+12
3.2050 0.62651331 4.2816e+12
3.2100 0.63433716 4.3350e+12
3.2150 0.64216101 4.3885e+12
3.2200 0.64998486 4.4420e+12
3.2250 0.65780870 4.4954e+12
3.2300 0.66558160 4.5486e+12
3.2350 0.67328490 4.6012e+12
3.2400 0.68098820 4.6538e+12
3.2450 0.68869150 4.7065e+12
3.2500 0.69639480 4.7591e+12
3.2550 0.70409810 4.8118e+12
3.2600 0.71180140 4.8644e+12
3.2650 0.71989323 4.9197e+12
3.2700 0.72799070 4.9751e+12
3.2750 0.73608816 5.0304e+12
3.2800 0.74418563 5.0857e+12
3.2850 0.75228309 5.1411e+12
3.2900 0.76038056 5.1964e+12
3.2950 0.76782314 5.2473e+12
3.3000 0.77526115 5.2981e+12
3.3050 0.78269916 5.3489e+12
3.3100 0.79013718 5.3998e+12
3.3150 0.79757519 5.4506e+12
3.3200 0.80504119 5.5016e+12
3.3250 0.81255144 5.5529e+12
3.3300 0.82006170 5.6043e+12
3.3350 0.82757195 5.6556e+12
3.3400 0.83508221 5.7069e+12
3.3450 0.84260328 5.7583e+12
3.3500 0.85020256 5.8102e+12
3.3550 0.85780183 5.8622e+12
3.3600 0.86540111 5.9141e+12
3.3650 0.87300038 5.9660e+12
3.3700 0.88046460 6.0171e+12
3.3750 0.88720275 6.0631e+12
3.3800 0.89394090 6.1092e+12
3.3850 0.90067905 6.1552e+12
3.3900 0.90741720 6.2013e+12
3.3950 0.91413386 6.2472e+12
3.4000 0.92082537 6.2929e+12
3.4050 0.92751688 6.3386e+12
3.4100 0.93420838 6.3843e+12
3.4150 0.94089278 6.4300e+12
3.4200 0.94625050 6.4666e+12
3.4250 0.95160822 6.5033e+12
3.4300 0.95696593 6.5399e+12
3.4350 0.96232365 6.5765e+12
3.4400 0.96866930 6.6198e+12
3.4450 0.97531428 6.6653e+12
3.4500 0.98195926 6.7107e+12
3.4550 0.98860423 6.7561e+12
3.4600 0.99428580 6.7949e+12
3.4650 0.99960520 6.8313e+12
3.4700 1.00492461 6.8676e+12
3.4750 1.01024402 6.9040e+12
3.4800 1.01455119 6.9334e+12
3.4850 1.01870141 6.9618e+12
3.4900 1.02285163 6.9901e+12
3.4950 1.02711061 7.0192e+12
3.5000 1.03190404 7.0520e+12
3.5050 1.03669748 7.0847e+12
3.5100 1.04149092 7.1175e+12
3.5150 1.04594956 7.1480e+12
3.5200 1.05020588 7.1771e+12
3.5250 1.05446221 7.2062e+12
3.5300 1.05838418 7.2330e+12
3.5350 1.06109726 7.2515e+12
3.5400 1.06381035 7.2700e+12
3.5450 1.06652343 7.2886e+12
3.5500 1.06877836 7.3040e+12
3.5550 1.07100329 7.3192e+12
3.5600 1.07322823 7.3344e+12
3.5650 1.07605513 7.3537e+12
3.5700 1.07905208 7.3742e+12
3.5750 1.08204903 7.3947e+12
3.5800 1.08408886 7.4086e+12
3.5850 1.08577780 7.4202e+12
3.5900 1.08746673 7.4317e+12
3.5950 1.08866687 7.4399e+12
3.6000 1.08973477 7.4472e+12
3.6050 1.09080267 7.4545e+12
3.6100 1.09185568 7.4617e+12
3.6150 1.09290773 7.4689e+12
3.6200 1.09359540 7.4736e+12
3.6250 1.09263803 7.4670e+12
3.6300 1.09168066 7.4605e+12
3.6350 1.09077822 7.4543e+12
3.6400 1.08992888 7.4485e+12
3.6450 1.08907953 7.4427e+12
3.6500 1.09013594 7.4499e+12
3.6550 1.09136815 7.4584e+12
3.6600 1.09082572 7.4547e+12
3.6650 1.08759589 7.4326e+12
3.6700 1.08436607 7.4105e+12
3.6750 1.08385964 7.4071e+12
3.6800 1.08349404 7.4046e+12
3.6850 1.08072144 7.3856e+12
3.6900 1.07614032 7.3543e+12
3.6950 1.07223615 7.3276e+12
3.7000 1.07031376 7.3145e+12
3.7050 1.06839138 7.3013e+12
3.7100 1.06508416 7.2787e+12
3.7150 1.06177473 7.2561e+12
3.7200 1.05777260 7.2288e+12
3.7250 1.05359656 7.2002e+12
3.7300 1.04957300 7.1727e+12
3.7350 1.04562990 7.1458e+12
3.7400 1.04136450 7.1166e+12
3.7450 1.03684737 7.0858e+12
3.7500 1.03142014 7.0487e+12
3.7550 1.02514483 7.0058e+12
3.7600 1.01963022 6.9681e+12
3.7650 1.01481555 6.9352e+12
3.7700 1.01003648 6.9025e+12
3.7750 1.00528439 6.8701e+12
3.7800 0.99988804 6.8332e+12
3.7850 0.99415946 6.7940e+12
3.7900 0.98652272 6.7419e+12
3.7950 0.97838411 6.6862e+12
3.8000 0.97071513 6.6338e+12
3.8050 0.96309053 6.5817e+12
3.8100 0.95559282 6.5305e+12
3.8150 0.94736568 6.4743e+12
3.8200 0.93812009 6.4111e+12
3.8250 0.93233040 6.3715e+12
3.8300 0.92793344 6.3415e+12
3.8350 0.91355791 6.2432e+12
3.8400 0.90236591 6.1667e+12
3.8450 0.89692897 6.1296e+12
3.8500 0.89046720 6.0854e+12
3.8550 0.88291333 6.0338e+12
3.8600 0.87090437 5.9517e+12
3.8650 0.86006079 5.8776e+12
3.8700 0.85011837 5.8097e+12
3.8750 0.84111153 5.7481e+12
3.8800 0.83262776 5.6901e+12
3.8850 0.82441657 5.6340e+12
3.8900 0.81153540 5.5460e+12
3.8950 0.80361994 5.4919e+12
3.9000 0.79804164 5.4538e+12
3.9050 0.78515658 5.3657e+12
3.9100 0.77130527 5.2711e+12
3.9150 0.75887381 5.1861e+12
3.9200 0.74983289 5.1243e+12
3.9250 0.73798345 5.0433e+12
3.9300 0.72616976 4.9626e+12
3.9350 0.71635361 4.8955e+12
3.9400 0.71099704 4.8589e+12
3.9450 0.69728820 4.7652e+12
3.9500 0.68581121 4.6868e+12
3.9550 0.67442729 4.6090e+12
3.9600 0.66118234 4.5185e+12
3.9650 0.64453378 4.4047e+12
3.9700 0.63564645 4.3440e+12
3.9750 0.62944340 4.3016e+12
3.9800 0.61721301 4.2180e+12
3.9850 0.60117635 4.1084e+12
3.9900 0.58896033 4.0249e+12
3.9950 0.57897072 3.9567e+12
4.0000 0.56651041 3.8715e+12
4.0050 0.55901103 3.8203e+12
4.0100 0.54348472 3.7142e+12
4.0150 0.53321783 3.6440e+12
4.0200 0.52548872 3.5912e+12
4.0250 0.51286101 3.5049e+12
4.0300 0.49965418 3.4146e+12
4.0350 0.49035302 3.3511e+12
4.0400 0.47795292 3.2663e+12
4.0450 0.46297375 3.1639e+12
4.0500 0.45248090 3.0922e+12
4.0550 0.44299390 3.0274e+12
4.0600 0.43362126 2.9634e+12
4.0650 0.42022486 2.8718e+12
4.0700 0.40625878 2.7764e+12
4.0750 0.39604218 2.7065e+12
4.0800 0.38185201 2.6096e+12
4.0850 0.37351657 2.5526e+12
4.0900 0.36755447 2.5119e+12
4.0950 0.35485585 2.4251e+12
4.1000 0.34287516 2.3432e+12
4.1050 0.33197017 2.2687e+12
4.1100 0.32778260 2.2401e+12
4.1150 0.31709546 2.1670e+12
4.1200 0.30408773 2.0781e+12
4.1250 0.29313397 2.0033e+12
4.1300 0.28427074 1.9427e+12
4.1350 0.27455507 1.8763e+12
4.1400 0.26436871 1.8067e+12
4.1450 0.25498790 1.7426e+12
4.1500 0.24854962 1.6986e+12
4.1550 0.23754229 1.6234e+12
4.1600 0.22805254 1.5585e+12
4.1650 0.22524186 1.5393e+12
4.1700 0.21316412 1.4568e+12
4.1750 0.20706296 1.4151e+12
4.1800 0.19851144 1.3566e+12
4.1850 0.18909050 1.2922e+12
4.1900 0.18099649 1.2369e+12
4.1950 0.17553592 1.1996e+12
4.2000 0.16654225 1.1381e+12
4.2050 0.16460490 1.1249e+12
4.2100 0.15355758 1.0494e+12
4.2150 0.14434875 9.8647e+11
4.2200 0.14003361 9.5698e+11
4.2250 0.13396267 9.1550e+11
4.2300 0.12828223 8.7668e+11
4.2350 0.12272984 8.3873e+11
4.2400 0.11532187 7.8810e+11
4.2450 0.11026439 7.5354e+11
4.2500 0.10867613 7.4269e+11
4.2550 0.10027367 6.8527e+11
4.2600 0.09862885 6.7403e+11
4.2650 0.08936575 6.1072e+11
4.2700 0.08752941 5.9817e+11
4.2750 0.08593999 5.8731e+11
4.2800 0.07831497 5.3520e+11
4.2850 0.07405114 5.0606e+11
4.2900 0.06925123 4.7326e+11
4.2950 0.06423928 4.3901e+11
4.3000 0.06047913 4.1331e+11
4.3050 0.05728850 3.9151e+11
4.3100 0.05551948 3.7942e+11
4.3150 0.05131706 3.5070e+11
4.3200 0.04871650 3.3293e+11
4.3250 0.04507119 3.0801e+11
4.3300 0.04386570 2.9978e+11
4.3350 0.04123300 2.8178e+11
4.3400 0.03741750 2.5571e+11
4.3450 0.03746448 2.5603e+11
4.3500 0.03074344 2.1010e+11
4.3550 0.03161088 2.1603e+11
4.3600 0.02778319 1.8987e+11
4.3650 0.02642386 1.8058e+11
4.3700 0.02537378 1.7340e+11
4.3750 0.02357532 1.6111e+11
4.3800 0.02107180 1.4400e+11
4.3850 0.02363395 1.6151e+11
4.3900 0.01931374 1.3199e+11
4.3950 0.01830261 1.2508e+11
4.4000 0.01575270 1.0765e+11
4.4050 0.01449760 9.9076e+10
4.4100 0.01324605 9.0523e+10
4.4150 0.01373405 9.3858e+10
4.4200 0.01150243 7.8607e+10
4.4250 0.01116547 7.6304e+10
4.4300 0.00960667 6.5652e+10
4.4350 0.00929084 6.3493e+10
4.4400 0.00864061 5.9050e+10
4.4450 0.00784226 5.3594e+10
4.4500 0.00553127 3.7800e+10
4.4550 0.00592555 4.0495e+10
4.4600 0.00649938 4.4416e+10
4.4650 0.00611010 4.1756e+10
4.4700 0.00470930 3.2183e+10
4.4750 0.00360566 2.4641e+10
4.4800 0.00366332 2.5035e+10
4.4850 0.00314583 2.1498e+10
4.4900 0.00367567 2.5119e+10
4.4950 0.00324726 2.2192e+10
4.5000 0.00150047 1.0254e+10
4.5050 0.00228768 1.5634e+10
4.5100 0.00172273 1.1773e+10
4.5150 0.00188319 1.2870e+10
4.5200 0.00096268 6.5789e+09
4.5250 0.00125834 8.5995e+09
4.5300 0.00129315 8.8373e+09
4.5350 0.00120192 8.2139e+09
4.5400 0.00108504 7.4151e+09
4.5450 0.00050597 3.4578e+09
4.5500 0.00090891 6.2115e+09
4.5550 0.00107756 7.3640e+09
4.5600 0.00044225 3.0223e+09
4.5650 0.00019739 1.3490e+09
4.5700 0.00024284 1.6596e+09
4.5750 0.00041339 2.8251e+09
4.5800 0.00056877 3.8870e+09
4.5850 0.00068344 4.6706e+09
4.5900 0.00050212 3.4315e+09
4.5950 0.00078527 5.3665e+09
4.6000 0.00046383 3.1698e+09
4.6050 0.00023732 1.6218e+09
4.6100 0.00024285 1.6597e+09
4.6150 0.00039539 2.7021e+09
4.6200 0.00025429 1.7378e+09
4.6250 0.00026022 1.7783e+09
4.6300 0.00038004 2.5972e+09
4.6350 0.00027252 1.8624e+09
4.6400 0.00027883 1.9055e+09
4.6450 0.00028533 1.9500e+09
4.6500 0.00029199 1.9955e+09
4.6550 0.00029879 2.0419e+09
4.6600 0.00030573 2.0894e+09
4.6650 0.00031286 2.1381e+09
4.6700 0.00032038 2.1895e+09
4.6750 0.00032807 2.2420e+09
4.6800 0.00033576 2.2946e+09
4.6850 0.00034345 2.3471e+09
4.6900 0.00035114 2.3997e+09
4.6950 0.00035933 2.4556e+09
4.7000 0.00036773 2.5130e+09
4.7050 0.00037612 2.5704e+09
4.7100 0.00000000 0.0000e+00
4.7150 0.00000000 0.0000e+00
4.7200 0.00000000 0.0000e+00
4.7250 0.00000000 0.0000e+00
4.7300 0.00000000 0.0000e+00
4.7350 0.00000000 0.0000e+00
4.7400 0.00000000 0.0000e+00
4.7450 0.00000000 0.0000e+00
4.7500 0.00000000 0.0000e+00
4.7550 0.00000000 0.0000e+00
4.7600 0.00000000 0.0000e+00
4.7650 0.00000000 0.0000e+00
4.7700 0.00000000 0.0000e+00
4.7750 0.00000000 0.0000e+00
4.7800 0.00000000 0.0000e+00
4.7850 0.00000000 0.0000e+00
4.7900 0.00000000 0.0000e+00
4.7950 0.00000000 0.0000e+00
4.8000 0.00000000 0.0000e+00
4.8050 0.00000000 0.0000e+00
4.8100 0.00000000 0.0000e+00
4.8150 0.00000000 0.0000e+00
4.8200 0.00000000 0.0000e+00
4.8250 0.00000000 0.0000e+00
4.8300 0.00000000 0.0000e+00
4.8350 0.00000000 0.0000e+00
4.8400 0.00000000 0.0000e+00
4.8450 0.00000000 0.0000e+00
4.8500 0.00000000 0.0000e+00
4.8550 0.00000000 0.0000e+00
4.8600 0.00000000 0.0000e+00
4.8650 0.00000000 0.0000e+00
4.8700 0.00000000 0.0000e+00
4.8750 0.00000000 0.0000e+00
4.8800 0.00000000 0.0000e+00
4.8850 0.00000000 0.0000e+00
4.8900 0.00000000 0.0000e+00
4.8950 0.00000000 0.0000e+00
4.9000 0.00000000 0.0000e+00
4.9050 0.00000000 0.0000e+00
4.9100 0.00000000 0.0000e+00
4.9150 0.00000000 0.0000e+00
4.9200 0.00000000 0.0000e+00
4.9250 0.00000000 0.0000e+00
4.9300 0.00000000 0.0000e+00
4.9350 0.00000000 0.0000e+00
4.9400 0.00000000 0.0000e+00
4.9450 0.00000000 0.0000e+00
4.9500 0.00000000 0.0000e+00
4.9550 0.00000000 0.0000e+00
4.9600 0.00000000 0.0000e+00
4.9650 0.00000000 0.0000e+00
4.9700 0.00000000 0.0000e+00
4.9750 0.00000000 0.0000e+00
4.9800 0.00000000 0.0000e+00
4.9850 0.00000000 0.0000e+00
4.9900 0.00000000 0.0000e+00
4.9950 0.00000000 0.0000e+00
5.0000 0.00000000 0.0000e+00
5.0050 0.00000000 0.0000e+00
5.0100 0.00000000 0.0000e+00
5.0150 0.00000000 0.0000e+00
5.0200 0.00000000 0.0000e+00
5.0250 0.00000000 0.0000e+00
5.0300 0.00000000 0.0000e+00
5.0350 0.00000000 0.0000e+00
5.0400 0.00000000 0.0000e+00
5.0450 0.00000000 0.0000e+00
5.0500 0.00000000 0.0000e+00
5.0550 0.00000000 0.0000e+00
5.0600 0.00000000 0.0000e+00
5.0650 0.00000000 0.0000e+00
5.0700 0.00000000 0.0000e+00
5.0750 0.00000000 0.0000e+00
5.0800 0.00000000 0.0000e+00
5.0850 0.00000000 0.0000e+00
5.0900 0.00000000 0.0000e+00
5.0950 0.00000000 0.0000e+00
5.1000 0.00000000 0.0000e+00
5.1050 0.00000000 0.0000e+00
5.1100 0.00000000 0.0000e+00
5.1150 0.00000000 0.0000e+00
5.1200 0.00000000 0.0000e+00
5.1250 0.00000000 0.0000e+00
5.1300 0.00000000 0.0000e+00
5.1350 0.00000000 0.0000e+00
5.1400 0.00000000 0.0000e+00
5.1450 0.00000000 0.0000e+00
5.1500 0.00000000 0.0000e+00
5.1550 0.00000000 0.0000e+00
5.1600 0.00000000 0.0000e+00
5.1650 0.00000000 0.0000e+00
5.1700 0.00000000 0.0000e+00
5.1750 0.00000000 0.0000e+00
5.1800 0.00000000 0.0000e+00
5.1850 0.00000000 0.0000e+00
5.1900 0.00000000 0.0000e+00
5.1950 0.00000000 0.0000e+00
5.2000 0.00000000 0.0000e+00
5.2050 0.00000000 0.0000e+00
5.2100 0.00000000 0.0000e+00
5.2150 0.00000000 0.0000e+00
5.2200 0.00000000 0.0000e+00
5.2250 0.00000000 0.0000e+00
5.2300 0.00000000 0.0000e+00
5.2350 0.00000000 0.0000e+00
5.2400 0.00000000 0.0000e+00
5.2450 0.00000000 0.0000e+00
5.2500 0.00000000 0.0000e+00
5.2550 0.00000000 0.0000e+00
5.2600 0.00000000 0.0000e+00
5.2650 0.00000000 0.0000e+00
5.2700 0.00000000 0.0000e+00
5.2750 0.00000000 0.0000e+00
5.2800 0.00000000 0.0000e+00
5.2850 0.00000000 0.0000e+00
5.2900 0.00000000 0.0000e+00
5.2950 0.00000000 0.0000e+00
5.3000 0.00000000 0.0000e+00
5.3050 0.00000000 0.0000e+00
5.3100 0.00000000 0.0000e+00
5.3150 0.00000000 0.0000e+00
5.3200 0.00000000 0.0000e+00
5.3250 0.00000000 0.0000e+00
5.3300 0.00000000 0.0000e+00
5.3350 0.00000000 0.0000e+00
5.3400 0.00000000 0.0000e+00
5.3450 0.00000000 0.0000e+00
5.3500 0.00000000 0.0000e+00
5.3550 0.00000000 0.0000e+00
5.3600 0.00000000 0.0000e+00
5.3650 0.00000000 0.0000e+00
5.3700 0.00000000 0.0000e+00
5.3750 0.00000000 0.0000e+00
5.3800 0.00000000 0.0000e+00
5.3850 0.00000000 0.0000e+00
5.3900 0.00000000 0.0000e+00
5.3950 0.00000000 0.0000e+00
5.4000 0.00000000 0.0000e+00
5.4050 0.00000000 0.0000e+00
5.4100 0.00000000 0.0000e+00
5.4150 0.00000000 0.0000e+00
5.4200 0.00000000 0.0000e+00
5.4250 0.00000000 0.0000e+00
5.4300 0.00000000 0.0000e+00
5.4350 0.00000000 0.0000e+00
5.4400 0.00000000 0.0000e+00
5.4450 0.00000000 0.0000e+00
5.4500 0.00000000 0.0000e+00
5.4550 0.00000000 0.0000e+00
5.4600 0.00000000 0.0000e+00
5.4650 0.00000000 0.0000e+00
5.4700 0.00000000 0.0000e+00
5.4750 0.00000000 0.0000e+00
5.4800 0.00000000 0.0000e+00
5.4850 0.00000000 0.0000e+00
5.4900 0.00000000 0.0000e+00
5.4950 0.00000000 0.0000e+00
5.5000 0.00000000 0.0000e+00
5.5050 0.00000000 0.0000e+00
5.5100 0.00000000 0.0000e+00
5.5150 0.00000000 0.0000e+00
5.5200 0.00000000 0.0000e+00
5.5250 0.00000000 0.0000e+00
5.5300 0.00000000 0.0000e+00
5.5350 0.00000000 0.0000e+00
5.5400 0.00000000 0.0000e+00
5.5450 0.00000000 0.0000e+00
5.5500 0.00000000 0.0000e+00
5.5550 0.00000000 0.0000e+00
5.5600 0.00000000 0.0000e+00
5.5650 0.00000000 0.0000e+00
5.5700 0.00000000 0.0000e+00
5.5750 0.00000000 0.0000e+00
5.5800 0.00000000 0.0000e+00
5.5850 0.00000000 0.0000e+00
5.5900 0.00000000 0.0000e+00
5.5950 0.00000000 0.0000e+00
5.6000 0.00000000 0.0000e+00
5.6050 0.00000000 0.0000e+00
5.6100 0.00000000 0.0000e+00
5.6150 0.00000000 0.0000e+00
5.6200 0.00000000 0.0000e+00
5.6250 0.00000000 0.0000e+00
5.6300 0.00000000 0.0000e+00
5.6350 0.00000000 0.0000e+00
5.6400 0.00000000 0.0000e+00
5.6450 0.00000000 0.0000e+00
5.6500 0.00000000 0.0000e+00
5.6550 0.00000000 0.0000e+00
5.6600 0.00000000 0.0000e+00
5.6650 0.00000000 0.0000e+00
5.6700 0.00000000 0.0000e+00
5.6750 0.00000000 0.0000e+00
5.6800 0.00000000 0.0000e+00
5.6850 0.00000000 0.0000e+00
5.6900 0.00000000 0.0000e+00
5.6950 0.00000000 0.0000e+00
5.7000 0.00000000 0.0000e+00
5.7050 0.00000000 0.0000e+00
5.7100 0.00000000 0.0000e+00
5.7150 0.00000000 0.0000e+00
5.7200 0.00000000 0.0000e+00
5.7250 0.00000000 0.0000e+00
5.7300 0.00000000 0.0000e+00
5.7350 0.00000000 0.0000e+00
5.7400 0.00000000 0.0000e+00
5.7450 0.00000000 0.0000e+00
5.7500 0.00000000 0.0000e+00
5.7550 0.00000000 0.0000e+00
5.7600 0.00000000 0.0000e+00
5.7650 0.00000000 0.0000e+00
5.7700 0.00000000 0.0000e+00
5.7750 0.00000000 0.0000e+00
5.7800 0.00000000 0.0000e+00
5.7850 0.00000000 0.0000e+00
5.7900 0.00000000 0.0000e+00
5.7950 0.00000000 0.0000e+00
5.8000 0.00000000 0.0000e+00
5.8050 0.00000000 0.0000e+00
5.8100 0.00000000 0.0000e+00
5.8150 0.00000000 0.0000e+00
5.8200 0.00000000 0.0000e+00
5.8250 0.00000000 0.0000e+00
5.8300 0.00000000 0.0000e+00
5.8350 0.00000000 0.0000e+00
5.8400 0.00000000 0.0000e+00
5.8450 0.00000000 0.0000e+00
5.8500 0.00000000 0.0000e+00
5.8550 0.00000000 0.0000e+00
5.8600 0.00000000 0.0000e+00
5.8650 0.00000000 0.0000e+00
5.8700 0.00000000 0.0000e+00
5.8750 0.00000000 0.0000e+00
5.8800 0.00000000 0.0000e+00
5.8850 0.00000000 0.0000e+00
5.8900 0.00000000 0.0000e+00
5.8950 0.00000000 0.0000e+00
5.9000 0.00000000 0.0000e+00
5.9050 0.00000000 0.0000e+00
5.9100 0.00000000 0.0000e+00
5.9150 0.00000000 0.0000e+00
5.9200 0.00000000 0.0000e+00
5.9250 0.00000000 0.0000e+00
5.9300 0.00000000 0.0000e+00
5.9350 0.00000000 0.0000e+00
5.9400 0.00000000 0.0000e+00
5.9450 0.00000000 0.0000e+00
5.9500 0.00000000 0.0000e+00
5.9550 0.00000000 0.0000e+00
5.9600 0.00000000 0.0000e+00
5.9650 0.00000000 0.0000e+00
5.9700 0.00000000 0.0000e+00
5.9750 0.00000000 0.0000e+00
5.9800 0.00000000 0.0000e+00
5.9850 0.00000000 0.0000e+00
5.9900 0.00000000 0.0000e+00
5.9950 0.00000000 0.0000e+00
6.0000 0.00000000 0.0000e+00
6.0050 0.00000000 0.0000e+00
6.0100 0.00000000 0.0000e+00
6.0150 0.00000000 0.0000e+00
6.0200 0.00000000 0.0000e+00
6.0250 0.00000000 0.0000e+00
6.0300 0.00000000 0.0000e+00
6.0350 0.00000000 0.0000e+00
6.0400 0.00000000 0.0000e+00
6.0450 0.00000000 0.0000e+00
6.0500 0.00000000 0.0000e+00
6.0550 0.00000000 0.0000e+00
6.0600 0.00000000 0.0000e+00
6.0650 0.00000000 0.0000e+00
6.0700 0.00000000 0.0000e+00
6.0750 0.00000000 0.0000e+00
6.0800 0.00000000 0.0000e+00
6.0850 0.00000000 0.0000e+00
6.0900 0.00000000 0.0000e+00
6.0950 0.00000000 0.0000e+00
6.1000 0.00000000 0.0000e+00
6.1050 0.00000000 0.0000e+00
6.1100 0.00000000 0.0000e+00
6.1150 0.00000000 0.0000e+00
6.1200 0.00000000 0.0000e+00
6.1250 0.00000000 0.0000e+00
6.1300 0.00000000 0.0000e+00
6.1350 0.00000000 0.0000e+00
6.1400 0.00000000 0.0000e+00
6.1450 0.00000000 0.0000e+00
6.1500 0.00000000 0.0000e+00
6.1550 0.00000000 0.0000e+00
6.1600 0.00000000 0.0000e+00
6.1650 0.00000000 0.0000e+00
6.1700 0.00000000 0.0000e+00
6.1750 0.00000000 0.0000e+00
6.1800 0.00000000 0.0000e+00
6.1850 0.00000000 0.0000e+00
6.1900 0.00000000 0.0000e+00
6.1950 0.00000000 0.0000e+00
6.2000 0.00000000 0.0000e+00
6.2050 0.00000000 0.0000e+00
6.2100 0.00000000 0.0000e+00
6.2150 0.00000000 0.0000e+00
6.2200 0.00000000 0.0000e+00
6.2250 0.00000000 0.0000e+00
6.2300 0.00000000 0.0000e+00
6.2350 0.00000000 0.0000e+00
6.2400 0.00000000 0.0000e+00
6.2450 0.00000000 0.0000e+00
6.2500 0.00000000 0.0000e+00
6.2550 0.00000000 0.0000e+00
6.2600 0.00000000 0.0000e+00
6.2650 0.00000000 0.0000e+00
6.2700 0.00000000 0.0000e+00
6.2750 0.00000000 0.0000e+00
6.2800 0.00000000 0.0000e+00
6.2850 0.00000000 0.0000e+00
6.2900 0.00000000 0.0000e+00
6.2950 0.00000000 0.0000e+00
6.3000 0.00000000 0.0000e+00
6.3050 0.00000000 0.0000e+00
6.3100 0.00000000 0.0000e+00
6.3150 0.00000000 0.0000e+00
6.3200 0.00000000 0.0000e+00
6.3250 0.00000000 0.0000e+00
6.3300 0.00000000 0.0000e+00
6.3350 0.00000000 0.0000e+00
6.3400 0.00000000 0.0000e+00
6.3450 0.00000000 0.0000e+00
6.3500 0.00000000 0.0000e+00
6.3550 0.00000000 0.0000e+00
6.3600 0.00000000 0.0000e+00
6.3650 0.00000000 0.0000e+00
6.3700 0.00000000 0.0000e+00
6.3750 0.00000000 0.0000e+00
6.3800 0.00000000 0.0000e+00
6.3850 0.00000000 0.0000e+00
6.3900 0.00000000 0.0000e+00
6.3950 0.00000000 0.0000e+00
6.4000 0.00000000 0.0000e+00
6.4050 0.00000000 0.0000e+00
6.4100 0.00000000 0.0000e+00
6.4150 0.00000000 0.0000e+00
6.4200 0.00000000 0.0000e+00
6.4250 0.00000000 0.0000e+00
6.4300 0.00000000 0.0000e+00
6.4350 0.00000000 0.0000e+00
6.4400 0.00000000 0.0000e+00
6.4450 0.00000000 0.0000e+00
6.4500 0.00000000 0.0000e+00
6.4550 0.00000000 0.0000e+00
6.4600 0.00000000 0.0000e+00
6.4650 0.00000000 0.0000e+00
6.4700 0.00000000 0.0000e+00
6.4750 0.00000000 0.0000e+00
6.4800 0.00000000 0.0000e+00
6.4850 0.00000000 0.0000e+00
6.4900 0.00000000 0.0000e+00
6.4950 0.00000000 0.0000e+00
6.5000 0.00000000 0.0000e+00
6.5050 0.00000000 0.0000e+00
6.5100 0.00000000 0.0000e+00
6.5150 0.00000000 0.0000e+00
6.5200 0.00000000 0.0000e+00
6.5250 0.00000000 0.0000e+00
6.5300 0.00000000 0.0000e+00
6.5350 0.00000000 0.0000e+00
6.5400 0.00000000 0.0000e+00
6.5450 0.00000000 0.0000e+00
6.5500 0.00000000 0.0000e+00
6.5550 0.00000000 0.0000e+00
6.5600 0.00000000 0.0000e+00
6.5650 0.00000000 0.0000e+00
6.5700 0.00000000 0.0000e+00
6.5750 0.00000000 0.0000e+00
6.5800 0.00000000 0.0000e+00
6.5850 0.00000000 0.0000e+00
6.5900 0.00000000 0.0000e+00
6.5950 0.00000000 0.0000e+00
6.6000 0.00000000 0.0000e+00
6.6050 0.00000000 0.0000e+00
6.6100 0.00000000 0.0000e+00
6.6150 0.00000000 0.0000e+00
6.6200 0.00000000 0.0000e+00
6.6250 0.00000000 0.0000e+00
6.6300 0.00000000 0.0000e+00
6.6350 0.00000000 0.0000e+00
6.6400 0.00000000 0.0000e+00
6.6450 0.00000000 0.0000e+00
6.6500 0.00000000 0.0000e+00
6.6550 0.00000000 0.0000e+00
6.6600 0.00000000 0.0000e+00
6.6650 0.00000000 0.0000e+00
6.6700 0.00000000 0.0000e+00
6.6750 0.00000000 0.0000e+00
6.6800 0.00000000 0.0000e+00
6.6850 0.00000000 0.0000e+00
6.6900 0.00000000 0.0000e+00
6.6950 0.00000000 0.0000e+00
6.7000 0.00000000 0.0000e+00
6.7050 0.00000000 0.0000e+00
6.7100 0.00000000 0.0000e+00
6.7150 0.00000000 0.0000e+00
6.7200 0.00000000 0.0000e+00
6.7250 0.00000000 0.0000e+00
6.7300 0.00000000 0.0000e+00
6.7350 0.00000000 0.0000e+00
6.7400 0.00000000 0.0000e+00
6.7450 0.00000000 0.0000e+00
6.7500 0.00000000 0.0000e+00
6.7550 0.00000000 0.0000e+00
6.7600 0.00000000 0.0000e+00
6.7650 0.00000000 0.0000e+00
6.7700 0.00000000 0.0000e+00
6.7750 0.00000000 0.0000e+00
6.7800 0.00000000 0.0000e+00
6.7850 0.00000000 0.0000e+00
6.7900 0.00000000 0.0000e+00
6.7950 0.00000000 0.0000e+00
6.8000 0.00000000 0.0000e+00
6.8050 0.00000000 0.0000e+00
6.8100 0.00000000 0.0000e+00
6.8150 0.00000000 0.0000e+00
6.8200 0.00000000 0.0000e+00
6.8250 0.00000000 0.0000e+00
6.8300 0.00000000 0.0000e+00
6.8350 0.00000000 0.0000e+00
6.8400 0.00000000 0.0000e+00
6.8450 0.00000000 0.0000e+00
6.8500 0.00000000 0.0000e+00
6.8550 0.00000000 0.0000e+00
6.8600 0.00000000 0.0000e+00
6.8650 0.00000000 0.0000e+00
6.8700 0.00000000 0.0000e+00
6.8750 0.00000000 0.0000e+00
6.8800 0.00000000 0.0000e+00
6.8850 0.00000000 0.0000e+00
6.8900 0.00000000 0.0000e+00
6.8950 0.00000000 0.0000e+00
6.9000 0.00000000 0.0000e+00
6.9050 0.00000000 0.0000e+00
6.9100 0.00000000 0.0000e+00
6.9150 0.00000000 0.0000e+00
6.9200 0.00000000 0.0000e+00
6.9250 0.00000000 0.0000e+00
6.9300 0.00000000 0.0000e+00
6.9350 0.00000000 0.0000e+00
6.9400 0.00000000 0.0000e+00
6.9450 0.00000000 0.0000e+00
6.9500 0.00000000 0.0000e+00
6.9550 0.00000000 0.0000e+00
6.9600 0.00000000 0.0000e+00
6.9650 0.00000000 0.0000e+00
6.9700 0.00000000 0.0000e+00
6.9750 0.00000000 0.0000e+00
6.9800 0.00000000 0.0000e+00
6.9850 0.00000000 0.0000e+00
6.9900 0.00000000 0.0000e+00
6.9950 0.00000000 0.0000e+00
7.0000 0.00000000 0.0000e+00
7.0050 0.00000000 0.0000e+00
7.0100 0.00000000 0.0000e+00
7.0150 0.00000000 0.0000e+00
7.0200 0.00000000 0.0000e+00
7.0250 0.00000000 0.0000e+00
7.0300 0.00000000 0.0000e+00
7.0350 0.00000000 0.0000e+00
7.0400 0.00000000 0.0000e+00
7.0450 0.00000000 0.0000e+00
7.0500 0.00000000 0.0000e+00
7.0550 0.00000000 0.0000e+00
7.0600 0.00000000 0.0000e+00
7.0650 0.00000000 0.0000e+00
7.0700 0.00000000 0.0000e+00
7.0750 0.00000000 0.0000e+00
7.0800 0.00000000 0.0000e+00
7.0850 0.00000000 0.0000e+00
7.0900 0.00000000 0.0000e+00
7.0950 0.00000000 0.0000e+00
7.1000 0.00000000 0.0000e+00
7.1050 0.00000000 0.0000e+00
7.1100 0.00000000 0.0000e+00
7.1150 0.00000000 0.0000e+00
7.1200 0.00000000 0.0000e+00
7.1250 0.00000000 0.0000e+00
7.1300 0.00000000 0.0000e+00
7.1350 0.00000000 0.0000e+00
7.1400 0.00000000 0.0000e+00
7.1450 0.00000000 0.0000e+00
7.1500 0.00000000 0.0000e+00
7.1550 0.00000000 0.0000e+00
7.1600 0.00000000 0.0000e+00
7.1650 0.00000000 0.0000e+00
7.1700 0.00000000 0.0000e+00
7.1750 0.00000000 0.0000e+00
7.1800 0.00000000 0.0000e+00
7.1850 0.00000000 0.0000e+00
7.1900 0.00000000 0.0000e+00
7.1950 0.00000000 0.0000e+00
7.2000 0.00000000 0.0000e+00
7.2050 0.00000000 0.0000e+00
7.2100 0.00000000 0.0000e+00
7.2150 0.00000000 0.0000e+00
7.2200 0.00000000 0.0000e+00
7.2250 0.00000000 0.0000e+00
7.2300 0.00000000 0.0000e+00
7.2350 0.00000000 0.0000e+00
7.2400 0.00000000 0.0000e+00
7.2450 0.00000000 0.0000e+00
7.2500 0.00000000 0.0000e+00
7.2550 0.00000000 0.0000e+00
7.2600 0.00000000 0.0000e+00
7.2650 0.00000000 0.0000e+00
7.2700 0.00000000 0.0000e+00
7.2750 0.00000000 0.0000e+00
7.2800 0.00000000 0.0000e+00
7.2850 0.00000000 0.0000e+00
7.2900 0.00000000 0.0000e+00
7.2950 0.00000000 0.0000e+00
7.3000 0.00000000 0.0000e+00
7.3050 0.00000000 0.0000e+00
7.3100 0.00000000 0.0000e+00
7.3150 0.00000000 0.0000e+00
7.3200 0.00000000 0.0000e+00
7.3250 0.00000000 0.0000e+00
7.3300 0.00000000 0.0000e+00
7.3350 0.00000000 0.0000e+00
7.3400 0.00000000 0.0000e+00
7.3450 0.00000000 0.0000e+00
7.3500 0.00000000 0.0000e+00
7.3550 0.00000000 0.0000e+00
7.3600 0.00000000 0.0000e+00
7.3650 0.00000000 0.0000e+00
7.3700 0.00000000 0.0000e+00
7.3750 0.00000000 0.0000e+00
7.3800 0.00000000 0.0000e+00
7.3850 0.00000000 0.0000e+00
7.3900 0.00000000 0.0000e+00
7.3950 0.00000000 0.0000e+00
7.4000 0.00000000 0.0000e+00
7.4050 0.00000000 0.0000e+00
7.4100 0.00000000 0.0000e+00
7.4150 0.00000000 0.0000e+00
7.4200 0.00000000 0.0000e+00
7.4250 0.00000000 0.0000e+00
7.4300 0.00000000 0.0000e+00
7.4350 0.00000000 0.0000e+00
7.4400 0.00000000 0.0000e+00
7.4450 0.00000000 0.0000e+00
7.4500 0.00000000 0.0000e+00
7.4550 0.00000000 0.0000e+00
7.4600 0.00000000 0.0000e+00
7.4650 0.00000000 0.0000e+00
7.4700 0.00000000 0.0000e+00
7.4750 0.00000000 0.0000e+00
7.4800 0.00000000 0.0000e+00
7.4850 0.00000000 0.0000e+00
7.4900 0.00000000 0.0000e+00
7.4950 0.00000000 0.0000e+00
7.5000 0.00000000 0.0000e+00
7.5050 0.00000000 0.0000e+00
7.5100 0.00000000 0.0000e+00
7.5150 0.00000000 0.0000e+00
7.5200 0.00000000 0.0000e+00
7.5250 0.00000000 0.0000e+00
7.5300 0.00000000 0.0000e+00
7.5350 0.00000000 0.0000e+00
7.5400 0.00000000 0.0000e+00
7.5450 0.00000000 0.0000e+00
7.5500 0.00000000 0.0000e+00
7.5550 0.00000000 0.0000e+00
7.5600 0.00000000 0.0000e+00
7.5650 0.00000000 0.0000e+00
7.5700 0.00000000 0.0000e+00
7.5750 0.00000000 0.0000e+00
7.5800 0.00000000 0.0000e+00
7.5850 0.00000000 0.0000e+00
7.5900 0.00000000 0.0000e+00
7.5950 0.00000000 0.0000e+00
7.6000 0.00000000 0.0000e+00
7.6050 0.00000000 0.0000e+00
7.6100 0.00000000 0.0000e+00
7.6150 0.00000000 0.0000e+00
7.6200 0.00000000 0.0000e+00
7.6250 0.00000000 0.0000e+00
7.6300 0.00000000 0.0000e+00
7.6350 0.00000000 0.0000e+00
7.6400 0.00000000 0.0000e+00
7.6450 0.00000000 0.0000e+00
7.6500 0.00000000 0.0000e+00
7.6550 0.00000000 0.0000e+00
7.6600 0.00000000 0.0000e+00
7.6650 0.00000000 0.0000e+00
7.6700 0.00000000 0.0000e+00
7.6750 0.00000000 0.0000e+00
7.6800 0.00000000 0.0000e+00
7.6850 0.00000000 0.0000e+00
7.6900 0.00000000 0.0000e+00
7.6950 0.00000000 0.0000e+00
7.7000 0.00000000 0.0000e+00
7.7050 0.00000000 0.0000e+00
7.7100 0.00000000 0.0000e+00
7.7150 0.00000000 0.0000e+00
7.7200 0.00000000 0.0000e+00
7.7250 0.00000000 0.0000e+00
7.7300 0.00000000 0.0000e+00
7.7350 0.00000000 0.0000e+00
7.7400 0.00000000 0.0000e+00
7.7450 0.00000000 0.0000e+00
7.7500 0.00000000 0.0000e+00
7.7550 0.00000000 0.0000e+00
7.7600 0.00000000 0.0000e+00
7.7650 0.00000000 0.0000e+00
7.7700 0.00000000 0.0000e+00
7.7750 0.00000000 0.0000e+00
7.7800 0.00000000 0.0000e+00
7.7850 0.00000000 0.0000e+00
7.7900 0.00000000 0.0000e+00
7.7950 0.00000000 0.0000e+00
7.8000 0.00000000 0.0000e+00
7.8050 0.00000000 0.0000e+00
7.8100 0.00000000 0.0000e+00
7.8150 0.00000000 0.0000e+00
7.8200 0.00000000 0.0000e+00
7.8250 0.00000000 0.0000e+00
7.8300 0.00000000 0.0000e+00
7.8350 0.00000000 0.0000e+00
7.8400 0.00000000 0.0000e+00
7.8450 0.00000000 0.0000e+00
7.8500 0.00000000 0.0000e+00
7.8550 0.00000000 0.0000e+00
7.8600 0.00000000 0.0000e+00
7.8650 0.00000000 0.0000e+00
7.8700 0.00000000 0.0000e+00
7.8750 0.00000000 0.0000e+00
7.8800 0.00000000 0.0000e+00
7.8850 0.00000000 0.0000e+00
7.8900 0.00000000 0.0000e+00
7.8950 0.00000000 0.0000e+00
7.9000 0.00000000 0.0000e+00
7.9050 0.00000000 0.0000e+00
7.9100 0.00000000 0.0000e+00
7.9150 0.00000000 0.0000e+00
7.9200 0.00000000 0.0000e+00
7.9250 0.00000000 0.0000e+00
7.9300 0.00000000 0.0000e+00
7.9350 0.00000000 0.0000e+00
7.9400 0.00000000 0.0000e+00
7.9450 0.00000000 0.0000e+00
7.9500 0.00000000 0.0000e+00
7.9550 0.00000000 0.0000e+00
7.9600 0.00000000 0.0000e+00
7.9650 0.00000000 0.0000e+00
7.9700 0.00000000 0.0000e+00
7.9750 0.00000000 0.0000e+00
7.9800 0.00000000 0.0000e+00
7.9850 0.00000000 0.0000e+00
7.9900 0.00000000 0.0000e+00
7.9950 0.00000000 0.0000e+00
8.0000 0.00000000 0.0000e+00
